"name","dem","rep","other","totalvotes","remainingvote"
"ED 1",1723,2322,206,4251,"44%"
"ED 10",863,3835,188,4886,"53%"
"ED 11",1289,3740,167,5196,"53%"
"ED 12",482,1773,54,2309,"79%"
"ED 13",752,2299,178,3229,"57%"
"ED 14",882,2984,184,4050,"66%"
"ED 15",879,1207,103,2189,"62%"
"ED 16",1196,1721,140,3057,"64%"
"ED 17",1192,1197,108,2497,"68%"
"ED 18",1576,1293,97,2966,"65%"
"ED 19",1332,1236,115,2683,"51%"
"ED 2",782,1424,138,2344,"63%"
"ED 20",1697,1242,111,3050,"63%"
"ED 21",1565,1657,142,3364,"66%"
"ED 22",1776,3079,146,5001,"48%"
"ED 23",1661,2388,153,4202,"47%"
"ED 24",1831,3454,157,5442,"49%"
"ED 25",1812,2889,165,4866,"48%"
"ED 26",1724,3301,163,5188,"49%"
"ED 27",1807,2800,198,4805,"52%"
"ED 28",2150,3306,154,5610,"57%"
"ED 29",295,1511,59,1865,"83%"
"ED 3",811,3664,222,4697,"46%"
"ED 30",245,1334,58,1637,"84%"
"ED 31",616,2123,117,2856,"76%"
"ED 32",233,448,30,711,"92%"
"ED 33",2828,1607,160,4595,"60%"
"ED 34",2480,2668,212,5360,"51%"
"ED 35",398,787,31,1216,"88%"
"ED 36",1344,2731,188,4263,"55%"
"ED 37",83,80,10,173,"97%"
"ED 38",118,117,14,249,"96%"
"ED 39",594,363,56,1013,"84%"
"ED 4",2243,1718,173,4134,"62%"
"ED 40",45,25,12,82,"98%"
"ED 5",1645,2042,147,3834,"58%"
"ED 6",942,2711,206,3859,"60%"
"ED 7",950,4239,188,5377,"44%"
"ED 8",512,2271,83,2866,"69%"
"ED 9",405,1413,95,1913,"81%"
"Autauga",7450,19764,425,27639,"0%"
"Baldwin",24344,83055,1546,108945,"0%"
"Barbour",4772,5605,80,10457,"0%"
"Bibb",1982,7508,83,9573,"0%"
"Blount",2627,24595,237,27459,"0%"
"Bullock",3439,1143,21,4603,"0%"
"Butler",3953,5448,65,9466,"0%"
"Calhoun",15118,34964,661,50743,"0%"
"Chambers",6356,8748,165,15269,"0%"
"Cherokee",1619,10562,94,12275,"0%"
"Chilton",3056,16052,152,19260,"2%"
"Choctaw",3126,4294,41,7461,"0%"
"Clarke",5730,7310,62,13102,"0%"
"Clay",1262,5589,62,6913,"0%"
"Cleburne",672,6472,66,7210,"0%"
"Coffee",5050,16832,298,22180,"0%"
"Colbert",7057,17311,300,24668,"0%"
"Conecuh",2951,3435,33,6419,"0%"
"Coosa",1794,3626,52,5472,"0%"
"Covington",2717,14579,122,17418,"0%"
"Crenshaw",1700,4864,53,6617,"0%"
"Cullman",4454,36804,493,41751,"0%"
"Dale",5154,14281,264,19699,"0%"
"Dallas",12228,5523,110,17861,"6%"
"DeKalb",4271,24744,307,29322,"0%"
"Elmore",10304,30089,498,40891,"0%"
"Escambia",4894,10844,123,15861,"0%"
"Etowah",11487,35343,630,47460,"0%"
"Fayette",1390,7295,71,8756,"0%"
"Franklin",2085,10364,115,12564,"0%"
"Geneva",1592,10844,102,12538,"0%"
"Greene",4329,850,0,5179,"0%"
"Hale",4687,3190,45,7922,"0%"
"Henry",2589,6593,84,9266,"0%"
"Houston",12738,32384,628,45750,"0%"
"Jackson",3709,19644,249,23602,"0%"
"Jefferson",180936,138443,5296,324675,"0%"
"Lamar",978,6168,41,7187,"0%"
"Lauderdale",11872,31578,699,44149,"0%"
"Lawrence",3544,12266,147,15957,"0%"
"Lee",27600,42019,1361,70980,"0%"
"Limestone",13510,34337,907,48754,"1%"
"Lowndes",4968,1835,27,6830,"0%"
"Macon",7084,1539,74,8697,"0%"
"Madison",86885,102395,4675,193955,"1%"
"Marengo",5476,5337,69,10882,"0%"
"Marion",1457,12190,139,13786,"0%"
"Marshall",5880,33094,518,39492,"0%"
"Mobile",78754,100605,2424,181783,"7%"
"Monroe",4425,6129,66,10620,"0%"
"Montgomery",64065,33122,1289,98476,"0%"
"Morgan",13159,39504,819,53482,"1%"
"Perry",3849,1336,30,5215,"0%"
"Pickens",4017,5590,52,9659,"0%"
"Pike",5613,8020,163,13796,"0%"
"Randolph",2203,8548,73,10824,"0%"
"Russell",11078,9796,234,21108,"0%"
"Shelby",33036,79428,1975,114439,"0%"
"St. Clair",7698,36119,529,44346,"0%"
"Sumter",4639,1598,45,6282,"0%"
"Talladega",13092,22210,289,35591,"0%"
"Tallapoosa",5815,14905,168,20888,"0%"
"Tuscaloosa",28560,47367,1149,77076,"17%"
"Walker",4826,25947,333,31106,"1%"
"Washington",2253,6554,54,8861,"0%"
"Wilcox",4036,1826,22,5884,"1%"
"Winston",974,10187,112,11273,"0%"
"Arkansas",1813,4301,170,6284,"6%"
"Ashley",2119,5540,252,7911,"0%"
"Baxter",4625,15810,533,20968,"5%"
"Benton",41894,76605,3667,122166,"0%"
"Boone",3061,13644,398,17103,"0%"
"Bradley",1208,2332,104,3644,"3%"
"Calhoun",467,1609,67,2143,"8%"
"Carroll",3941,7352,346,11639,"0%"
"Chicot",2252,1750,91,4093,"16%"
"Clark",3413,4605,340,8358,"0%"
"Clay",959,4084,135,5178,"3%"
"Cleburne",1962,10292,363,12617,"0%"
"Cleveland",649,2857,82,3588,"0%"
"Columbia",2781,5469,300,8550,"0%"
"Conway",2593,5672,376,8641,"0%"
"Craighead",11854,25482,1028,38364,"0%"
"Crawford",4936,18566,523,24025,"4%"
"Crittenden",8325,7244,517,16086,"14%"
"Cross",1759,4928,224,6911,"3%"
"Dallas",963,1573,113,2649,"23%"
"Desha",2016,1920,227,4163,"16%"
"Drew",2408,4338,133,6879,"0%"
"Faulkner",18267,34338,1659,54264,"0%"
"Franklin",1298,5664,151,7113,"0%"
"Fulton",1031,3944,123,5098,"0%"
"Garland",13944,28940,1077,43961,"4%"
"Grant",1268,6791,138,8197,"0%"
"Greene",3045,12651,370,16066,"2%"
"Hempstead",2842,6441,310,9593,"0%"
"Hot Spring",3053,9178,272,12503,"7%"
"Howard",1333,3358,127,4818,"0%"
"Independence",2798,11232,456,14486,"0%"
"Izard",1019,4615,158,5792,"0%"
"Jackson",1360,3583,133,5076,"0%"
"Jefferson",14882,9500,648,25030,"18%"
"Johnson",2262,6867,273,9402,"0%"
"Lafayette",820,1730,83,2633,"20%"
"Lawrence",1080,4569,208,5857,"0%"
"Lee",1423,1286,139,2848,"26%"
"Lincoln",1031,2725,114,3870,"0%"
"Little River",1226,3714,238,5178,"0%"
"Logan",1544,6438,240,8222,"0%"
"Lonoke",6684,22884,1092,30660,"0%"
"Madison",1555,5630,130,7315,"0%"
"Marion",1526,5767,188,7481,"0%"
"Miller",4235,11907,364,16506,"8%"
"Mississippi",4542,7262,483,12287,"11%"
"Monroe",1146,1545,124,2815,"22%"
"Montgomery",722,3021,96,3839,"0%"
"Nevada",1076,2133,149,3358,"0%"
"Newton",709,3192,97,3998,"0%"
"Ouachita",3395,5253,345,8993,"22%"
"Perry",1005,3466,136,4607,"0%"
"Phillips",3561,2393,201,6155,"0%"
"Pike",643,3514,83,4240,"0%"
"Poinsett",1388,5852,178,7418,"7%"
"Polk",1242,7018,208,8468,"0%"
"Pope",5747,18041,579,24367,"4%"
"Prairie",646,2764,55,3465,"2%"
"Pulaski",98855,62389,4224,165468,"8%"
"Randolph",1203,5327,239,6769,"0%"
"Saint Francis",3571,3221,262,7054,"25%"
"Saline",16042,39519,1342,56903,"0%"
"Scott",364,1790,65,2219,"41%"
"Searcy",587,3365,66,4018,"0%"
"Sebastian",14371,31024,1443,46838,"6%"
"Sevier",1116,3884,202,5202,"0%"
"Sharp",1392,5923,229,7544,"0%"
"Stone",1173,4605,141,5919,"0%"
"Union",5559,10446,543,16548,"7%"
"Van Buren",1566,5962,176,7704,"0%"
"Washington",43327,47229,2911,93467,"0%"
"White",5909,24057,723,30689,"2%"
"Woodruff",849,1543,77,2469,"11%"
"Yell",1275,5205,231,6711,"0%"
"Apache",13979,6715,236,20930,"25%"
"Cochise",18740,26443,890,46073,"18%"
"Coconino",38710,21684,1166,61560,"18%"
"Gila",8398,16753,348,25499,"15%"
"Graham",4034,10747,245,15026,"14%"
"Greenlee",1182,2433,77,3692,"8%"
"La Paz",2050,4542,85,6677,"11%"
"Maricopa",912585,838071,24409,1775065,"14%"
"Mohave",22980,69830,1236,94046,"18%"
"Navajo",21838,25132,754,47724,"15%"
"Pima",278652,179059,7354,465065,"9%"
"Pinal",60094,79120,2316,141530,"13%"
"Santa Cruz",12321,5589,227,18137,"18%"
"Yavapai",47164,84386,2024,133574,"0%"
"Yuma",28297,32614,920,61831,"21%"
"Alameda",300278,59832,7299,367409,"51%"
"Alpine",473,238,25,736,"0%"
"Amador",8011,13427,629,22067,"0%"
"Butte",44455,41182,2204,87841,"19%"
"Calaveras",8804,13275,427,22506,"15%"
"Colusa",2178,2895,97,5170,"0%"
"Contra Costa",265942,86253,6037,358232,"33%"
"Del Norte",3991,4925,221,9137,"16%"
"El Dorado",42694,43630,1778,88102,"17%"
"Fresno",147683,123941,4963,276587,"14%"
"Glenn",2565,4390,140,7095,"34%"
"Humboldt",28123,12208,1305,41636,"39%"
"Imperial",25109,10300,675,36084,"34%"
"Inyo",3443,2776,135,6354,"31%"
"Kern",69278,71254,2954,143486,"48%"
"Kings",15075,19830,789,35694,"8%"
"Lake",6874,3955,209,11038,"60%"
"Lassen",2319,6182,116,8617,"29%"
"Los Angeles",2381146,889402,72382,3342930,"15%"
"Madera",17879,21834,783,40496,"18%"
"Marin",84014,14486,1460,99960,"37%"
"Mariposa",3841,5330,216,9387,"8%"
"Mendocino",18303,6312,556,25171,"41%"
"Merced",33993,25355,1275,60623,"25%"
"Modoc",1063,2675,67,3805,"16%"
"Mono",3807,2364,186,6357,"0%"
"Monterey",84211,30854,2264,117329,"23%"
"Napa",32228,11368,787,44383,"37%"
"Nevada",17861,11697,530,30088,"52%"
"Orange",692344,567735,23252,1283331,"6%"
"Placer",81572,74784,2951,159307,"24%"
"Plumas",4465,6247,238,10950,"4%"
"Riverside",237831,187724,6858,432413,"50%"
"Sacramento",219638,112260,6739,338637,"0%"
"San Benito",14153,8155,447,22755,"9%"
"San Bernardino",273865,202171,9482,485518,"35%"
"San Diego",763255,447345,24264,1234864,"17%"
"San Francisco",301444,41711,6353,349508,"24%"
"San Joaquin",86114,53611,2558,142283,"44%"
"San Luis Obispo",69339,44380,2350,116069,"0%"
"San Mateo",202821,48331,4022,255174,"29%"
"Santa Barbara",103902,47471,3457,154830,"23%"
"Santa Clara",418893,127303,9650,555846,"31%"
"Santa Cruz",100045,22142,2718,124905,"15%"
"Shasta",24891,45912,1383,72186,"21%"
"Sierra",725,1121,58,1904,"9%"
"Siskiyou",8313,10695,407,19415,"17%"
"Solano",112664,57674,3740,174078,"8%"
"Sonoma",153342,40478,3783,197603,"25%"
"Stanislaus",72651,62194,3310,138155,"30%"
"Sutter",12325,14359,516,27200,"29%"
"Tehama",6543,11777,368,18688,"31%"
"Trinity",2383,2513,199,5095,"21%"
"Tulare",46559,53034,2003,101596,"21%"
"Tuolumne",11808,17302,710,29820,"0%"
"Ventura",202000,123161,6078,331239,"17%"
"Yolo",40635,13381,1091,55107,"41%"
"Yuba",7800,10574,446,18820,"28%"
"Adams",132951,94874,6774,234599,"0%"
"Alamosa",3624,3676,219,7519,"8%"
"Arapahoe",209784,124948,8974,343706,"4%"
"Archuleta",3693,5126,211,9030,"0%"
"Baca",313,1840,40,2193,"0%"
"Bent",723,1468,38,2229,"0%"
"Boulder",141146,34479,3621,179246,"19%"
"Broomfield",28871,16188,1238,46297,"0%"
"Chaffee",7112,6180,328,13620,"0%"
"Cheyenne",127,966,12,1105,"9%"
"Clear Creek",3495,2618,177,6290,"8%"
"Conejos",1936,2269,86,4291,"0%"
"Costilla",1279,713,39,2031,"7%"
"Crowley",427,1262,41,1730,"0%"
"Custer",1104,2433,49,3586,"1%"
"Delta",5862,13013,397,19272,"3%"
"Denver",253684,49698,5401,308783,"21%"
"Dolores",332,1080,19,1431,"0%"
"Douglas",102108,116196,5363,223667,"0%"
"Eagle",18095,9685,647,28427,"0%"
"El Paso",153836,191810,12802,358448,"3%"
"Elbert",4395,13722,437,18554,"2%"
"Fremont",7170,17231,657,25058,"3%"
"Garfield",15070,14404,800,30274,"3%"
"Gilpin",2199,1815,129,4143,"0%"
"Grand",4579,4759,268,9606,"5%"
"Gunnison",6976,3599,312,10887,"2%"
"Hinsdale",255,353,24,632,"4%"
"Huerfano",2071,2193,125,4389,"0%"
"Jackson",173,680,20,873,"0%"
"Jefferson",217616,147811,10460,375887,"0%"
"Kiowa",98,795,9,902,"4%"
"Kit Carson",644,3084,64,3792,"7%"
"La Plata",20363,14146,868,35377,"0%"
"Lake",2287,1492,159,3938,"2%"
"Larimer",125765,91197,6691,223653,"2%"
"Las Animas",3465,4255,177,7897,"2%"
"Lincoln",467,2118,45,2630,"2%"
"Logan",2201,7987,223,10411,"9%"
"Mesa",30106,53344,1918,85368,"7%"
"Mineral",317,425,12,754,"0%"
"Moffat",1186,5627,151,6964,"3%"
"Montezuma",5802,9267,352,15421,"0%"
"Montrose",7648,16658,458,24764,"1%"
"Morgan",3741,9407,267,13415,"5%"
"Otero",3552,5696,211,9459,"5%"
"Ouray",2341,1547,72,3960,"0%"
"Park",4786,6864,382,12032,"2%"
"Phillips",477,1945,39,2461,"4%"
"Pitkin",8906,2739,184,11829,"5%"
"Prowers",1438,3977,92,5507,"7%"
"Pueblo",43070,41502,2189,86761,"7%"
"Rio Blanco",557,3047,68,3672,"3%"
"Rio Grande",2488,3645,147,6280,"0%"
"Routt",10523,5883,361,16767,"0%"
"Saguache",1857,1389,91,3337,"0%"
"San Juan",342,202,19,563,"0%"
"San Miguel",3890,1081,86,5057,"1%"
"Sedgwick",297,1120,24,1441,"4%"
"Summit",12535,5275,520,18330,"4%"
"Teller",5224,11158,411,16793,"1%"
"Washington",363,2537,43,2943,"2%"
"Weld",65169,94965,4657,164791,"0%"
"Yuma",763,4037,85,4885,"7%"
"Fairfield",267088,160372,5776,433236,"NA%"
"Hartford",268245,155695,6765,430705,"NA%"
"Litchfield",50068,55600,1778,107446,"NA%"
"Middlesex",56404,40472,1672,98548,"NA%"
"New Haven",215692,150731,4975,371398,"NA%"
"New London",79395,57071,3027,139493,"NA%"
"Tolland",44002,34819,1717,80538,"NA%"
"Windham",26555,29132,1237,56924,"NA%"
"Ward 1",29509,1149,602,31260,"31%"
"Ward 2",24247,2365,647,27259,"27%"
"Ward 3",33584,2972,821,37377,"22%"
"Ward 4",35117,1467,639,37223,"19%"
"Ward 5",36585,1416,777,38778,"13%"
"Ward 6",44699,3360,1335,49394,"15%"
"Ward 7",30253,885,685,31823,"15%"
"Ward 8",24567,835,636,26038,"20%"
"Kent",44517,40976,1464,86957,"1%"
"New Castle",194238,87685,4210,286133,"3%"
"Sussex",56657,71196,1440,129293,"0%"
"Alachua",89527,50891,2366,142784,"0%"
"Baker",2037,11911,134,14082,"0%"
"Bay",25538,65993,1494,93025,"12%"
"Bradford",3160,10334,156,13650,"0%"
"Brevard",148403,207700,5203,361306,"0%"
"Broward",617689,332960,5427,956076,"1%"
"Calhoun",1206,5269,54,6529,"0%"
"Charlotte",42240,73202,1039,116481,"0%"
"Citrus",27049,65230,944,93223,"4%"
"Clay",38161,84326,1844,124331,"4%"
"Collier",77529,128820,1705,208054,"1%"
"Columbia",8900,23819,292,33011,"3%"
"DeSoto",4249,8292,104,12645,"0%"
"Dixie",1364,6757,49,8170,"0%"
"Duval",251952,233316,7850,493118,"0%"
"Escambia",70824,96573,2726,170123,"8%"
"Flagler",28124,42991,658,71773,"0%"
"Franklin",2115,4672,64,6851,"0%"
"Gadsden",16139,7461,183,23783,"0%"
"Gilchrist",1700,7893,87,9680,"0%"
"Glades",1384,3781,36,5201,"0%"
"Gulf",1985,6111,74,8170,"0%"
"Hamilton",1959,3811,62,5832,"0%"
"Hardee",2291,6120,73,8484,"0%"
"Hendry",4925,7898,121,12944,"0%"
"Hernando",37446,70321,1409,109176,"0%"
"Highlands",16861,34787,428,52076,"2%"
"Hillsborough",374714,326158,10231,711103,"0%"
"Holmes",924,8074,74,9072,"0%"
"Indian River",37801,58797,1021,97619,"0%"
"Jackson",6749,15466,200,22415,"0%"
"Jefferson",3893,4474,92,8459,"0%"
"Lafayette",507,3126,24,3657,"0%"
"Lake",83273,125687,2354,211314,"0%"
"Lee",156957,232075,3735,392767,"0%"
"Leon",103364,57384,1902,162650,"13%"
"Levy",6188,16721,230,23139,"2%"
"Liberty",693,2846,23,3562,"0%"
"Madison",3746,5573,57,9376,"0%"
"Manatee",90007,124827,2291,217125,"0%"
"Marion",74802,127744,2031,204577,"0%"
"Martin",36873,61133,881,98887,"0%"
"Miami-Dade",617289,532460,8181,1157930,"4%"
"Monroe",21848,25668,558,48074,"7%"
"Nassau",15542,42502,784,58828,"0%"
"Okaloosa",34165,79633,2687,116485,"5%"
"Okeechobee",4380,11460,124,15964,"0%"
"Orange",394602,245162,8641,648405,"4%"
"Osceola",97157,73373,2251,172781,"0%"
"Palm Beach",432098,333915,6192,772205,"5%"
"Pasco",118767,179343,3228,301338,"0%"
"Pinellas",277191,275949,7528,560668,"7%"
"Polk",144775,194271,4377,343423,"0%"
"Putnam",10512,25496,376,36384,"0%"
"Santa Rosa",27560,77306,1916,106782,"0%"
"Sarasota",119892,148065,2699,270656,"4%"
"Seminole",132213,125035,3748,260996,"6%"
"St. Johns",63808,110886,2248,176942,"1%"
"St. Lucie",84005,86748,1378,172131,"0%"
"Sumter",29326,62753,521,92600,"2%"
"Suwannee",4480,16387,187,21054,"0%"
"Taylor",2288,7725,88,10101,"0%"
"Union",1052,5130,65,6247,"0%"
"Volusia",130395,173544,3639,307578,"3%"
"Wakulla",5346,12868,221,18435,"1%"
"Walton",10333,32924,422,43679,"0%"
"Washington",2344,9869,112,12325,"0%"
"Appling",1769,6517,36,8322,"0%"
"Atkinson",825,2300,30,3155,"0%"
"Bacon",625,4018,25,4668,"0%"
"Baker",652,894,6,1552,"0%"
"Baldwin",9106,8893,206,18205,"0%"
"Banks",926,7774,86,8786,"0%"
"Barrow",10448,26794,758,38000,"0%"
"Bartow",12053,37623,700,50376,"0%"
"Ben Hill",2392,4109,58,6559,"0%"
"Berrien",1268,6409,54,7731,"0%"
"Bibb",43234,26506,883,70623,"0%"
"Bleckley",1311,4326,67,5704,"0%"
"Brantley",697,6974,54,7725,"0%"
"Brooks",2780,4248,49,7077,"0%"
"Bryan",6739,14242,357,21338,"0%"
"Bulloch",11198,18358,454,30010,"0%"
"Burke",5206,5399,75,10680,"0%"
"Butts",3271,8403,112,11786,"0%"
"Calhoun",1259,923,11,2193,"0%"
"Camden",7963,15242,466,23671,"0%"
"Candler",1257,3129,33,4419,"0%"
"Carroll",16212,37444,760,54416,"0%"
"Catoosa",6927,25142,590,32659,"0%"
"Charlton",1100,3419,44,4563,"0%"
"Chatham",66980,47595,1584,116159,"13%"
"Chattahoochee",667,879,43,1589,"0%"
"Chattooga",1852,8058,131,10041,"0%"
"Cherokee",42683,99474,2441,144598,"0%"
"Clarke",35882,14385,831,51098,"0%"
"Clay",788,637,7,1432,"0%"
"Clayton",89030,14950,955,104935,"5%"
"Clinch",744,2104,12,2860,"0%"
"Cobb",221234,164965,6415,392614,"0%"
"Coffee",4463,10532,147,15142,"0%"
"Colquitt",4182,11766,119,16067,"0%"
"Columbia",29175,49952,1327,80454,"0%"
"Cook",2058,4900,76,7034,"0%"
"Coweta",24072,51405,1080,76557,"0%"
"Crawford",1609,4421,59,6089,"0%"
"Crisp",2980,4982,79,8041,"0%"
"Dade",1258,6058,107,7423,"0%"
"Dawson",2486,13393,196,16075,"0%"
"DeKalb",305197,57993,4169,367359,"1%"
"Decatur",4772,6752,89,11613,"0%"
"Dodge",2170,5839,55,8064,"0%"
"Dooly",1908,2155,35,4098,"0%"
"Dougherty",24407,10419,277,35103,"0%"
"Douglas",42587,25301,827,68715,"0%"
"Early",2437,2719,28,5184,"0%"
"Echols",167,1256,18,1441,"0%"
"Effingham",7706,23340,546,31592,"0%"
"Elbert",2858,6212,65,9135,"0%"
"Emanuel",2884,6551,66,9501,"0%"
"Evans",1323,2888,35,4246,"0%"
"Fannin",2571,12144,110,14825,"0%"
"Fayette",31820,36292,928,69040,"0%"
"Floyd",10706,26721,487,37914,"12%"
"Forsyth",39855,82983,1856,124694,"3%"
"Franklin",1593,9066,124,10783,"0%"
"Fulton",368864,133586,5939,508389,"1%"
"Gilmer",2905,13382,163,16450,"0%"
"Glascock",155,1403,8,1566,"0%"
"Glynn",15857,25581,488,41926,"0%"
"Gordon",4382,19385,244,24011,"0%"
"Grady",3608,7027,54,10689,"0%"
"Greene",4080,7063,94,11237,"0%"
"Gwinnett",236336,163937,5408,405681,"1%"
"Habersham",3559,16616,232,20407,"0%"
"Hall",25002,64105,1317,90424,"0%"
"Hancock",2982,1159,21,4162,"0%"
"Haralson",1792,12326,148,14266,"0%"
"Harris",5450,14305,263,20018,"0%"
"Hart",3155,9460,106,12721,"0%"
"Heard",823,4515,56,5394,"0%"
"Henry",73118,48136,1275,122529,"0%"
"Houston",32149,41468,1177,74794,"0%"
"Irwin",1007,3128,29,4164,"0%"
"Jackson",7641,29491,531,37663,"0%"
"Jasper",1759,5809,61,7629,"0%"
"Jeff Davis",1028,4695,51,5774,"0%"
"Jefferson",4053,3534,54,7641,"0%"
"Jenkins",1265,2158,28,3451,"0%"
"Johnson",1222,2850,28,4100,"0%"
"Jones",4884,9960,112,14956,"0%"
"Lamar",2612,6322,111,9045,"0%"
"Lanier",1019,2509,48,3576,"0%"
"Laurens",7875,14351,162,22388,"0%"
"Lee",4556,11998,148,16702,"0%"
"Liberty",13051,7944,331,21326,"0%"
"Lincoln",1432,3175,36,4643,"0%"
"Long",2015,3508,94,5617,"0%"
"Lowndes",19832,25520,538,45890,"0%"
"Lumpkin",3122,12160,242,15524,"0%"
"Macon",2857,1783,22,4662,"0%"
"Madison",3364,11146,196,14706,"0%"
"Marion",1311,2275,38,3624,"0%"
"McDuffie",4168,6165,118,10451,"0%"
"McIntosh",2611,4016,72,6699,"0%"
"Meriwether",4281,6522,66,10869,"0%"
"Miller",747,2063,20,2830,"0%"
"Mitchell",3990,4933,33,8956,"0%"
"Monroe",4382,11053,148,15583,"0%"
"Montgomery",976,2959,27,3962,"0%"
"Morgan",3349,8218,122,11689,"0%"
"Murray",2300,12938,144,15382,"0%"
"Muscogee",49201,29949,1066,80216,"0%"
"Newton",29754,23847,576,54177,"0%"
"Oconee",8156,16590,411,25157,"0%"
"Oglethorpe",2435,5591,100,8126,"0%"
"Paulding",29658,54460,1155,85273,"0%"
"Peach",5910,6491,123,12524,"0%"
"Pickens",2806,14074,233,17113,"0%"
"Pierce",1099,7899,49,9047,"0%"
"Pike",1503,9124,88,10715,"0%"
"Polk",3650,13576,149,17375,"0%"
"Pulaski",1217,2805,37,4059,"0%"
"Putnam",3340,8207,109,11656,"0%"
"Quitman",497,604,5,1106,"0%"
"Rabun",1984,7472,129,9585,"0%"
"Randolph",1668,1391,12,3071,"0%"
"Richmond",58776,26707,1101,86584,"0%"
"Rockdale",30396,12782,408,43586,"0%"
"Schley",462,1799,13,2274,"0%"
"Screven",2661,3915,65,6641,"0%"
"Seminole",1251,2607,19,3877,"0%"
"Spalding",11356,17337,303,28996,"0%"
"Stephens",2385,9359,131,11875,"0%"
"Stewart",1175,796,7,1978,"0%"
"Sumter",6318,5732,100,12150,"0%"
"Talbot",2113,1390,16,3519,"0%"
"Taliaferro",560,360,7,927,"0%"
"Tattnall",2059,6048,68,8175,"0%"
"Taylor",1192,2309,34,3535,"11%"
"Telfair",1480,2822,21,4323,"0%"
"Terrell",2375,2003,37,4415,"0%"
"Thomas",8690,12950,191,21831,"0%"
"Tift",5306,10775,176,16257,"0%"
"Toombs",2935,7865,103,10903,"0%"
"Towns",1549,6374,45,7968,"0%"
"Treutlen",952,2101,24,3077,"0%"
"Troup",11542,18097,328,29967,"0%"
"Turner",1410,2349,33,3792,"0%"
"Twiggs",2040,2368,30,4438,"0%"
"Union",2801,12638,140,15579,"0%"
"Upson",4201,8602,96,12899,"0%"
"Walker",5764,23166,493,29423,"0%"
"Walton",12609,37590,560,50759,"0%"
"Ware",4223,9909,116,14248,"0%"
"Warren",1488,1177,16,2681,"0%"
"Washington",4721,4658,69,9448,"0%"
"Wayne",2678,9964,116,12758,"0%"
"Webster",639,748,3,1390,"0%"
"Wheeler",686,1582,15,2283,"0%"
"White",2383,12133,181,14697,"0%"
"Whitfield",10649,25591,440,36680,"0%"
"Wilcox",862,2403,16,3281,"0%"
"Wilkes",2155,2820,47,5022,"0%"
"Wilkinson",2075,2664,31,4770,"0%"
"Worth",2395,6826,60,9281,"0%"
"Hawaii",58683,26851,2182,87716,"0%"
"Honolulu",238601,136061,6965,381627,"0%"
"Kauai",21217,11579,690,33486,"0%"
"Maui",47301,22111,1613,71025,"0%"
"Adair",1197,2917,69,4183,"0%"
"Adams",590,1528,40,2158,"0%"
"Allamakee",2575,4733,151,7459,"0%"
"Appanoose",1889,4508,103,6500,"0%"
"Audubon",1071,2292,50,3413,"4%"
"Benton",5156,9179,292,14627,"1%"
"Black Hawk",35621,29623,1305,66549,"14%"
"Boone",6293,8676,308,15277,"0%"
"Bremer",5954,8287,293,14534,"7%"
"Buchanan",4167,6418,174,10759,"3%"
"Buena Vista",2919,5004,149,8072,"8%"
"Butler",2423,5540,118,8081,"0%"
"Calhoun",1469,3687,90,5246,"4%"
"Carroll",3444,7720,113,11277,"0%"
"Cass",2201,4968,96,7265,"0%"
"Cedar",4336,6161,205,10702,"0%"
"Cerro Gordo",10941,12435,418,23794,"5%"
"Cherokee",1934,4489,72,6495,"3%"
"Chickasaw",2230,4299,76,6605,"0%"
"Clarke",1466,3140,60,4666,"0%"
"Clay",2653,6126,149,8928,"2%"
"Clayton",3339,6105,145,9589,"0%"
"Clinton",10806,13349,465,24620,"6%"
"Crawford",2211,4842,72,7125,"1%"
"Dallas",26771,27882,1150,55803,"0%"
"Davis",1013,3030,54,4097,"0%"
"Decatur",1117,2613,68,3798,"0%"
"Delaware",3152,6653,158,9963,"0%"
"Des Moines",8887,10589,421,19897,"7%"
"Dickinson",3660,7432,131,11223,"7%"
"Dubuque",25601,27153,1045,53799,"9%"
"Emmet",1515,3254,65,4834,"3%"
"Fayette",3833,6139,204,10176,"0%"
"Floyd",3168,4730,128,8026,"7%"
"Franklin",1614,3408,71,5093,"4%"
"Fremont",1078,2711,66,3855,"0%"
"Greene",1768,3221,65,5054,"0%"
"Grundy",2194,4911,140,7245,"0%"
"Guthrie",1985,4272,112,6369,"0%"
"Hamilton",2842,4956,718,8516,"0%"
"Hancock",1682,4386,96,6164,"1%"
"Hardin",2971,5842,149,8962,"4%"
"Harrison",2439,5563,135,8137,"0%"
"Henry",3264,6483,182,9929,"2%"
"Howard",1772,3126,53,4951,"0%"
"Humboldt",1439,3812,60,5311,"2%"
"Ida",917,2876,52,3845,"0%"
"Iowa",3532,5984,186,9702,"0%"
"Jackson",4024,6937,149,11110,"0%"
"Jasper",7813,12480,360,20653,"0%"
"Jefferson",4314,4442,196,8952,"9%"
"Johnson",59108,22907,1466,83481,"6%"
"Jones",4211,6569,179,10959,"0%"
"Keokuk",1409,3785,79,5273,"0%"
"Kossuth",2681,6244,105,9030,"2%"
"Lee",6539,9763,419,16721,"14%"
"Linn",70451,53098,3167,126716,"7%"
"Louisa",1726,3498,99,5323,"0%"
"Lucas",1220,2981,98,4299,"0%"
"Lyon",1065,5703,78,6846,"0%"
"Madison",3126,6486,183,9795,"0%"
"Mahaska",2879,8256,211,11346,"0%"
"Marion",6170,12657,390,19217,"0%"
"Marshall",8171,9564,387,18122,"9%"
"Mills",2500,5572,175,8247,"0%"
"Mitchell",2048,3665,84,5797,"0%"
"Monona",1402,3234,59,4695,"4%"
"Monroe",1078,2974,32,4084,"0%"
"Montgomery",1583,3653,77,5313,"0%"
"Muscatine",9320,10791,473,20584,"1%"
"O'Brien",1567,5857,111,7535,"3%"
"Osceola",600,2688,37,3325,"0%"
"Page",2081,5314,114,7509,"0%"
"Palo Alto",1517,3366,61,4944,"3%"
"Plymouth",3483,10472,202,14157,"0%"
"Pocahontas",932,2825,64,3821,"8%"
"Polk",146173,106752,5688,258613,"4%"
"Pottawattamie",18570,26241,922,45733,"0%"
"Poweshiek",4301,5645,174,10120,"3%"
"Ringgold",708,1964,37,2709,"5%"
"Sac",1383,4052,77,5512,"1%"
"Scott",46890,43661,2088,92639,"11%"
"Shelby",1959,4696,125,6780,"0%"
"Sioux",3017,15669,257,18943,"0%"
"Story",28975,20200,1493,50668,"0%"
"Tama",3573,5299,145,9017,"0%"
"Taylor",745,2459,33,3237,"0%"
"Union",2049,4000,114,6163,"0%"
"Van Buren",874,2867,54,3795,"0%"
"Wapello",5818,9504,285,15607,"4%"
"Warren",12537,17738,680,30955,"2%"
"Washington",4558,6966,233,11757,"0%"
"Wayne",727,2338,38,3103,"0%"
"Webster",6604,10927,271,17802,"7%"
"Winnebago",2123,3692,116,5931,"0%"
"Winneshiek",5616,6234,184,12034,"9%"
"Woodbury",18683,25700,731,45114,"4%"
"Worth",1593,2732,80,4405,"0%"
"Wright",1995,4135,110,6240,"3%"
"Ada",120539,130699,8151,259389,"0%"
"Adams",591,1941,54,2586,"2%"
"Bannock",14682,23331,1758,39771,"0%"
"Bear Lake",350,2814,51,3215,"2%"
"Benewah",977,3878,117,4972,"2%"
"Bingham",4124,15295,675,20094,"0%"
"Blaine",8919,4031,393,13343,"0%"
"Boise",1214,3495,131,4840,"0%"
"Bonner",8310,18369,673,27352,"0%"
"Bonneville",14254,37805,1936,53995,"0%"
"Boundary",1220,4937,156,6313,"0%"
"Butte",188,1202,25,1415,"7%"
"Camas",0,0,0,0,"100%"
"Canyon",25881,61759,2798,90438,"0%"
"Caribou",431,2906,79,3416,"0%"
"Cassia",1464,7907,272,9643,"5%"
"Clark",41,264,6,311,"8%"
"Clearwater",877,3453,89,4419,"4%"
"Custer",603,2089,45,2737,"7%"
"Elmore",2601,7246,358,10205,"3%"
"Franklin",170,1459,50,1679,"73%"
"Fremont",998,5548,173,6719,"0%"
"Gem",1803,7951,204,9958,"0%"
"Gooding",1256,4659,135,6050,"6%"
"Idaho County",1561,7826,215,9602,"4%"
"Jefferson",1658,12099,414,14171,"0%"
"Jerome",1893,5734,185,7812,"6%"
"Kootenai",24312,62837,2729,89878,"0%"
"Latah",10199,9463,859,20521,"0%"
"Lemhi",1032,3592,114,4738,"5%"
"Lewis",349,1489,32,1870,"3%"
"Lincoln",414,1469,57,1940,"10%"
"Madison",2666,13559,887,17112,"3%"
"Minidoka",1550,6265,178,7993,"0%"
"Nez Perce",6686,13738,543,20967,"0%"
"Oneida",249,2148,54,2451,"0%"
"Owyhee",816,3819,107,4742,"2%"
"Payette",2161,8862,270,11293,"0%"
"Power",865,2116,105,3086,"3%"
"Shoshone",1693,4216,140,6049,"3%"
"Teton",3318,2858,171,6347,"0%"
"Twin Falls",9391,25897,1392,36680,"1%"
"Valley",2976,3947,140,7063,"0%"
"Washington",1073,4154,117,5344,"3%"
"Adams",8569,24131,734,33434,"0%"
"Alexander",2522,3056,53,5631,"0%"
"Bond",2275,5612,222,8109,"0%"
"Boone",10372,13762,538,24672,"0%"
"Brown",485,1930,108,2523,"3%"
"Bureau",6545,10296,341,17182,"5%"
"Calhoun",674,2043,50,2767,"2%"
"Carroll",2730,5098,171,7999,"0%"
"Cass",1615,3624,86,5325,"5%"
"Champaign",54412,34537,2980,91929,"9%"
"Christian",4286,11505,303,16094,"5%"
"Clark",1990,6215,135,8340,"4%"
"Clay",1129,5626,141,6896,"1%"
"Clinton",1837,9364,229,11430,"35%"
"Coles",7997,13981,492,22470,"0%"
"Cook",1279630,461659,26782,1768071,"27%"
"Crawford",2198,7025,196,9419,"2%"
"Cumberland",1141,4595,107,5843,"4%"
"DeKalb",24484,21818,1415,47717,"0%"
"DeWitt",2171,5623,200,7994,"0%"
"Douglas",2327,6221,198,8746,"2%"
"DuPage",269638,187957,9591,467186,"2%"
"Edgar",1869,6169,114,8152,"6%"
"Edwards",488,2833,47,3368,"8%"
"Effingham",3700,14983,358,19041,"0%"
"Fayette",1815,8025,193,10033,"0%"
"Ford",1691,4956,162,6809,"3%"
"Franklin",2035,8765,189,10989,"46%"
"Fulton",6371,9798,348,16517,"4%"
"Gallatin",621,2019,33,2673,"10%"
"Greene",1349,4767,108,6224,"0%"
"Grundy",9445,16372,583,26400,"0%"
"Hamilton",821,3429,66,4316,"6%"
"Hancock",1114,5309,142,6565,"28%"
"Hardin",0,0,0,0,"100%"
"Henderson",1186,2391,75,3652,"6%"
"Henry",9762,15266,596,25624,"0%"
"Iroquois",2895,10858,258,14011,"2%"
"Jackson",3749,7066,350,11165,"59%"
"Jasper",1006,4492,84,5582,"1%"
"Jefferson",4597,12461,351,17409,"7%"
"Jersey",2956,8699,287,11942,"1%"
"JoDaviess",5097,7161,219,12477,"0%"
"Johnson",1280,5052,110,6442,"0%"
"Kane",128080,95680,4759,228519,"0%"
"Kankakee",20112,28410,1207,49729,"0%"
"Kendall",31394,28515,1418,61327,"0%"
"Knox",10421,11818,477,22716,"10%"
"LaSalle",21491,29482,1080,52053,"4%"
"Lake",144674,105416,4737,254827,"24%"
"Lawrence",1414,4849,116,6379,"5%"
"Lee",6368,9584,399,16351,"3%"
"Livingston",4568,12134,347,17049,"0%"
"Logan",3769,9042,306,13117,"0%"
"Macon",19633,28373,928,48934,"0%"
"Macoupin",7313,16058,548,23919,"3%"
"Madison",56845,75727,3569,136141,"0%"
"Marion",4396,12540,278,17214,"8%"
"Marshall",2004,4196,143,6343,"3%"
"Mason",1984,4645,127,6756,"0%"
"Massac",1719,4989,95,6803,"0%"
"McDonough",4973,7009,308,12290,"6%"
"McHenry",73610,79396,3799,156805,"2%"
"McLean",21644,15932,1508,39084,"56%"
"Menard",2003,4722,164,6889,"0%"
"Mercer",3212,5328,210,8750,"6%"
"Monroe",6489,14046,489,21024,"0%"
"Montgomery",3889,9504,308,13701,"4%"
"Morgan",5020,9903,306,15229,"6%"
"Moultrie",1645,4938,115,6698,"3%"
"Ogle",9300,15092,648,25040,"5%"
"Peoria",42600,37612,2052,82264,"0%"
"Perry",2609,7305,146,10060,"7%"
"Piatt",3302,6219,270,9791,"0%"
"Pike",1458,6235,143,7836,"0%"
"Pope",432,1720,20,2172,"9%"
"Pulaski",891,1699,41,2631,"19%"
"Putnam",1309,1978,58,3345,"0%"
"Randolph",3590,11065,241,14896,"4%"
"Richland",1355,7988,0,9343,"0%"
"Rock Island",36647,28585,1518,66750,"0%"
"Saline",2786,8096,197,11079,"11%"
"Sangamon",48756,53303,2336,104395,"4%"
"Schuyler",1064,2767,77,3908,"0%"
"Scott",569,2104,57,2730,"5%"
"Shelby",2488,9396,165,12049,"0%"
"St. Clair",65169,53578,2410,121157,"0%"
"Stark",814,2000,67,2881,"4%"
"Stephenson",8756,12253,437,21446,"0%"
"Tazewell",24486,42194,1678,68358,"0%"
"Union",2575,6157,164,8896,"0%"
"Vermilion",10313,20710,594,31617,"6%"
"Wabash",1248,4228,116,5592,"7%"
"Warren",3087,4671,158,7916,"0%"
"Washington",1639,6110,165,7914,"3%"
"Wayne",1185,7172,89,8446,"7%"
"White",1517,5788,123,7428,"8%"
"Whiteside",12195,14472,587,27254,"2%"
"Will",174226,149695,6672,330593,"0%"
"Williamson",10107,22681,715,33503,"0%"
"Winnebago",31061,19486,979,51526,"57%"
"Woodford",4664,11764,446,16874,"15%"
"Adams",3236,10685,317,14238,"0%"
"Allen",72825,91885,4254,168964,"0%"
"Bartholomew",12934,22409,956,36299,"0%"
"Benton",1009,3007,99,4115,"0%"
"Blackford",1376,3838,140,5354,"0%"
"Boone",15244,22351,1027,38622,"0%"
"Brown",2996,5725,165,8886,"0%"
"Carroll",2224,7086,204,9514,"0%"
"Cass",4301,10551,333,15185,"0%"
"Clark",23088,33656,1296,58040,"0%"
"Clay",2549,9498,230,12277,"0%"
"Clinton",3361,9334,266,12961,"0%"
"Crawford",1369,3499,111,4979,"0%"
"Daviess",2169,9576,226,11971,"0%"
"DeKalb",4966,14237,453,19656,"0%"
"Dearborn",2143,12384,288,14815,"44%"
"Decatur",2436,9570,290,12296,"0%"
"Delaware",20328,26724,1037,48089,"3%"
"Dubois",6292,15032,481,21805,"0%"
"Elkhart",25413,46311,1501,73225,"0%"
"Fayette",2237,7755,154,10146,"1%"
"Floyd",17507,23385,850,41742,"0%"
"Fountain",1627,6151,200,7978,"1%"
"Franklin",2137,9691,190,12018,"0%"
"Fulton",2274,6667,169,9110,"0%"
"Gibson",4027,11817,321,16165,"0%"
"Grant",8015,18543,672,27230,"0%"
"Greene",3389,11103,315,14807,"0%"
"Hamilton",88367,101563,4517,194447,"0%"
"Hancock",12821,28816,1008,42645,"0%"
"Harrison",5334,14542,322,20198,"0%"
"Hendricks",32453,53688,2289,88430,"0%"
"Henry",5442,14526,420,20388,"0%"
"Howard",13270,26400,949,40619,"0%"
"Huntington",4254,13147,408,17809,"0%"
"Jackson",4302,14555,381,19238,"0%"
"Jasper",3795,11383,314,15492,"0%"
"Jay",1926,6361,179,8466,"0%"
"Jefferson",4732,9659,335,14726,"0%"
"Jennings",2521,9488,263,12272,"0%"
"Johnson",24729,51209,1846,77784,"0%"
"Knox",4067,11654,306,16027,"0%"
"Kosciusko",8350,26476,1020,35846,"0%"
"LaGrange",2355,8110,168,10633,"0%"
"LaPorte",17488,24128,957,42573,"12%"
"Lake",124801,91733,3699,220233,"2%"
"Lawrence",4961,15601,509,21071,"0%"
"Madison",19459,31153,1099,51711,"11%"
"Marion",238012,129880,8835,376727,"7%"
"Marshall",5712,13841,381,19934,"0%"
"Martin",1011,4029,115,5155,"0%"
"Miami",3235,10925,333,14493,"0%"
"Monroe",39488,22040,1100,62628,"4%"
"Montgomery",4008,11874,282,16164,"0%"
"Morgan",7777,27510,927,36214,"0%"
"Newton",1509,4942,155,6606,"0%"
"Noble",4660,14195,362,19217,"0%"
"Ohio",750,2392,22,3164,"0%"
"Orange",2224,6432,177,8833,"0%"
"Owen",2419,7285,211,9915,"0%"
"Parke",1503,5398,119,7020,"0%"
"Perry",3202,5343,189,8734,"0%"
"Pike",1415,4692,113,6220,"3%"
"Porter",39537,44899,1848,86284,"0%"
"Posey",3811,9206,247,13264,"0%"
"Pulaski",1463,4246,104,5813,"0%"
"Putnam",3946,12278,371,16595,"0%"
"Randolph",2512,8312,254,11078,"1%"
"Ripley",2774,11261,245,14280,"0%"
"Rush",1754,6035,149,7938,"0%"
"Scott",2698,7328,150,10176,"0%"
"Shelby",5023,14568,426,20017,"0%"
"Spencer",3208,7354,219,10781,"0%"
"St. Joseph",40426,44550,1558,86534,"30%"
"Starke",2650,7466,193,10309,"0%"
"Steuben",4509,11322,344,16175,"0%"
"Sullivan",2153,6687,164,9004,"0%"
"Switzerland",964,3133,55,4152,"0%"
"Tippecanoe",34993,34571,2191,71755,"0%"
"Tipton",1834,6110,180,8124,"0%"
"Union",736,2687,68,3491,"1%"
"Vanderburgh",29156,34861,1200,65217,"18%"
"Vermillion",2145,5184,161,7490,"0%"
"Vigo",9556,12944,570,23070,"47%"
"Wabash",3494,10762,342,14598,"0%"
"Warren",974,3401,98,4473,"0%"
"Warrick",11919,21324,641,33884,"0%"
"Washington",2783,9112,231,12126,"1%"
"Wayne",9524,17567,571,27662,"0%"
"Wells",2928,10855,297,14080,"0%"
"White",2868,7353,181,10402,"4%"
"Whitley",4233,12856,492,17581,"0%"
"Allen",1836,5486,162,7484,"0%"
"Anderson",755,2848,79,3682,"0%"
"Atchison",2311,4817,172,7300,"0%"
"Barber",284,1992,37,2313,"8%"
"Barton",2301,8477,198,10976,"0%"
"Bourbon",1504,4906,135,6545,"3%"
"Brown",1086,3202,102,4390,"0%"
"Butler",8938,22187,687,31812,"0%"
"Chase",341,1114,23,1478,"0%"
"Chautauqua",211,1393,25,1629,"8%"
"Cherokee",2154,6612,159,8925,"0%"
"Cheyenne",220,1158,22,1400,"14%"
"Clark",142,880,20,1042,"10%"
"Clay",879,3120,122,4121,"5%"
"Cloud",887,3152,102,4141,"10%"
"Coffey",926,3403,113,4442,"0%"
"Comanche",124,743,33,900,"11%"
"Cowley",4168,9438,345,13951,"0%"
"Crawford",5967,9748,470,16185,"0%"
"Decatur",208,1230,18,1456,"16%"
"Dickinson",2039,7043,161,9243,"0%"
"Doniphan",678,2945,55,3678,"1%"
"Douglas",39047,16520,1742,57309,"0%"
"Edwards",267,1127,19,1413,"6%"
"Elk",191,1130,26,1347,"9%"
"Ellis",3619,9539,350,13508,"0%"
"Ellsworth",639,2102,61,2802,"5%"
"Finney",4090,7047,267,11404,"0%"
"Ford",2924,5762,161,8847,"2%"
"Franklin",3609,8312,297,12218,"0%"
"Geary",3819,5191,293,9303,"0%"
"Gove",163,1256,14,1433,"9%"
"Graham",221,1052,28,1301,"15%"
"Grant",496,1909,45,2450,"5%"
"Gray",337,1871,32,2240,"0%"
"Greeley",76,537,15,628,"17%"
"Greenwood",562,2397,70,3029,"2%"
"Hamilton",134,683,19,836,"12%"
"Harper",301,1903,43,2247,"20%"
"Harvey",6650,10013,453,17116,"0%"
"Haskell",261,1103,19,1383,"9%"
"Hodgeman",151,866,16,1033,"14%"
"Jackson",1849,4428,181,6458,"0%"
"Jefferson",3097,6167,281,9545,"0%"
"Jewell",211,1369,28,1608,"1%"
"Johnson",177397,150745,9090,337232,"1%"
"Kearny",255,1134,24,1413,"6%"
"Kingman",742,3098,82,3922,"0%"
"Kiowa",152,956,29,1137,"12%"
"Labette",2607,5636,168,8411,"4%"
"Lane",114,757,17,888,"12%"
"Leavenworth",13732,21342,982,36056,"0%"
"Lincoln",266,1270,30,1566,"7%"
"Linn",863,3939,108,4910,"0%"
"Logan",185,1223,20,1428,"3%"
"Lyon",5876,7377,363,13616,"3%"
"Marion",1460,4376,129,5965,"0%"
"Marshall",1239,3661,128,5028,"0%"
"McPherson",3777,9357,348,13482,"7%"
"Meade",261,1508,38,1807,"3%"
"Miami",5132,12114,404,17650,"0%"
"Mitchell",547,2453,38,3038,"10%"
"Montgomery",3146,9765,262,13173,"2%"
"Morris",720,2084,43,2847,"0%"
"Morton",147,1002,12,1161,"16%"
"Nemaha",913,4610,103,5626,"0%"
"Neosho",1727,4794,106,6627,"6%"
"Ness",147,1313,25,1485,"0%"
"Norton",360,1975,51,2386,"0%"
"Osage",2091,5589,203,7883,"0%"
"Osborne",275,1590,39,1904,"9%"
"Ottawa",497,2576,76,3149,"6%"
"Pawnee",635,2028,49,2712,"6%"
"Phillips",373,2855,50,3278,"0%"
"Pottawatomie",3255,9241,310,12806,"31%"
"Pratt",924,3087,96,4107,"0%"
"Rawlins",214,1250,31,1495,"11%"
"Reno",8563,17892,693,27148,"0%"
"Republic",405,1940,43,2388,"22%"
"Rice",946,3177,89,4212,"0%"
"Riley",11912,11153,903,23968,"1%"
"Rooks",332,2294,40,2666,"13%"
"Rush",290,1425,32,1747,"2%"
"Russell",591,2765,80,3436,"0%"
"Saline",7940,15234,661,23835,"0%"
"Scott",290,1989,44,2323,"0%"
"Sedgwick",83307,111548,5549,200404,"6%"
"Seward",1734,3281,78,5093,"9%"
"Shawnee",41553,39601,2535,83689,"3%"
"Sheridan",144,1237,16,1397,"6%"
"Sherman",385,2220,64,2669,"6%"
"Smith",327,1732,30,2089,"6%"
"Stafford",355,1631,31,2017,"6%"
"Stanton",147,607,13,767,"7%"
"Stevens",233,1731,33,1997,"9%"
"Sumner",2549,7996,267,10812,"0%"
"Thomas",642,4686,94,5422,"0%"
"Trego",238,1341,24,1603,"11%"
"Wabaunsee",956,2813,92,3861,"0%"
"Wallace",43,762,11,816,"10%"
"Washington",458,2314,55,2827,"0%"
"Wichita",147,803,11,961,"10%"
"Wilson",711,3110,77,3898,"3%"
"Woodson",283,1189,24,1496,"0%"
"Wyandotte",35566,18512,1301,55379,"3%"
"Adair",1391,7275,100,8766,"2%"
"Allen",3031,12706,214,15951,"0%"
"Anderson",3339,9651,271,13261,"0%"
"Ballard",825,3355,44,4224,"5%"
"Barren",5115,14646,318,20079,"0%"
"Bath",1573,3986,68,5627,"0%"
"Bell",1789,8139,114,10042,"0%"
"Boone",19589,43840,1153,64582,"0%"
"Bourbon",3292,6185,157,9634,"0%"
"Boyd",7024,14223,357,21604,"3%"
"Boyle",5001,8682,275,13958,"1%"
"Bracken",799,3397,48,4244,"0%"
"Breathitt",1301,4265,101,5667,"0%"
"Breckinridge",2350,7699,145,10194,"0%"
"Bullitt",10126,30338,670,41134,"0%"
"Butler",1078,4960,87,6125,"0%"
"Caldwell",1432,4905,99,6436,"1%"
"Calloway",5791,11342,308,17441,"0%"
"Campbell",19339,28465,978,48782,"5%"
"Carlisle",463,2159,16,2638,"6%"
"Carroll",1114,2947,65,4126,"1%"
"Carter",2641,8773,167,11581,"0%"
"Casey",960,6186,94,7240,"1%"
"Christian",8282,15060,483,23825,"1%"
"Clark",8665,17595,324,26584,"0%"
"Clay",430,6003,65,6498,"18%"
"Clinton",603,4280,49,4932,"0%"
"Crittenden",730,3449,60,4239,"0%"
"Cumberland",508,2769,32,3309,"0%"
"Daviess",17107,30922,925,48954,"2%"
"Edmonson",682,4265,57,5004,"12%"
"Elliott",707,2240,37,2984,"4%"
"Estill",1354,5098,85,6537,"0%"
"Fayette",85211,57132,3030,145373,"12%"
"Fleming",1470,5532,58,7060,"0%"
"Floyd",3855,12211,315,16381,"0%"
"Franklin",12590,12876,499,25965,"10%"
"Fulton",791,1605,25,2421,"9%"
"Gallatin",813,2947,69,3829,"0%"
"Garrard",1798,6526,112,8436,"0%"
"Grant",2200,8720,175,11095,"0%"
"Graves",3525,13144,251,16920,"0%"
"Grayson",2395,9445,140,11980,"0%"
"Green",915,4837,54,5806,"0%"
"Greenup",4855,13038,236,18129,"0%"
"Hancock",1346,3132,91,4569,"2%"
"Hardin",17811,29678,975,48464,"3%"
"Harlan",1491,9363,108,10962,"6%"
"Harrison",2398,6331,119,8848,"0%"
"Hart",1897,6329,115,8341,"0%"
"Henderson",7550,12653,322,20525,"4%"
"Henry",2119,5823,122,8064,"0%"
"Hickman",458,1714,27,2199,"6%"
"Hopkins",5421,15726,313,21460,"3%"
"Jackson",605,5450,61,6116,"0%"
"Jefferson",218944,147168,6730,372842,"13%"
"Jessamine",8406,17003,565,25974,"8%"
"Johnson",1607,8446,140,10193,"2%"
"Kenton",31966,47973,1695,81634,"6%"
"Knott",1410,4778,60,6248,"0%"
"Knox",2111,11010,158,13279,"0%"
"LaRue",1502,5685,112,7299,"0%"
"Laurel",4464,23221,389,28074,"0%"
"Lawrence",1237,5633,84,6954,"0%"
"Lee",459,2159,41,2659,"8%"
"Leslie",446,4318,50,4814,"9%"
"Letcher",1729,7176,122,9027,"9%"
"Lewis",821,4983,73,5877,"0%"
"Lincoln",2247,8484,170,10901,"0%"
"Livingston",939,4010,54,5003,"1%"
"Logan",3083,9055,184,12322,"0%"
"Lyon",1092,3099,36,4227,"2%"
"Madison",15549,27336,968,43853,"3%"
"Magoffin",1213,4168,59,5440,"2%"
"Marion",2719,6110,93,8922,"0%"
"Marshall",4042,13249,237,17528,"4%"
"Martin",402,3496,31,3929,"8%"
"Mason",3317,8908,169,12394,"0%"
"McCracken",10582,21399,505,32486,"5%"
"McCreary",723,5663,45,6431,"0%"
"McLean",1068,3633,75,4776,"3%"
"Meade",3597,10161,290,14048,"0%"
"Menifee",743,2302,39,3084,"0%"
"Mercer",3029,8504,193,11726,"0%"
"Metcalfe",973,3957,84,5014,"0%"
"Monroe",643,4577,44,5264,"3%"
"Montgomery",3608,8966,212,12786,"0%"
"Morgan",1172,4297,66,5535,"0%"
"Muhlenberg",3539,10493,189,14221,"0%"
"Nelson",7164,15683,361,23208,"0%"
"Nicholas",954,2407,35,3396,"0%"
"Ohio",2403,8577,140,11120,"0%"
"Oldham",14476,22630,778,37884,"5%"
"Owen",1096,4292,66,5454,"0%"
"Owsley",215,1652,9,1876,"2%"
"Pendleton",1321,5514,88,6923,"0%"
"Perry",2350,8118,138,10606,"7%"
"Pike",4855,20272,226,25353,"5%"
"Powell",1281,3966,97,5344,"1%"
"Pulaski",5660,25437,432,31529,"0%"
"Robertson",252,883,9,1144,"0%"
"Rockcastle",1133,6576,73,7782,"0%"
"Rowan",3873,5990,184,10047,"0%"
"Russell",1329,7506,104,8939,"0%"
"Scott",10550,17750,621,28921,"0%"
"Shelby",7520,14631,366,22517,"0%"
"Simpson",2678,5885,161,8724,"0%"
"Spencer",2522,8726,162,11410,"0%"
"Taylor",2958,9373,172,12503,"0%"
"Todd",1202,4060,89,5351,"0%"
"Trigg",1788,5486,95,7369,"0%"
"Trimble",1012,3226,80,4318,"0%"
"Union",1527,4961,82,6570,"2%"
"Warren",21595,31388,1031,54014,"0%"
"Washington",1619,4456,95,6170,"0%"
"Wayne",1699,7428,110,9237,"0%"
"Webster",1410,4504,73,5987,"5%"
"Whitley",2548,12564,228,15340,"0%"
"Wolfe",837,2097,47,2981,"0%"
"Woodford",6570,8605,12,15187,"0%"
"Acadia",5443,22596,386,28425,"7%"
"Allen",2108,7574,128,9810,"6%"
"Ascension",20397,40682,1238,62317,"0%"
"Assumption",3833,7271,131,11235,"9%"
"Avoyelles",4979,12028,285,17292,"9%"
"Beauregard",2542,13575,240,16357,"3%"
"Bienville",3066,3891,92,7049,"13%"
"Bossier",15658,38065,919,54642,"2%"
"Caddo",54993,47927,1779,104699,"0%"
"Calcasieu",25982,55062,1615,82659,"12%"
"Caldwell",745,3976,41,4762,"10%"
"Cameron",324,3670,44,4038,"4%"
"Catahoula",1269,3541,48,4858,"11%"
"Claiborne",2731,3770,79,6580,"13%"
"Concordia",3177,5550,101,8828,"16%"
"DeSoto",5446,9111,167,14724,"3%"
"East Baton Rouge",115533,88396,4182,208111,"0%"
"East Carroll",1900,1080,56,3036,"32%"
"East Feliciana",4280,6064,165,10509,"8%"
"Evangeline",4158,11053,201,15412,"13%"
"Franklin",2658,6970,92,9720,"7%"
"Grant",1157,8117,118,9392,"5%"
"Iberia",11027,21250,435,32712,"13%"
"Iberville",8514,7893,312,16719,"12%"
"Jackson",2143,5394,95,7632,"9%"
"Jeff Davis",3208,11423,210,14841,"7%"
"Jefferson",84438,105890,3303,193631,"5%"
"LaSalle",574,6348,60,6982,"5%"
"Lafayette",39685,72518,2317,114520,"3%"
"Lafourche",8668,36020,692,45380,"3%"
"Lincoln",7559,11311,405,19275,"9%"
"Livingston",9249,54870,1103,65222,"0%"
"Madison",2654,1930,86,4670,"20%"
"Morehouse",4946,6510,118,11574,"18%"
"Natchitoches",6896,9358,300,16554,"14%"
"Orleans",147729,26645,3296,177670,"4%"
"Ouachita",25905,42245,998,69148,"10%"
"Plaquemines",3413,7411,188,11012,"7%"
"Pointe Coupee",4683,7503,185,12371,"9%"
"Rapides",19472,38346,1043,58861,"9%"
"Red River",1644,2413,75,4132,"23%"
"Richland",3225,6607,108,9940,"8%"
"Sabine",1731,8776,89,10596,"6%"
"St. Bernard",6151,11178,320,17649,"0%"
"St. Charles",9800,18233,484,28517,"3%"
"St. Helena",3346,2714,98,6158,"14%"
"St. James",6509,5954,126,12589,"9%"
"St. John the Baptist",13581,7538,312,21431,"9%"
"St. Landry",17371,23167,611,41149,"12%"
"St. Martin",8439,18203,396,27038,"6%"
"St. Mary",8054,14810,320,23184,"12%"
"St. Tammany",37744,99665,2698,140107,"0%"
"Tangipahoa",18883,37799,968,57650,"2%"
"Tensas",1326,1195,28,2549,"19%"
"Terrebonne",11198,34339,703,46240,"6%"
"Union",2654,8406,140,11200,"8%"
"Vermilion",5009,21930,385,27324,"5%"
"Vernon",2897,14104,263,17264,"7%"
"Washington",5970,13307,236,19513,"6%"
"Webster",6172,11829,214,18215,"12%"
"West Baton Rouge",6200,7684,213,14097,"1%"
"West Carroll",710,4317,25,5052,"5%"
"West Feliciana",2298,3863,107,6268,"3%"
"Winn",1543,4617,63,6223,"15%"
"Barnstable",87705,53261,2975,143941,"NA%"
"Berkshire",39007,12763,1205,52975,"NA%"
"Bristol",137356,105869,5331,248556,"NA%"
"Dukes",9451,2553,229,12233,"NA%"
"Essex",254234,139146,8931,402311,"NA%"
"Franklin",13966,4697,553,19216,"NA%"
"Hampden",121457,83032,4642,209131,"NA%"
"Hampshire",53019,16814,1625,71458,"NA%"
"Middlesex",583921,213262,18713,815896,"NA%"
"Nantucket",5234,1912,151,7297,"NA%"
"Norfolk",254647,116457,8542,379646,"NA%"
"Plymouth",126168,98209,5640,230017,"NA%"
"Suffolk",252661,55699,5750,314110,"NA%"
"Worcester",227541,156059,10419,394019,"NA%"
"Allegany",6603,18558,383,25544,"26%"
"Anne Arundel",126142,107752,4497,238391,"21%"
"Baltimore",163485,113069,4724,281278,"36%"
"Baltimore City",161365,20358,2569,184292,"34%"
"Calvert",17137,21852,661,39650,"25%"
"Caroline",3572,9237,301,13110,"17%"
"Carroll",29135,54176,2877,86188,"16%"
"Cecil",13567,26880,857,41304,"19%"
"Charles",35937,20289,925,57151,"35%"
"Dorchester",5295,7804,272,13371,"22%"
"Frederick",62152,56602,3301,122055,"13%"
"Garrett",2573,10912,248,13733,"12%"
"Harford",43381,69468,2947,115796,"23%"
"Howard",98462,40422,3585,142469,"22%"
"Kent",3579,4185,168,7932,"29%"
"Montgomery",265188,72888,7473,345549,"36%"
"Prince George's",305951,31085,6524,343560,"0%"
"Queen Anne's",8050,16703,503,25256,"15%"
"Somerset",3542,5405,126,9073,"21%"
"St. Mary's",17417,25885,1062,44364,"21%"
"Talbot",9046,9662,321,19029,"17%"
"Washington",21422,36915,1217,59554,"20%"
"Wicomico",16913,20364,811,38088,"20%"
"Worcester",7898,15386,303,23587,"26%"
"Androscoggin",26973,28884,1884,57741,"NA%"
"Aroostook",12799,18892,721,32412,"NA%"
"Cumberland",127394,58253,5810,191457,"NA%"
"Franklin",6250,6472,521,13243,"NA%"
"Hancock",16963,12716,924,30603,"NA%"
"Kennebec",33771,33593,2260,69624,"NA%"
"Knox",13423,8666,558,22647,"NA%"
"Lincoln",11373,9279,582,21234,"NA%"
"Oxford",12929,15370,916,29215,"NA%"
"Penobscot",34261,38103,2619,74983,"NA%"
"Piscataquis",3125,5370,238,8733,"NA%"
"Sagadahoc",10305,8493,604,19402,"NA%"
"Somerset",8728,13550,628,22906,"NA%"
"Waldo",11541,10013,768,22322,"NA%"
"Washington",3842,5760,245,9847,"NA%"
"York",71352,52865,3804,128021,"NA%"
"Alcona",2142,4848,73,7063,"0%"
"Alger",2053,3014,68,5135,"0%"
"Allegan",24447,41381,1354,67182,"0%"
"Alpena",6000,10686,280,16966,"0%"
"Antrim",0,0,0,0,"100%"
"Arenac",2773,5928,129,8830,"0%"
"Baraga",1475,2512,46,4033,"0%"
"Barry",11804,23473,637,35914,"0%"
"Bay",21718,30919,868,53505,"0%"
"Benzie",5480,6600,179,12259,"0%"
"Berrien",37438,43518,1448,82404,"3%"
"Branch",6161,14066,313,20540,"0%"
"Calhoun",28417,35900,1251,65568,"0%"
"Cass",9122,16686,413,26221,"0%"
"Charlevoix",6939,9841,243,17023,"0%"
"Cheboygan",5435,10171,243,15849,"0%"
"Chippewa",6651,10682,342,17675,"0%"
"Clare",5200,10860,220,16280,"0%"
"Clinton",21963,25095,844,47902,"0%"
"Crawford",2612,4955,98,7665,"0%"
"Delta",7605,13206,343,21154,"0%"
"Dickinson",4569,8469,230,13268,"0%"
"Eaton",31297,31797,1357,64451,"0%"
"Emmet",9662,12135,379,22176,"0%"
"Genesee",120082,99199,3688,222969,"3%"
"Gladwin",4524,9893,186,14603,"0%"
"Gogebic",3573,4600,106,8279,"0%"
"Grand Traverse",28682,30502,1042,60226,"0%"
"Gratiot",6693,12102,353,19148,"0%"
"Hillsdale",5883,17037,368,23288,"0%"
"Houghton",7755,10380,405,18540,"0%"
"Huron",5349,11949,225,17523,"1%"
"Ingham",94221,47640,2936,144797,"0%"
"Ionia",10899,20655,647,32201,"0%"
"Iosco",5371,9760,255,15386,"0%"
"Iron",2493,4216,86,6795,"0%"
"Isabella",14072,14815,522,29409,"0%"
"Jackson",32004,47381,1647,81032,"0%"
"Kalamazoo",83674,56823,3143,143640,"2%"
"Kalkaska",3003,7436,188,10627,"0%"
"Kent",186753,165318,7844,359915,"0%"
"Keweenaw",672,862,23,1557,"0%"
"Lake",2288,3946,98,6332,"0%"
"Lapeer",16368,35480,791,52639,"0%"
"Leelanau",8793,7915,222,16930,"0%"
"Lenawee",20916,31539,993,53448,"0%"
"Livingston",48218,76980,1964,127162,"0%"
"Luce",842,2109,156,3107,"0%"
"Mackinac",2589,4258,75,6922,"0%"
"Macomb",225561,264535,6427,496523,"0%"
"Manistee",6107,8321,226,14654,"0%"
"Marquette",20465,16288,800,37553,"0%"
"Mason",6802,10207,240,17249,"0%"
"Mecosta",7373,13265,439,21077,"0%"
"Menominee",4314,8120,188,12622,"0%"
"Midland",20513,27706,946,49165,"0%"
"Missaukee",1967,6648,140,8755,"0%"
"Monroe",32975,52710,1538,87223,"0%"
"Montcalm",9703,21815,568,32086,"0%"
"Montmorency",1628,4171,64,5863,"0%"
"Muskegon",46389,46408,1700,94497,"0%"
"Newaygo",7874,18864,426,27164,"0%"
"Oakland",438147,328313,11958,778418,"0%"
"Oceana",4944,8892,244,14080,"0%"
"Ogemaw",3475,8253,179,11907,"0%"
"Ontonagon",1391,2358,61,3810,"0%"
"Osceola",3214,8928,198,12340,"0%"
"Oscoda",1342,3466,66,4874,"0%"
"Otsego",4743,9779,234,14756,"0%"
"Ottawa",64566,100511,2997,168074,"0%"
"Presque Isle",2912,5343,105,8360,"0%"
"Roscommon",5166,9670,182,15018,"4%"
"Saginaw",51068,50784,1474,103326,"0%"
"Sanilac",5966,16194,286,22446,"0%"
"Schoolcraft",1589,3090,66,4745,"0%"
"Shiawassee",15371,23154,725,39250,"0%"
"St. Clair",31363,59184,1515,92062,"0%"
"St. Joseph",9262,18128,592,27982,"0%"
"Tuscola",8713,20310,472,29495,"0%"
"Van Buren",16800,21591,669,39060,"0%"
"Washtenaw",157130,56241,3553,216924,"0%"
"Wayne",587074,264149,12159,863382,"0%"
"Wexford",5838,12102,352,18292,"0%"
"Aitkin",3604,6256,145,10005,"0%"
"Anoka",100832,104848,5292,210972,"2%"
"Becker",6560,12415,426,19401,"0%"
"Beltrami",11424,12181,516,24121,"5%"
"Benton",7278,14373,556,22207,"0%"
"Big Stone",1052,1862,58,2972,"1%"
"Blue Earth",18136,16620,972,35728,"10%"
"Brown",4745,9548,330,14623,"0%"
"Carlton",10094,9787,480,20361,"0%"
"Carver",30751,33987,1335,66073,"0%"
"Cass",6304,11481,285,18070,"0%"
"Chippewa",2227,4247,121,6595,"0%"
"Chisago",11792,21901,806,34499,"0%"
"Clay",16346,15031,738,32115,"6%"
"Clearwater",1258,3371,76,4705,"0%"
"Cook",2494,1202,90,3786,"0%"
"Cottonwood",1816,4060,92,5968,"7%"
"Crow Wing",13723,25668,769,40160,"0%"
"Dakota",145144,109029,6425,260598,"3%"
"Dodge",4074,8574,305,12953,"0%"
"Douglas",7864,15790,452,24106,"5%"
"Faribault",2529,5186,170,7885,"0%"
"Fillmore",4551,7290,287,12128,"1%"
"Freeborn",6715,8917,317,15949,"3%"
"Goodhue",11801,16051,709,28561,"4%"
"Grant",1299,2267,81,3647,"2%"
"Hennepin",532137,205772,15442,753351,"5%"
"Houston",4851,6332,252,11435,"2%"
"Hubbard",4458,8194,263,12915,"3%"
"Isanti",7128,16474,533,24135,"0%"
"Itasca",10784,15232,486,26502,"0%"
"Jackson",1744,3945,120,5809,"4%"
"Kanabec",2773,6276,185,9234,"0%"
"Kandiyohi",8434,14433,434,23301,"3%"
"Kittson",1005,1544,87,2636,"0%"
"Koochiching",2656,4127,132,6915,"0%"
"Lac Qui Parle",1445,2527,67,4039,"5%"
"Lake",3643,3391,162,7196,"9%"
"Lake of the Woods",671,1699,30,2400,"0%"
"Le Sueur",5667,10769,328,16764,"0%"
"Lincoln",937,2120,57,3114,"7%"
"Lyon",4624,7975,278,12877,"0%"
"Mahnomen",1110,1142,50,2302,"0%"
"Marshall",1293,3716,84,5093,"2%"
"Martin",3304,7476,258,11038,"0%"
"McLeod",6410,13982,517,20909,"0%"
"Meeker",3865,9351,276,13492,"0%"
"Mille Lacs",3576,9619,281,13476,"0%"
"Morrison",4365,14815,337,19517,"0%"
"Mower",8845,9876,364,19085,"6%"
"Murray",1449,3362,71,4882,"4%"
"Nicollet",9612,9009,483,19104,"10%"
"Nobles",2928,5598,182,8708,"0%"
"Norman",1400,1951,74,3425,"2%"
"Olmsted",49468,39672,1895,91035,"2%"
"Otter Tail",11916,23753,544,36213,"4%"
"Pennington",2567,4532,163,7262,"0%"
"Pine",5251,9832,289,15372,"0%"
"Pipestone",1305,3553,73,4931,"0%"
"Polk",5435,9857,289,15581,"4%"
"Pope",2478,4413,128,7019,"0%"
"Ramsey",211287,77287,5817,294391,"9%"
"Red Lake",689,1450,51,2190,"0%"
"Redwood",2358,5775,157,8290,"0%"
"Renville",2497,5465,153,8115,"0%"
"Rice",17386,17455,741,35582,"5%"
"Rock",1554,3578,100,5232,"0%"
"Roseau",2182,6053,155,8390,"0%"
"Scott",40006,45840,1817,87663,"0%"
"Sherburne",18056,36205,1195,55456,"1%"
"Sibley",2416,5863,169,8448,"0%"
"St. Louis",67496,48820,2457,118773,"11%"
"Stearns",31883,50960,1804,84647,"8%"
"Steele",7794,12472,540,20806,"6%"
"Stevens",1921,3045,97,5063,"0%"
"Swift",1784,3316,85,5185,"0%"
"Todd",3284,9753,197,13234,"0%"
"Traverse",662,1173,29,1864,"6%"
"Wabasha",4691,8149,248,13088,"0%"
"Wadena",2021,5517,118,7656,"0%"
"Waseca",3493,6621,269,10383,"0%"
"Washington",89089,73723,3333,166145,"1%"
"Watonwan",1985,3100,101,5186,"0%"
"Wilkin",1027,2333,75,3435,"3%"
"Winona",13328,13223,548,27099,"14%"
"Wright",27763,51076,1710,80549,"0%"
"Yellow Medicine",1683,3732,106,5521,"0%"
"Adair",3705,6391,241,10337,"0%"
"Andrew",2351,7255,168,9774,"0%"
"Atchison",564,2199,51,2814,"0%"
"Audrain",2703,7727,230,10660,"0%"
"Barry",2948,12425,243,15616,"0%"
"Barton",844,5168,65,6077,"0%"
"Bates",1672,6595,168,8435,"0%"
"Benton",2179,8106,193,10478,"0%"
"Bollinger",749,5162,70,5981,"0%"
"Boone",49999,38596,2605,91200,"1%"
"Buchanan",13445,22450,818,36713,"5%"
"Butler",3301,14599,265,18165,"0%"
"Caldwell",897,3725,74,4696,"0%"
"Callaway",5868,14812,498,21178,"0%"
"Camden",5640,18825,309,24774,"0%"
"Cape Girardeau",10738,28873,641,40252,"1%"
"Carroll",785,3706,40,4531,"1%"
"Carter",418,2451,37,2906,"0%"
"Cass",19035,37172,1317,57524,"0%"
"Cedar",1143,5786,110,7039,"0%"
"Chariton",916,3109,49,4074,"0%"
"Christian",11126,34904,874,46904,"0%"
"Clark",678,2672,44,3394,"0%"
"Clay",59519,64583,2516,126618,"0%"
"Clinton",2894,7789,211,10894,"0%"
"Cole",12687,26066,733,39486,"4%"
"Cooper",2249,6272,189,8710,"0%"
"Crawford",2113,8725,135,10973,"0%"
"Dade",656,3414,53,4123,"0%"
"Dallas",1380,6620,122,8122,"0%"
"Daviess",740,3077,67,3884,"0%"
"DeKalb",930,3827,85,4842,"0%"
"Dent",1056,5987,99,7142,"0%"
"Douglas",1012,5896,86,6994,"0%"
"Dunklin",2200,8135,84,10419,"7%"
"Franklin",14561,38034,1155,53750,"1%"
"Gasconade",1601,6222,111,7934,"0%"
"Gentry",613,2580,46,3239,"0%"
"Greene",53307,81312,3455,138074,"0%"
"Grundy",799,3585,53,4437,"4%"
"Harrison",597,3198,30,3825,"1%"
"Henry",2615,8019,142,10776,"0%"
"Hickory",1054,3965,61,5080,"0%"
"Holt",338,1976,29,2343,"5%"
"Howard",1412,3552,125,5089,"0%"
"Howell",3214,15174,249,18637,"0%"
"Iron",945,3596,51,4592,"0%"
"Jackson",198031,125897,6843,330771,"4%"
"Jasper",13539,37714,1262,52515,"0%"
"Jefferson",37507,77021,2101,116629,"0%"
"Johnson",6961,15468,705,23134,"0%"
"Knox",340,1486,30,1856,"0%"
"LaClede",2779,13755,285,16819,"0%"
"Lafayette",4470,12262,351,17083,"0%"
"Lawrence",3214,14421,295,17930,"0%"
"Lewis",984,3541,82,4607,"1%"
"Lincoln",6553,21702,559,28814,"0%"
"Linn",1274,4344,82,5700,"3%"
"Livingston",1409,5266,80,6755,"0%"
"Macon",1661,6075,98,7834,"0%"
"Madison",1017,4581,73,5671,"0%"
"Maries",814,3890,70,4774,"0%"
"Marion",3201,9910,259,13370,"0%"
"McDonald",1437,7465,149,9051,"0%"
"Mercer",222,1541,16,1779,"3%"
"Miller",2038,10175,166,12379,"0%"
"Mississippi",1178,3537,41,4756,"0%"
"Moniteau",1307,5738,105,7150,"0%"
"Monroe",931,3466,72,4469,"0%"
"Montgomery",1206,4457,107,5770,"0%"
"Morgan",1924,7439,121,9484,"0%"
"New Madrid",1748,5447,53,7248,"6%"
"Newton",5793,22090,513,28396,"0%"
"Nodaway",2849,6855,170,9874,"3%"
"Oregon",823,3847,72,4742,"3%"
"Osage",1031,6341,77,7449,"0%"
"Ozark",752,4064,54,4870,"0%"
"Pemiscot",1556,4116,55,5727,"14%"
"Perry",1661,7634,134,9429,"0%"
"Pettis",4776,13835,458,19069,"0%"
"Phelps",5619,13438,474,19531,"3%"
"Pike",1717,5856,113,7686,"1%"
"Platte",28111,29251,1161,58523,"0%"
"Polk",2883,11849,327,15059,"0%"
"Pulaski",3735,10326,358,14419,"2%"
"Putnam",361,1984,16,2361,"4%"
"Ralls",1205,4396,61,5662,"0%"
"Randolph",2485,8018,239,10742,"1%"
"Ray",3107,8328,219,11654,"0%"
"Reynolds",529,2733,36,3298,"2%"
"Ripley",833,4838,72,5743,"0%"
"Saline",2903,6447,178,9528,"0%"
"Schuyler",373,1606,26,2005,"0%"
"Scotland",387,1560,38,1985,"0%"
"Scott",3753,13769,226,17748,"0%"
"Shannon",706,3164,38,3908,"4%"
"Shelby",592,2699,64,3355,"0%"
"St. Charles",89346,128193,4636,222175,"0%"
"St. Clair",988,3930,54,4972,"4%"
"St. Francois",7044,20506,446,27996,"0%"
"St. Louis City",108385,21185,2306,131876,"0%"
"St. Louis County",322802,196808,8497,528107,"9%"
"Ste. Genevieve",2713,6627,155,9495,"0%"
"Stoddard",1814,11460,136,13410,"4%"
"Stone",3486,14716,176,18378,"0%"
"Sullivan",478,1974,19,2471,"9%"
"Taney",5325,20426,489,26240,"0%"
"Texas",1716,9478,138,11332,"1%"
"Vernon",1902,7135,127,9164,"0%"
"Warren",4769,13222,382,18373,"0%"
"Washington",1804,8046,122,9972,"0%"
"Wayne",844,4984,46,5874,"3%"
"Webster",3572,14874,330,18776,"0%"
"Worth",215,877,15,1107,"0%"
"Wright",1167,7452,122,8741,"0%"
"Adams",6914,5222,132,12268,"0%"
"Alcorn",2741,12689,209,15639,"0%"
"Amite",2114,3781,79,5974,"0%"
"Attala",0,0,0,0,"100%"
"Benton",1661,2553,43,4257,"0%"
"Bolivar",7203,4260,168,11631,"2%"
"Calhoun",1564,3959,58,5581,"20%"
"Carroll",1203,3257,49,4509,"17%"
"Chickasaw",3808,4173,162,8143,"0%"
"Choctaw",1170,2971,34,4175,"0%"
"Claiborne",2337,479,70,2886,"32%"
"Clarke",2317,4638,82,7037,"6%"
"Clay",5728,4147,179,10054,"0%"
"Coahoma",5189,1846,101,7136,"12%"
"Copiah",5227,5407,166,10800,"1%"
"Covington",1965,2864,62,4891,"42%"
"DeSoto",22711,37657,1321,61689,"15%"
"Forrest",10603,15326,611,26540,"3%"
"Franklin",1476,2894,61,4431,"0%"
"George",1208,9602,130,10940,"0%"
"Greene",0,0,0,0,"100%"
"Grenada",2866,4889,83,7838,"24%"
"Hancock",3095,13999,309,17403,"0%"
"Harrison",18499,41281,1161,60941,"13%"
"Hinds",59192,21242,1377,81811,"30%"
"Holmes",5182,1196,164,6542,"0%"
"Humphreys",2994,1115,55,4164,"0%"
"Issaquena",355,308,13,676,"0%"
"Itawamba",1230,9374,139,10743,"0%"
"Jackson",12061,32563,862,45486,"0%"
"Jasper",4287,4256,99,8642,"0%"
"Jeff Davis",2645,1927,78,4650,"12%"
"Jefferson",3325,529,53,3907,"0%"
"Jones",7017,19130,345,26492,"11%"
"Kemper",2275,1609,51,3935,"0%"
"Lafayette",6904,9878,381,17163,"12%"
"Lamar",5821,17700,431,23952,"3%"
"Lauderdale",9885,15791,294,25970,"12%"
"Lawrence",2240,4254,70,6564,"0%"
"Leake",3358,4973,76,8407,"0%"
"Lee",9910,21297,555,31762,"18%"
"Leflore",5444,2623,111,8178,"0%"
"Lincoln",3978,10107,162,14247,"12%"
"Lowndes",12913,13699,381,26993,"0%"
"Madison",18931,26188,713,45832,"0%"
"Marion",3421,7783,134,11338,"2%"
"Marshall",6283,6591,190,13064,"11%"
"Monroe",4565,9677,219,14461,"14%"
"Montgomery",2084,2866,22,4972,"1%"
"Neshoba",3247,8311,140,11698,"0%"
"Newton",2542,6037,99,8678,"10%"
"Noxubee",2867,1057,57,3981,"0%"
"Oktibbeha",0,0,0,0,"100%"
"Panola",4978,5738,127,10843,"15%"
"Pearl River",0,0,0,0,"100%"
"Perry",1340,4426,59,5825,"0%"
"Pike",7087,6881,205,14173,"0%"
"Pontotoc",2580,11425,210,14215,"0%"
"Prentiss",2128,8274,137,10539,"0%"
"Quitman",2138,1020,53,3211,"0%"
"Rankin",13496,39025,879,53400,"24%"
"Scott",3575,5688,123,9386,"7%"
"Sharkey",1440,687,30,2157,"0%"
"Simpson",3384,6552,130,10066,"9%"
"Smith",1518,5697,70,7285,"0%"
"Stone",1208,5239,99,6546,"0%"
"Sunflower",5118,2361,89,7568,"12%"
"Tallahatchie",2636,2228,92,4956,"16%"
"Tate",2744,5529,147,8420,"31%"
"Tippah",0,0,0,0,"100%"
"Tishomingo",1050,7854,153,9057,"0%"
"Tunica",2525,912,57,3494,"0%"
"Union",1792,9052,145,10989,"3%"
"Walthall",0,0,0,0,"100%"
"Warren",0,0,0,0,"100%"
"Washington",6218,4114,182,10514,"31%"
"Wayne",3592,6264,132,9988,"0%"
"Webster",1024,4255,68,5347,"0%"
"Wilkinson",2364,1188,54,3606,"4%"
"Winston",2994,4017,0,7011,"21%"
"Yalobusha",2767,3658,81,6506,"0%"
"Yazoo",4533,4370,109,9012,"0%"
"Beaverhead",1608,3923,130,5661,"0%"
"Big Horn",2401,2185,83,4669,"10%"
"Blaine",1589,1469,63,3121,"0%"
"Broadwater",830,3139,87,4056,"0%"
"Carbon",2412,4424,209,7045,"0%"
"Carter",74,775,15,864,"8%"
"Cascade",15384,23199,1105,39688,"0%"
"Chouteau",988,1888,91,2967,"1%"
"Custer",1510,4204,164,5878,"0%"
"Daniels",195,799,20,1014,"15%"
"Dawson",962,3758,117,4837,"0%"
"Deer Lodge",2562,2184,142,4888,"2%"
"Fallon",172,1375,28,1575,"10%"
"Fergus",1491,4830,166,6487,"7%"
"Flathead",20238,38233,1661,60132,"0%"
"Gallatin",36964,31639,2760,71363,"0%"
"Garfield",41,764,8,813,"4%"
"Glacier",3603,1882,145,5630,"1%"
"Golden Valley",78,414,11,503,"11%"
"Granite",638,1419,45,2102,"0%"
"Hill",2972,3952,243,7167,"0%"
"Jefferson",2625,5345,221,8191,"0%"
"Judith Basin",275,1040,29,1344,"6%"
"Lake",6911,9319,387,16617,"0%"
"Lewis and Clark",19741,21407,1333,42481,"0%"
"Liberty",249,821,13,1083,"7%"
"Lincoln",2812,8516,236,11564,"0%"
"Madison",1770,4186,151,6107,"0%"
"McCone",155,956,17,1128,"10%"
"Meagher",258,833,19,1110,"4%"
"Mineral",686,1828,48,2562,"0%"
"Missoula",43351,26336,2282,71969,"0%"
"Musselshell",413,2423,45,2881,"0%"
"Park",5277,6022,313,11612,"0%"
"Petroleum",39,298,14,351,"0%"
"Phillips",414,1936,34,2384,"5%"
"Pondera",903,2030,61,2994,"4%"
"Powder River",154,970,12,1136,"8%"
"Powell",752,2347,88,3187,"0%"
"Prairie",126,603,15,744,"10%"
"Ravalli",8757,19103,630,28490,"0%"
"Richland",874,4792,123,5789,"0%"
"Roosevelt",1902,1991,122,4015,"0%"
"Rosebud",1199,2485,98,3782,"0%"
"Sanders",1819,5660,172,7651,"0%"
"Sheridan",574,1402,53,2029,"11%"
"Silver Bow",10442,7790,741,18973,"0%"
"Stillwater",1155,4430,122,5707,"0%"
"Sweet Grass",549,1840,57,2446,"0%"
"Teton",1007,2608,80,3695,"0%"
"Toole",467,1596,60,2123,"0%"
"Treasure",78,373,9,460,"14%"
"Valley",1030,3135,107,4272,"2%"
"Wheatland",225,823,20,1068,"9%"
"Wibaux",77,516,5,598,"7%"
"Yellowstone",29936,49548,2733,82217,"0%"
"Alamance",38186,45490,1034,84710,"0%"
"Alexander",4113,15806,201,20120,"0%"
"Alleghany",1480,4501,59,6040,"0%"
"Anson",5768,5301,73,11142,"3%"
"Ashe",4149,11368,174,15691,"0%"
"Avery",2171,7092,76,9339,"3%"
"Beaufort",9575,16352,237,26164,"7%"
"Bertie",5846,3778,56,9680,"0%"
"Bladen",7281,9623,105,17009,"2%"
"Brunswick",32984,55373,971,89328,"1%"
"Buncombe",95881,61983,2579,160443,"8%"
"Burke",12985,30814,383,44182,"3%"
"Cabarrus",51594,62722,1779,116095,"2%"
"Caldwell",10105,31877,456,42438,"1%"
"Camden",1515,4277,87,5879,"0%"
"Carteret",11999,29886,561,42446,"5%"
"Caswell",4831,7040,91,11962,"0%"
"Catawba",25420,56203,1128,82751,"2%"
"Chatham",26642,21055,611,48308,"3%"
"Cherokee",3563,12568,210,16341,"2%"
"Chowan",3232,4458,64,7754,"12%"
"Clay",1685,5074,69,6828,"0%"
"Cleveland",16879,33664,552,51095,"0%"
"Columbus",9382,16696,165,26243,"0%"
"Craven",20977,30831,867,52675,"5%"
"Cumberland",83533,59498,2567,145598,"9%"
"Currituck",4151,11566,289,16006,"0%"
"Dare",9855,13844,362,24061,"0%"
"Davidson",21483,62143,1159,84785,"3%"
"Davie",6653,18115,291,25059,"2%"
"Duplin",8676,13703,131,22510,"1%"
"Durham",142770,31827,2630,177227,"0%"
"Edgecombe",15935,9139,153,25227,"4%"
"Forsyth",111769,84176,2524,198469,"11%"
"Franklin",15776,20748,555,37079,"2%"
"Gaston",40231,72132,1428,113791,"0%"
"Gates",2540,3354,50,5944,"1%"
"Graham",896,3667,43,4606,"0%"
"Granville",14448,16548,320,31316,"2%"
"Greene",3820,4858,37,8715,"0%"
"Guilford",171538,106384,3279,281201,"0%"
"Halifax",15382,9973,130,25485,"0%"
"Harnett",21839,34905,989,57733,"0%"
"Haywood",13095,22698,472,36265,"2%"
"Henderson",27014,39810,949,67773,"1%"
"Hertford",7077,3470,43,10590,"0%"
"Hoke",11929,9601,349,21879,"0%"
"Hyde",1035,1408,27,2470,"0%"
"Iredell",33426,66439,1411,101276,"1%"
"Jackson",9522,11263,452,21237,"0%"
"Johnston",40861,67901,1484,110246,"1%"
"Jones",2175,3267,42,5484,"3%"
"Lee",12076,16388,387,28851,"2%"
"Lenoir",13494,14500,183,28177,"0%"
"Lincoln",13178,36167,505,49850,"0%"
"Macon",6213,14152,282,20647,"1%"
"Madison",4878,7928,194,13000,"2%"
"Martin",5876,6493,85,12454,"0%"
"McDowell",5807,16839,245,22891,"0%"
"Mecklenburg",375503,178066,9649,563218,"5%"
"Mitchell",1852,7041,67,8960,"5%"
"Montgomery",4305,8363,111,12779,"0%"
"Moore",20547,36459,765,57771,"0%"
"Nash",25702,25653,471,51826,"0%"
"New Hanover",64876,62420,1958,129254,"8%"
"Northampton",6048,3977,50,10075,"0%"
"Onslow",23474,45016,1627,70117,"0%"
"Orange",63097,19993,920,84010,"18%"
"Pamlico",2699,4815,58,7572,"6%"
"Pasquotank",9653,9626,233,19512,"8%"
"Pender",11655,21833,483,33971,"0%"
"Perquimans",2485,4894,78,7457,"5%"
"Person",8416,13104,217,21737,"0%"
"Pitt",46515,38437,1082,86034,"0%"
"Polk",4485,7643,125,12253,"5%"
"Randolph",15506,56589,693,72788,"4%"
"Richmond",8676,11752,169,20597,"0%"
"Robeson",17998,25927,277,44202,"5%"
"Rockingham",15766,30955,432,47153,"0%"
"Rowan",22889,49053,814,72756,"3%"
"Rutherford",9049,24631,396,34076,"4%"
"Sampson",10606,17132,222,27960,"2%"
"Scotland",7137,7399,96,14632,"1%"
"Stanly",8037,25297,290,33624,"4%"
"Stokes",5258,19997,270,25525,"2%"
"Surry",8635,27344,311,36290,"4%"
"Swain",2765,4152,109,7026,"2%"
"Transylvania",8413,11578,262,20253,"3%"
"Tyrrell",757,1043,12,1812,"2%"
"Union",48199,79778,1498,129475,"0%"
"Vance",12412,8385,151,20948,"0%"
"Wake",388686,223466,11897,624049,"5%"
"Warren",6344,3739,124,10207,"0%"
"Washington",3387,2778,26,6191,"2%"
"Watauga",16925,14332,514,31771,"0%"
"Wayne",23986,30505,600,55091,"8%"
"Wilkes",7445,27397,355,35197,"1%"
"Wilson",20579,19473,394,40446,"1%"
"Yadkin",3744,15861,189,19794,"1%"
"Yancey",3678,7481,123,11282,"0%"
"Adams",258,978,30,1266,"13%"
"Barnes",1800,3532,175,5507,"12%"
"Benson",817,1090,45,1952,"20%"
"Billings",72,539,22,633,"8%"
"Bottineau",819,2563,74,3456,"14%"
"Bowman",227,1382,34,1643,"19%"
"Burke",196,1022,114,1332,"5%"
"Burleigh",14226,34588,1651,50465,"8%"
"Cass",40219,42567,3120,85906,"7%"
"Cavalier",474,1499,47,2020,"14%"
"Dickey",602,1732,74,2408,"16%"
"Divide",265,899,33,1197,"14%"
"Dunn",338,1945,45,2328,"9%"
"Eddy",382,851,24,1257,"10%"
"Emmons",237,1735,34,2006,"11%"
"Foster",369,1338,41,1748,"11%"
"Golden Valley",136,870,18,1024,"6%"
"Grand Forks",12856,16963,1096,30915,"0%"
"Grant",207,1132,28,1367,"14%"
"Griggs",308,906,34,1248,"18%"
"Hettinger",195,1086,25,1306,"15%"
"Kidder",221,1206,23,1450,"8%"
"LaMoure",526,1633,47,2206,"11%"
"Logan",125,923,18,1066,"12%"
"McHenry",559,2345,70,2974,"7%"
"McIntosh",259,1147,41,1447,"17%"
"McKenzie",813,4476,123,5412,"0%"
"McLean",1216,4169,106,5491,"9%"
"Mercer",703,3850,115,4668,"13%"
"Morton",3865,12234,504,16603,"8%"
"Mountrail",1251,2806,85,4142,"12%"
"Nelson",585,1139,50,1774,"9%"
"Oliver",127,917,19,1063,"8%"
"Pembina",783,2435,85,3303,"11%"
"Pierce",569,1637,172,2378,"4%"
"Ramsey",1636,3570,156,5362,"11%"
"Ransom",942,1411,90,2443,"11%"
"Renville",218,1053,34,1305,"11%"
"Richland",2495,5035,227,7757,"10%"
"Rolette",2475,1253,63,3791,"27%"
"Sargent",812,1286,215,2313,"0%"
"Sheridan",104,688,20,812,"13%"
"Sioux",804,257,124,1185,"16%"
"Slope",44,379,3,426,"14%"
"Stark",2490,12091,438,15019,"0%"
"Steele",392,649,44,1085,"8%"
"Stutsman",2670,6981,288,9939,"0%"
"Towner",317,828,27,1172,"12%"
"Traill",1491,2519,121,4131,"8%"
"Walsh",1329,3309,124,4762,"12%"
"Ward",7264,19921,974,28159,"10%"
"Wells",442,1891,39,2372,"13%"
"Williams",2157,11707,421,14285,"2%"
"Adams",4171,9993,348,14512,"4%"
"Antelope",449,3076,36,3561,"3%"
"Arthur",21,260,3,284,"7%"
"Banner",43,362,5,410,"10%"
"Blaine",35,280,2,317,"11%"
"Boone",499,2653,65,3217,"1%"
"Box Butte",1037,3920,124,5081,"8%"
"Boyd",135,1006,8,1149,"11%"
"Brown",190,1468,18,1676,"6%"
"Buffalo",6292,16473,709,23474,"0%"
"Burt",1061,2560,88,3709,"7%"
"Butler",869,3526,83,4478,"0%"
"Cass",4364,9296,411,14071,"0%"
"Cedar",725,4174,97,4996,"0%"
"Chase",226,1714,27,1967,"7%"
"Cherry",367,2838,47,3252,"7%"
"Cheyenne",851,3782,97,4730,"10%"
"Clay",631,2840,78,3549,"1%"
"Colfax",1024,2635,65,3724,"0%"
"Cuming",862,3476,74,4412,"3%"
"Custer",768,4996,113,5877,"7%"
"Dakota",2696,3869,122,6687,"5%"
"Dawes",1076,2919,107,4102,"1%"
"Dawson",2484,6487,169,9140,"5%"
"Deuel",153,901,28,1082,"5%"
"Dixon",651,2335,97,3083,"1%"
"Dodge",5526,10963,391,16880,"3%"
"Douglas",141140,112354,4928,258422,"4%"
"Dundy",105,883,11,999,"9%"
"Fillmore",691,2333,81,3105,"6%"
"Franklin",276,1434,11,1721,"8%"
"Frontier",185,1207,22,1414,"5%"
"Furnas",397,2155,37,2589,"1%"
"Gage",3373,7397,237,11007,"2%"
"Garden",161,1016,18,1195,"2%"
"Garfield",133,925,9,1067,"3%"
"Gosper",215,893,10,1118,"1%"
"Grant",20,373,7,400,"12%"
"Greeley",228,1015,13,1256,"5%"
"Hall",7551,15950,498,23999,"3%"
"Hamilton",1117,4297,106,5520,"1%"
"Harlan",282,1615,31,1928,"6%"
"Hayes",34,492,6,532,"12%"
"Hitchcock",174,1260,30,1464,"12%"
"Holt",678,4717,82,5477,"4%"
"Hooker",59,376,7,442,"5%"
"Howard",648,2786,67,3501,"0%"
"Jefferson",1009,2593,84,3686,"6%"
"Johnson",646,1517,64,2227,"5%"
"Kearney",699,2812,80,3591,"3%"
"Keith",760,3525,56,4341,"4%"
"Keya Paha",49,476,4,529,"9%"
"Kimball",267,1553,40,1860,"1%"
"Knox",903,3719,71,4693,"0%"
"Lancaster",80513,68321,4197,153031,"0%"
"Lincoln",3655,12887,384,16926,"7%"
"Logan",38,407,5,450,"11%"
"Loup",75,370,9,454,"0%"
"Madison",3393,11678,336,15407,"3%"
"McPherson",17,274,10,301,"0%"
"Merrick",740,3407,120,4267,"0%"
"Morrill",386,2113,58,2557,"0%"
"Nance",358,1430,32,1820,"0%"
"Nemaha",911,2396,74,3381,"6%"
"Nuckolls",409,1850,37,2296,"7%"
"Otoe",2481,5609,216,8306,"0%"
"Pawnee",322,1069,36,1427,"5%"
"Perkins",199,1316,25,1540,"6%"
"Phelps",749,4131,99,4979,"5%"
"Pierce",480,3462,64,4006,"1%"
"Platte",3208,11827,221,15256,"6%"
"Polk",527,2286,57,2870,"1%"
"Red Willow",811,4525,116,5452,"6%"
"Richardson",981,2981,56,4018,"6%"
"Rock",84,741,13,838,"6%"
"Saline",1737,3458,141,5336,"7%"
"Sarpy",41029,51518,2862,95409,"0%"
"Saunders",3318,9036,292,12646,"0%"
"Scotts Bluff",4133,10810,346,15289,"5%"
"Seward",2430,6424,211,9065,"0%"
"Sheridan",340,2292,40,2672,"9%"
"Sherman",341,1306,33,1680,"5%"
"Sioux",72,640,15,727,"12%"
"Stanton",532,2561,72,3165,"0%"
"Thayer",619,2285,47,2951,"2%"
"Thomas",45,377,5,427,"7%"
"Thurston",1107,1164,23,2294,"7%"
"Valley",410,1892,31,2333,"6%"
"Washington",3547,8533,272,12352,"0%"
"Wayne",1022,3055,123,4200,"1%"
"Webster",335,1511,30,1876,"4%"
"Wheeler",59,437,5,501,"4%"
"York",1619,5296,174,7089,"1%"
"Belknap",16857,20870,660,38387,"NA%"
"Carroll",16618,16065,428,33111,"NA%"
"Cheshire",23474,16120,747,40341,"NA%"
"Coos",7625,8611,271,16507,"NA%"
"Grafton",33168,19903,904,53975,"NA%"
"Hillsborough",120032,104553,5946,230531,"NA%"
"Merrimack",48447,39389,1591,89427,"NA%"
"Rockingham",100064,95858,2890,198812,"NA%"
"Strafford",41663,30486,1497,73646,"NA%"
"Sullivan",12360,11490,485,24335,"NA%"
"Atlantic",61032,51884,1594,114510,"15%"
"Bergen",239742,160488,5508,405738,"16%"
"Burlington",118052,66337,2692,187081,"26%"
"Camden",105963,40258,1752,147973,"43%"
"Cape May",21511,28547,620,50678,"10%"
"Cumberland",15440,9974,257,25671,"60%"
"Essex",206048,56149,2132,264329,"26%"
"Gloucester",76925,69839,2553,149317,"7%"
"Hudson",141997,45160,2364,189521,"25%"
"Hunterdon",34597,34320,1434,70351,"14%"
"Mercer",98338,38339,2207,138884,"23%"
"Middlesex",141137,70095,2268,213500,"43%"
"Monmouth",121759,105773,2554,230086,"36%"
"Morris",73790,54392,1958,130140,"55%"
"Ocean",104552,180820,4179,289551,"8%"
"Passaic",67604,42806,1293,111703,"50%"
"Salem",11613,13992,473,26078,"23%"
"Somerset",87411,51400,1842,140653,"22%"
"Sussex",26115,33253,1212,60580,"29%"
"Union",88984,32422,1360,122766,"17%"
"Warren",16038,18232,638,34908,"38%"
"Bernalillo",192042,115674,7616,315332,"0%"
"Catron",580,1672,32,2284,"0%"
"Chaves",6379,15646,406,22431,"0%"
"Cibola",4668,3946,177,8791,"0%"
"Colfax",2611,3271,134,6016,"9%"
"Curry",4179,10303,330,14812,"0%"
"DeBaca",231,654,14,899,"0%"
"Dona Ana",47919,32760,1877,82556,"0%"
"Eddy",5343,17356,340,23039,"0%"
"Grant",7538,6528,291,14357,"3%"
"Guadalupe",1229,912,38,2179,"0%"
"Harding",179,319,7,505,"22%"
"Hidalgo",812,1105,31,1948,"6%"
"Lea",4007,16475,323,20805,"0%"
"Lincoln",3139,6872,165,10176,"0%"
"Los Alamos",7363,4230,445,12038,"4%"
"Luna",3563,4406,132,8101,"0%"
"McKinley",17684,7597,645,25926,"0%"
"Mora",1744,902,37,2683,"11%"
"Otero",8477,14514,565,23556,"0%"
"Quay",1170,2634,69,3873,"3%"
"Rio Arriba",13597,7255,269,21121,"1%"
"Roosevelt",1799,4629,172,6600,"0%"
"San Juan",17991,32807,1327,52125,"2%"
"San Miguel",7822,3406,219,11447,"14%"
"Sandoval",40307,34048,1787,76142,"0%"
"Santa Fe",61629,18236,1348,81213,"1%"
"Sierra",2264,3541,138,5943,"0%"
"Socorro",3686,3242,183,7111,"0%"
"Taos",12816,3638,336,16790,"5%"
"Torrance",2327,4756,164,7247,"0%"
"Union",381,1381,18,1780,"6%"
"Valencia",14051,17245,643,31939,"0%"
"Carson City",11775,14846,727,27348,"12%"
"Churchill",2862,8916,417,12195,"10%"
"Clark",431863,367279,14051,813193,"12%"
"Douglas",9727,17985,626,28338,"18%"
"Elko",4246,15726,603,20575,"11%"
"Esmeralda",72,389,13,474,"10%"
"Eureka",92,833,17,942,"0%"
"Humboldt",1608,5531,185,7324,"8%"
"Lander",477,2107,64,2648,"11%"
"Lincoln",318,1949,45,2312,"13%"
"Lyon",8256,20288,825,29369,"0%"
"Mineral",759,1343,77,2179,"12%"
"Nye",6435,15418,423,22276,"8%"
"Pershing",525,1668,39,2232,"9%"
"Storey",899,1903,66,2868,"10%"
"Washoe",123501,113394,6986,243881,"6%"
"White Pine",836,3238,103,4177,"11%"
"Albany",73189,45570,2770,121529,"22%"
"Allegany",4188,12670,413,17271,"18%"
"Bronx",271835,55849,1954,329638,"26%"
"Brooklyn",514133,174731,5073,693937,"23%"
"Broome",32209,38296,1746,72251,"25%"
"Cattaraugus",9142,20295,614,30051,"14%"
"Cayuga",11993,17639,664,30296,"18%"
"Chautauqua",16200,31247,981,48428,"20%"
"Chemung",11573,19388,685,31646,"22%"
"Chenango",5126,11736,379,17241,"24%"
"Clinton",12690,14354,427,27471,"24%"
"Columbia",14148,12883,506,27537,"20%"
"Cortland",6829,9484,387,16700,"26%"
"Delaware",6420,11952,340,18712,"16%"
"Dutchess",57720,59661,2158,119539,"15%"
"Erie",198808,178349,6795,383952,"19%"
"Essex",6970,7953,262,15185,"21%"
"Franklin",6586,8530,281,15397,"19%"
"Fulton",5804,13989,360,20153,"15%"
"Genesee",7048,17340,616,25004,"16%"
"Greene",7675,12722,485,20882,"15%"
"Hamilton",863,1917,45,2825,"22%"
"Herkimer",7282,17038,446,24766,"16%"
"Jefferson",12053,22779,698,35530,"17%"
"Lewis",2768,7931,179,10878,"14%"
"Livingston",9150,16575,608,26333,"22%"
"Madison",10417,16553,728,27698,"18%"
"Manhattan",377605,65001,4255,446861,"40%"
"Monroe",146299,122799,6834,275932,"29%"
"Montgomery",5746,11500,369,17615,"12%"
"Nassau",280288,286661,5757,572706,"12%"
"Niagara",34809,51355,1657,87821,"15%"
"Oneida",30542,51950,1607,84099,"17%"
"Onondaga",93850,78994,3954,176798,"24%"
"Ontario",20779,25757,1294,47830,"18%"
"Orange",61868,76218,1870,139956,"18%"
"Orleans",4082,11173,370,15625,"15%"
"Oswego",14677,28914,955,44546,"17%"
"Otsego",9138,12682,520,22340,"22%"
"Putnam",17106,25899,656,43661,"20%"
"Queens",769135,173304,4133,946572,"0%"
"Rensselaer",30450,33371,1464,65285,"19%"
"Rockland",50926,63830,1268,116024,"23%"
"Saint Lawrence",13036,21862,621,35519,"18%"
"Saratoga",49697,55248,2638,107583,"16%"
"Schenectady",31685,27544,1362,60591,"20%"
"Schoharie",4006,9010,358,13374,"15%"
"Schuyler",2858,5181,181,8220,"16%"
"Seneca",5076,7582,296,12954,"17%"
"Staten Island",67223,110094,1434,178751,"12%"
"Steuben",11299,26781,717,38797,"18%"
"Suffolk",258007,333100,7022,598129,"22%"
"Sullivan",10995,15555,381,26931,"20%"
"Tioga",6724,13292,495,20511,"18%"
"Tompkins",21643,8522,686,30851,"35%"
"Ulster",42606,33580,1481,77667,"19%"
"Warren",11811,15200,614,27625,"21%"
"Washington",8537,14577,493,23607,"14%"
"Wayne",12799,23734,892,37425,"16%"
"Westchester",400881,217725,6712,625318,"1%"
"Wyoming",3840,12969,353,17162,"11%"
"Yates",3046,5552,219,8817,"22%"
"Adams",2130,9660,115,11905,"4%"
"Allen",13611,32052,699,46362,"5%"
"Ashland",6448,19002,433,25883,"0%"
"Ashtabula",16207,26225,821,43253,"0%"
"Athens",14047,10386,443,24876,"0%"
"Auglaize",4583,20451,362,25396,"0%"
"Belmont",9007,23092,435,32534,"2%"
"Brown",4326,16032,228,20586,"0%"
"Butler",67729,111722,2583,182034,"8%"
"Carroll",3206,10525,226,13957,"0%"
"Champaign",4946,14086,337,19369,"0%"
"Clark",23625,38217,1028,62870,"8%"
"Clermont",33505,73077,1949,108531,"4%"
"Clinton",4556,15061,323,19940,"0%"
"Columbiana",13183,35124,862,49169,"0%"
"Coshocton",4057,11982,309,16348,"0%"
"Crawford",4831,15043,348,20222,"0%"
"Cuyahoga",402315,195089,7864,605268,"18%"
"Darke",4668,21569,384,26621,"0%"
"Defiance",5870,12778,384,19032,"1%"
"Delaware",56961,65163,1880,124004,"0%"
"Erie",17142,21724,657,39523,"12%"
"Fairfield",30634,49714,1243,81591,"2%"
"Fayette",2911,9220,174,12305,"0%"
"Franklin",391584,203154,11284,606022,"9%"
"Fulton",6545,15396,358,22299,"0%"
"Gallia",2911,10289,158,13358,"2%"
"Geauga",20980,33581,820,55381,"0%"
"Greene",34023,50937,1656,86616,"1%"
"Guernsey",4498,13077,231,17806,"0%"
"Hamilton",238101,173015,6458,417574,"13%"
"Hancock",11535,25796,668,37999,"7%"
"Hardin",3025,9698,231,12954,"1%"
"Harrison",1742,5668,90,7500,"0%"
"Henry",3995,10273,214,14482,"4%"
"Highland",3741,15369,193,19303,"0%"
"Hocking",3836,9554,396,13786,"0%"
"Holmes",1981,10645,183,12809,"0%"
"Huron",7643,18537,448,26628,"0%"
"Jackson",3193,10804,163,14160,"0%"
"Jefferson",9823,22309,440,32572,"6%"
"Knox",8433,21825,445,30703,"0%"
"Lake",54337,71615,1915,127867,"5%"
"Lawrence",7353,19759,315,27427,"1%"
"Licking",32324,57965,1541,91830,"3%"
"Logan",4990,17625,370,22985,"0%"
"Lorain",72792,76719,2477,151988,"7%"
"Lucas",111989,79628,3265,194882,"19%"
"Madison",5558,13445,306,19309,"0%"
"Mahoning",56346,58601,1618,116565,"0%"
"Marion",8089,18526,511,27126,"0%"
"Medina",39326,63451,1601,104378,"0%"
"Meigs",2452,8163,149,10764,"0%"
"Mercer",3981,19145,300,23426,"0%"
"Miami",15420,40531,1017,56968,"0%"
"Monroe",1597,5392,77,7066,"0%"
"Montgomery",131592,126085,4883,262560,"14%"
"Morgan",1703,4932,86,6721,"0%"
"Morrow",3988,13784,316,18088,"0%"
"Muskingum",11755,27334,604,39693,"0%"
"Noble",1156,5024,41,6221,"0%"
"Ottawa",8847,14285,393,23525,"1%"
"Paulding",2172,6927,181,9280,"0%"
"Perry",4006,11959,214,16179,"0%"
"Pickaway",7167,20059,404,27630,"0%"
"Pike",3051,8872,140,12063,"2%"
"Portage",34935,45034,1311,81280,"0%"
"Preble",4435,16697,305,21437,"0%"
"Putnam",3152,16218,301,19671,"1%"
"Richland",17231,40534,836,58601,"4%"
"Ross",10345,21687,499,32531,"0%"
"Sandusky",10391,18487,612,29490,"3%"
"Scioto",8876,21926,344,31146,"5%"
"Seneca",8147,16739,436,25322,"5%"
"Shelby",4399,19988,398,24785,"0%"
"Stark",74336,108610,2768,185714,"10%"
"Summit",148151,122023,4594,274768,"10%"
"Trumbull",43534,53756,1387,98677,"0%"
"Tuscarawas",12643,29519,658,42820,"2%"
"Union",10985,21233,620,32838,"3%"
"Van Wert",3026,11470,271,14767,"0%"
"Vinton",1306,4525,71,5902,"0%"
"Warren",45040,85069,2282,132391,"0%"
"Washington",9114,21798,470,31382,"1%"
"Wayne",24040,33618,684,58342,"0%"
"Williams",4726,13218,346,18290,"0%"
"Wood",29797,34815,1248,65860,"3%"
"Wyandot",2690,8248,184,11122,"0%"
"Adair",1382,5560,136,7078,"0%"
"Alfalfa",231,1978,52,2261,"6%"
"Atoka",761,4543,67,5371,"0%"
"Beaver",190,1964,20,2174,"12%"
"Beckham",1048,6753,132,7933,"0%"
"Blaine",688,3133,77,3898,"3%"
"Bryan",3317,12319,308,15944,"0%"
"Caddo",2666,7006,176,9848,"0%"
"Canadian",16729,43481,1647,61857,"0%"
"Carter",4470,14699,310,19479,"2%"
"Cherokee",6023,11210,464,17697,"0%"
"Choctaw",1081,4696,52,5829,"0%"
"Cimarron",70,966,14,1050,"18%"
"Cleveland",49754,66569,3268,119591,"2%"
"Coal",373,2091,59,2523,"0%"
"Comanche",13743,20894,979,35616,"0%"
"Cotton",393,2117,62,2572,"6%"
"Craig",1217,4686,129,6032,"1%"
"Creek",6570,23269,634,30473,"0%"
"Custer",2365,8051,261,10677,"8%"
"Delaware",3470,13532,216,17218,"0%"
"Dewey",213,2121,21,2355,"2%"
"Ellis",162,1686,23,1871,"4%"
"Garfield",4915,16956,541,22412,"0%"
"Garvin",1864,8863,178,10905,"2%"
"Grady",4131,18499,417,23047,"0%"
"Grant",280,1916,30,2226,"5%"
"Greer",328,1604,40,1972,"1%"
"Harmon",177,747,9,933,"11%"
"Harper",136,1324,24,1484,"7%"
"Haskell",782,4158,66,5006,"0%"
"Hughes",919,3875,63,4857,"0%"
"Jackson",1645,6391,183,8219,"3%"
"Jefferson",319,2023,40,2382,"4%"
"Johnston",736,3431,72,4239,"0%"
"Kay",4037,12829,374,17240,"0%"
"Kingfisher",853,5514,90,6457,"1%"
"Kiowa",699,2667,55,3421,"7%"
"Latimer",762,3435,50,4247,"0%"
"LeFlore",3296,15199,292,18787,"0%"
"Lincoln",2607,11996,266,14869,"0%"
"Logan",5452,15596,510,21558,"0%"
"Love",711,3301,60,4072,"0%"
"Major",320,3082,63,3465,"3%"
"Marshall",1099,4887,73,6059,"0%"
"Mayes",3580,12743,296,16619,"0%"
"McClain",3581,15264,356,19201,"0%"
"McCurtain",1856,9478,124,11458,"0%"
"McIntosh",2024,6152,132,8308,"1%"
"Murray",1156,4610,126,5892,"0%"
"Muskogee",8013,16495,527,25035,"0%"
"Noble",1000,3816,114,4930,"5%"
"Nowata",712,3610,69,4391,"1%"
"Okfuskee",889,3046,84,4019,"3%"
"Oklahoma",141587,144916,7957,294460,"0%"
"Okmulgee",4352,9651,286,14289,"3%"
"Osage",5998,14107,415,20520,"0%"
"Ottawa",2684,8545,207,11436,"0%"
"Pawnee",1362,5256,156,6774,"0%"
"Payne",10881,17778,924,29583,"3%"
"Pittsburg",3766,13829,305,17900,"0%"
"Pontotoc",4116,10784,398,15298,"6%"
"Pottawatomie",7274,20224,669,28167,"0%"
"Pushmataha",668,4015,55,4738,"0%"
"Roger Mills",168,1626,37,1831,"1%"
"Rogers",9578,33988,932,44498,"0%"
"Seminole",2150,6008,176,8334,"1%"
"Sequoyah",3035,12113,238,15386,"0%"
"Stephens",3151,15552,343,19046,"0%"
"Texas",894,4504,122,5520,"11%"
"Tillman",597,2076,35,2708,"5%"
"Tulsa",108813,150266,7085,266164,"4%"
"Wagoner",8439,26058,707,35204,"0%"
"Washington",5790,17069,634,23493,"0%"
"Washita",596,4078,93,4767,"4%"
"Woods",590,2989,94,3673,"9%"
"Woodward",1005,6607,169,7781,"4%"
"Baker",2332,7316,230,9878,"1%"
"Benton",35438,14647,2049,52134,"6%"
"Clackamas",114121,78503,4908,197532,"19%"
"Clatsop",12295,9713,750,22758,"0%"
"Columbia",13535,16779,1204,31518,"0%"
"Coos",14024,21488,972,36484,"0%"
"Crook",3715,11103,347,15165,"2%"
"Curry",6023,8441,379,14843,"0%"
"Deschutes",64102,54183,3447,121732,"0%"
"Douglas",18780,42513,1814,63107,"0%"
"Gilliam",323,830,19,1172,"2%"
"Grant",923,3537,117,4577,"0%"
"Harney",890,3465,110,4465,"1%"
"Hood River",8530,3858,357,12745,"0%"
"Jackson",58386,63012,3786,125184,"0%"
"Jefferson",4306,7044,316,11666,"0%"
"Josephine",17908,30954,1343,50205,"1%"
"Klamath",10260,25048,1023,36331,"0%"
"Lake",788,3449,99,4336,"3%"
"Lane",132015,79208,7298,218521,"0%"
"Lincoln",17248,12336,857,30441,"0%"
"Linn",25893,42708,2547,71148,"0%"
"Malheur",3202,8101,350,11653,"2%"
"Marion",73281,71107,4621,149009,"4%"
"Morrow",1345,3557,158,5060,"0%"
"Multnomah",360326,80986,12934,454246,"0%"
"Polk",22431,23259,1589,47279,"0%"
"Sherman",257,914,26,1197,"0%"
"Tillamook",7956,8306,463,16725,"0%"
"Umatilla",10499,21002,1038,32539,"0%"
"Union",4227,10247,388,14862,"0%"
"Wallowa",1619,3390,119,5128,"0%"
"Wasco",6467,6965,472,13904,"0%"
"Washington",193029,90662,9831,293522,"4%"
"Wheeler",216,710,37,963,"0%"
"Yamhill",25296,27494,1977,54767,"1%"
"Adams",17919,37009,886,55814,"0%"
"Allegheny",396042,267838,10367,674247,"6%"
"Armstrong",7130,26105,389,33624,"6%"
"Beaver",37389,53886,1492,92767,"4%"
"Bedford",4266,22529,223,27018,"0%"
"Berks",89530,105941,3332,198803,"7%"
"Blair",14628,41824,664,57116,"11%"
"Bradford",7729,21037,551,29317,"0%"
"Bucks",183099,175467,4609,363175,"9%"
"Butler",36534,73023,1460,111017,"1%"
"Cambria",21293,47386,906,69585,"5%"
"Cameron",634,1771,35,2440,"1%"
"Carbon",10962,21558,451,32971,"0%"
"Centre",38978,35849,1329,76156,"14%"
"Chester",177408,126446,4719,308573,"1%"
"Clarion",4615,14363,256,19234,"6%"
"Clearfield",9562,28940,536,39038,"0%"
"Clinton",5406,11668,247,17321,"1%"
"Columbia",10283,19746,628,30657,"0%"
"Crawford",6053,24180,447,30680,"28%"
"Cumberland",40234,67021,2017,109272,"23%"
"Dauphin",77125,65074,2340,144539,"0%"
"Delaware",181296,110116,3484,294896,"15%"
"Elk",4440,11931,278,16649,"0%"
"Erie",58742,62384,2063,123189,"14%"
"Fayette",19381,39887,507,59775,"2%"
"Forest",715,1864,42,2621,"0%"
"Franklin",21994,56565,1232,79791,"2%"
"Fulton",1068,6660,79,7807,"0%"
"Greene",3631,11637,156,15424,"13%"
"Huntingdon",5389,16937,331,22657,"0%"
"Indiana",12475,27832,528,40835,"7%"
"Jefferson",4448,17702,367,22517,"0%"
"Juniata",2252,9638,157,12047,"0%"
"Lackawanna",61001,51396,1347,113744,"0%"
"Lancaster",112536,156938,4053,273527,"2%"
"Lawrence",15557,29071,589,45217,"4%"
"Lebanon",23263,45781,1156,70200,"2%"
"Lehigh",72663,73321,1752,147736,"21%"
"Luzerne",62983,84649,1471,149103,"5%"
"Lycoming",16718,40878,866,58462,"0%"
"McKean",5024,13892,279,19195,"0%"
"Mercer",14425,32213,607,47245,"22%"
"Mifflin",4560,16532,225,21317,"0%"
"Monroe",31261,33168,898,65327,"19%"
"Montgomery",313543,182907,5111,501561,"1%"
"Montour",3746,5791,177,9714,"2%"
"Northampton",83401,82548,2411,168360,"0%"
"Northumberland",12414,28412,734,41560,"0%"
"Perry",5704,17879,449,24032,"0%"
"Philadelphia",488491,116526,5496,610513,"17%"
"Pike",12845,18951,321,32117,"0%"
"Potter",1686,7117,98,8901,"0%"
"Schuylkill",20425,48100,1124,69649,"2%"
"Snyder",4848,13816,281,18945,"0%"
"Somerset",8543,31105,445,40093,"1%"
"Sullivan",902,2595,53,3550,"0%"
"Susquehanna",6084,14878,362,21324,"0%"
"Tioga",2616,13387,328,16331,"21%"
"Union",7302,12175,355,19832,"2%"
"Venango",7475,18286,437,26198,"1%"
"Warren",5987,14020,394,20401,"2%"
"Washington",44231,71072,1557,116860,"1%"
"Wayne",9118,18444,314,27876,"0%"
"Westmoreland",69110,127316,2716,199142,"6%"
"Wyoming",4642,9819,255,14716,"1%"
"York",85323,143260,4150,232733,"3%"
"Bristol",17549,9501,448,27498,"NA%"
"Kent",47748,41249,1416,90413,"NA%"
"Newport",28610,15417,668,44695,"NA%"
"Providence",160165,100537,3619,264321,"NA%"
"Washington",43001,29293,1182,73476,"NA%"
"Abbeville",5106,9343,103,14552,"2%"
"Aiken",32257,51554,1319,85130,"0%"
"Allendale",2714,831,40,3585,"15%"
"Anderson",27055,67286,1352,95693,"0%"
"Bamberg",4003,2413,54,6470,"7%"
"Barnwell",4717,5487,109,10313,"4%"
"Beaufort",43231,52954,1212,97397,"0%"
"Berkeley",45126,57285,1836,104247,"1%"
"Calhoun",3903,4302,81,8286,"2%"
"Charleston",121084,92952,4054,218090,"0%"
"Cherokee",6980,18040,244,25264,"3%"
"Chester",6941,8657,156,15754,"0%"
"Chesterfield",7427,11279,148,18854,"2%"
"Clarendon",8250,8359,122,16731,"0%"
"Colleton",8568,10396,241,19205,"0%"
"Darlington",15199,16808,364,32371,"0%"
"Dillon",6435,6578,83,13096,"1%"
"Dorchester",32572,40997,1489,75058,"0%"
"Edgefield",4953,8183,167,13303,"0%"
"Fairfield",7369,4619,128,12116,"0%"
"Florence",30792,32304,717,63813,"0%"
"Georgetown",15787,20431,355,36573,"0%"
"Greenville",102640,149253,5058,256951,"0%"
"Greenwood",12090,19366,430,31886,"0%"
"Hampton",5310,3893,76,9279,"1%"
"Horry",40863,104075,1442,146380,"8%"
"Jasper",7162,7065,662,14889,"0%"
"Kershaw",12690,20458,459,33607,"0%"
"Lancaster",18824,30146,613,49583,"0%"
"Laurens",10141,19969,324,30434,"5%"
"Lee",5308,2997,92,8397,"0%"
"Lexington",49206,92594,2437,144237,"2%"
"Marion",8846,5694,121,14661,"4%"
"Marlboro",6277,5027,111,11415,"0%"
"McCormick",2685,2958,52,5695,"0%"
"Newberry",6926,11418,230,18574,"0%"
"Oconee",10396,29641,555,40592,"1%"
"Orangeburg",27250,13586,307,41143,"6%"
"Pickens",13625,42759,991,57375,"4%"
"Richland",131854,58091,2916,192861,"5%"
"Saluda",2948,6179,101,9228,"0%"
"Spartanburg",52592,92562,2155,147309,"0%"
"Sumter",27297,20951,539,48787,"0%"
"Union",4934,8182,139,13255,"0%"
"Williamsburg",10282,5523,164,15969,"0%"
"York",58094,80501,2257,140852,"0%"
"Aurora",317,1052,36,1405,"5%"
"Beadle",2107,4808,166,7081,"0%"
"Bennett",466,694,23,1183,"6%"
"Bon Homme",721,2235,45,3001,"7%"
"Brookings",6110,8000,457,14567,"0%"
"Brown",6538,10580,429,17547,"1%"
"Brule",673,1750,67,2490,"0%"
"Buffalo",352,183,14,549,"19%"
"Butte",939,3731,132,4802,"1%"
"Campbell",117,747,9,873,"0%"
"Charles Mix",1177,2552,54,3783,"4%"
"Clark",437,1373,40,1850,"8%"
"Clay",3083,2456,159,5698,"0%"
"Codington",3837,8958,366,13161,"0%"
"Corson",622,647,14,1283,"0%"
"Custer",1522,3852,120,5494,"0%"
"Davison",2648,5613,193,8454,"0%"
"Day",1052,1869,43,2964,"2%"
"Deuel",609,1699,42,2350,"2%"
"Dewey",1131,790,45,1966,"1%"
"Douglas",216,1468,23,1707,"4%"
"Edmunds",417,1538,30,1985,"2%"
"Fall River",1053,2878,111,4042,"0%"
"Faulk",198,964,20,1182,"0%"
"Grant",1056,2618,71,3745,"6%"
"Gregory",455,1772,32,2259,"0%"
"Haakon",105,1026,6,1137,"1%"
"Hamlin",647,2372,64,3083,"0%"
"Hand",373,1433,30,1836,"6%"
"Hanson",557,1793,38,2388,"6%"
"Harding",49,748,16,813,"6%"
"Hughes",2953,5522,248,8723,"0%"
"Hutchinson",762,2944,61,3767,"0%"
"Hyde",136,564,10,710,"8%"
"Jackson",359,738,18,1115,"4%"
"Jerauld",270,721,15,1006,"5%"
"Jones",90,498,11,599,"6%"
"Kingsbury",819,1904,56,2779,"4%"
"Lake",2068,3681,124,5873,"0%"
"Lawrence",4537,8753,538,13828,"0%"
"Lincoln",11981,19676,798,32455,"0%"
"Lyman",525,1042,30,1597,"3%"
"Marshall",858,1287,33,2178,"0%"
"McCook",769,2068,63,2900,"0%"
"McPherson",222,1075,27,1324,"0%"
"Meade",3285,9875,510,13670,"1%"
"Mellette",298,449,22,769,"5%"
"Miner",320,787,31,1138,"10%"
"Minnehaha",40478,49248,2595,92321,"0%"
"Moody",1179,1951,76,3206,"4%"
"Oglala Lakota",2824,297,74,3195,"9%"
"Pennington",20606,35063,1849,57518,"0%"
"Perkins",239,1401,29,1669,"7%"
"Potter",227,1139,14,1380,"5%"
"Roberts",1828,2404,75,4307,"9%"
"Sanborn",257,905,23,1185,"0%"
"Spink",998,2104,61,3163,"1%"
"Stanley",421,1203,28,1652,"0%"
"Sully",185,726,19,930,"0%"
"Todd",1963,532,44,2539,"3%"
"Tripp",495,2161,40,2696,"5%"
"Turner",1139,3290,119,4548,"2%"
"Union",2729,5949,186,8864,"0%"
"Walworth",565,1966,49,2580,"1%"
"Yankton",4016,6581,303,10900,"1%"
"Ziebach",481,404,21,906,"0%"
"Anderson",11733,23163,631,35527,"4%"
"Bedford",4443,14317,279,19039,"0%"
"Benton",1526,5661,63,7250,"1%"
"Bledsoe",971,4725,62,5758,"0%"
"Blount",17834,47195,1277,66306,"0%"
"Bradley",9849,35194,925,45968,"0%"
"Campbell",2438,12330,161,14929,"0%"
"Cannon",1261,5190,111,6562,"1%"
"Carroll",2558,9194,141,11893,"9%"
"Carter",4613,19873,382,24868,"0%"
"Cheatham",5457,14328,306,20091,"0%"
"Chester",1411,5951,216,7578,"3%"
"Claiborne",2201,10598,136,12935,"0%"
"Clay",735,2733,38,3506,"0%"
"Cocke",2524,12182,164,14870,"1%"
"Coffee",5704,17863,746,24313,"0%"
"Crockett",1382,4673,59,6114,"4%"
"Cumberland",6728,25167,412,32307,"0%"
"Davidson",197846,99415,11064,308325,"0%"
"DeKalb",1747,6663,91,8501,"0%"
"Decatur",904,4229,117,5250,"1%"
"Dickson",6098,17619,625,24342,"0%"
"Dyer",3157,11766,151,15074,"9%"
"Fayette",7000,15661,267,22928,"6%"
"Fentress",1210,7403,74,8687,"0%"
"Franklin",4863,13977,306,19146,"0%"
"Gibson",5764,16245,327,22336,"0%"
"Giles",3298,9783,121,13202,"1%"
"Grainger",1463,8559,101,10123,"1%"
"Greene",5183,22185,689,28057,"0%"
"Grundy",985,4795,64,5844,"1%"
"Hamblen",5497,18789,339,24625,"1%"
"Hamilton",75360,91991,3384,170735,"0%"
"Hancock",362,2372,10,2744,"1%"
"Hardeman",4180,5760,118,10058,"17%"
"Hardin",1774,9556,204,11534,"5%"
"Hawkins",4069,20372,335,24776,"0%"
"Haywood",4000,3338,82,7420,"15%"
"Henderson",2092,9797,131,12020,"0%"
"Henry",3547,11230,257,15034,"3%"
"Hickman",2130,7577,125,9832,"1%"
"Houston",869,2715,97,3681,"0%"
"Humphreys",2017,6116,99,8232,"1%"
"Jackson",1133,4106,69,5308,"0%"
"Jefferson",4645,18609,308,23562,"0%"
"Johnson",1242,6466,85,7793,"0%"
"Knox",91097,124339,4433,219869,"0%"
"Lake",526,1492,16,2034,"16%"
"Lauderdale",3193,5672,98,8963,"11%"
"Lawrence",3195,15334,189,18718,"1%"
"Lewis",1068,4473,63,5604,"0%"
"Lincoln",2909,12258,408,15575,"3%"
"Loudon",6933,21684,758,29375,"0%"
"Macon",1307,8095,84,9486,"0%"
"Madison",18309,23922,616,42847,"9%"
"Marion",3165,9873,166,13204,"0%"
"Marshall",3603,11029,230,14862,"0%"
"Maury",14386,31408,876,46670,"0%"
"McMinn",4357,18175,283,22815,"0%"
"McNairy",1943,9085,239,11267,"3%"
"Meigs",1008,4464,57,5529,"0%"
"Monroe",3760,16742,247,20749,"0%"
"Montgomery",32426,42156,2096,76678,"0%"
"Moore",573,2888,78,3539,"3%"
"Morgan",1161,6926,131,8218,"0%"
"Obion",2589,10790,142,13521,"9%"
"Overton",2028,7911,86,10025,"0%"
"Perry",615,2775,38,3428,"0%"
"Pickett",524,2373,25,2922,"4%"
"Polk",1492,6792,76,8360,"0%"
"Putnam",9154,23694,633,33481,"1%"
"Rhea",2363,11031,214,13608,"0%"
"Roane",6034,19195,685,25914,"0%"
"Robertson",8690,24535,487,33712,"0%"
"Rutherford",59177,81344,3367,143888,"0%"
"Scott",986,8004,62,9052,"1%"
"Sequatchie",1295,5846,98,7239,"0%"
"Sevier",8695,33742,1137,43574,"0%"
"Shelby",245208,129543,7107,381858,"0%"
"Smith",1798,7124,113,9035,"0%"
"Stewart",1230,4942,111,6283,"1%"
"Sullivan",17226,55774,1206,74206,"4%"
"Sumner",27630,63404,1495,92529,"0%"
"Tipton",6832,20063,396,27291,"6%"
"Trousdale",1011,2930,50,3991,"0%"
"Unicoi",1610,6593,91,8294,"4%"
"Union",1248,6777,71,8096,"0%"
"Van Buren",544,2338,35,2917,"0%"
"Warren",4126,12323,243,16692,"0%"
"Washington",18214,40120,1140,59474,"0%"
"Wayne",820,5795,52,6667,"2%"
"Weakley",3011,10382,317,13710,"10%"
"White",2134,9587,146,11867,"0%"
"Williamson",50161,86469,3010,139640,"0%"
"Wilson",22197,50149,1750,74096,"0%"
"Anderson",3934,15062,159,19155,"4%"
"Andrews",849,4937,70,5856,"0%"
"Angelina",9136,25070,422,34628,"2%"
"Aransas",2896,9210,135,12241,"1%"
"Archer",446,4300,50,4796,"9%"
"Armstrong",75,1035,2,1112,"12%"
"Atascosa",5865,12020,200,18085,"0%"
"Austin",2931,11282,155,14368,"5%"
"Bailey",407,1430,17,1854,"21%"
"Bandera",2503,10050,150,12703,"0%"
"Bastrop",15452,20486,771,36709,"0%"
"Baylor",179,1478,23,1680,"11%"
"Bee",3280,5999,126,9405,"6%"
"Bell",56032,67113,2722,125867,"0%"
"Bexar",440823,303871,12973,757667,"1%"
"Blanco",1905,5429,85,7419,"0%"
"Borden",16,395,1,412,"13%"
"Bosque",1552,7446,96,9094,"2%"
"Bowie",10692,27053,449,38194,"9%"
"Brazoria",61780,89939,2318,154037,"0%"
"Brazos",35242,47456,2055,84753,"0%"
"Brewster",2251,2451,103,4805,"0%"
"Briscoe",77,639,8,724,"24%"
"Brooks",1470,998,16,2484,"26%"
"Brown",2103,13681,156,15940,"4%"
"Burleson",1786,6740,78,8604,"0%"
"Burnet",5615,18721,310,24646,"0%"
"Caldwell",6536,7975,264,14775,"0%"
"Calhoun",2146,5640,67,7853,"5%"
"Callahan",734,6006,86,6826,"0%"
"Cameron",63732,48834,1223,113789,"5%"
"Camp",1392,3626,39,5057,"6%"
"Carson",289,2747,45,3081,"16%"
"Cass",2777,10979,100,13856,"5%"
"Castro",466,1601,15,2082,"24%"
"Chambers",3997,17343,301,21641,"0%"
"Cherokee",4196,15065,196,19457,"2%"
"Childress",305,1928,26,2259,"8%"
"Clay",614,5064,58,5736,"4%"
"Cochran",176,806,14,996,"16%"
"Coke",215,1565,14,1794,"0%"
"Coleman",450,3638,37,4125,"4%"
"Collin",227868,250194,8855,486917,"0%"
"Collingsworth",155,1048,15,1218,"11%"
"Colorado",2403,3653,79,6135,"39%"
"Comal",24369,62260,1313,87942,"0%"
"Comanche",852,5177,55,6084,"2%"
"Concho",197,1058,13,1268,"0%"
"Cooke",3205,15579,213,18997,"0%"
"Coryell",7542,15397,486,23425,"0%"
"Cottle",113,543,9,665,"31%"
"Crane",241,1247,15,1503,"16%"
"Crockett",344,1219,10,1573,"17%"
"Crosby",527,1396,30,1953,"7%"
"Culberson",438,415,11,864,"24%"
"Dallam",196,1386,23,1605,"12%"
"Dallas",597407,306572,15950,919929,"7%"
"Dawson",808,2951,30,3789,"12%"
"De Witt",1494,6567,57,8118,"0%"
"Deaf Smith",1263,3293,52,4608,"18%"
"Delta",403,2157,27,2587,"4%"
"Denton",188023,221829,6758,416610,"0%"
"Dickens",130,850,5,985,"26%"
"Dimmit",2264,1384,18,3666,"13%"
"Donley",198,1438,12,1648,"9%"
"Duval",2573,2442,35,5050,"11%"
"Eastland",982,7216,73,8271,"0%"
"Ector",11310,32586,521,44417,"0%"
"Edwards",166,893,5,1064,"16%"
"El Paso",168801,81235,4540,254576,"8%"
"Ellis",27513,56651,1402,85566,"0%"
"Erath",2914,13669,254,16837,"2%"
"Falls",1899,4177,57,6133,"4%"
"Fannin",2638,12150,181,14969,"0%"
"Fayette",2650,10163,111,12924,"2%"
"Fisher",352,1448,26,1826,"11%"
"Floyd",437,1581,17,2035,"17%"
"Foard",99,445,7,551,"17%"
"Fort Bend",195191,157595,5047,357833,"0%"
"Franklin",803,4153,44,5000,"8%"
"Freestone",1629,6966,83,8678,"4%"
"Frio",2421,2812,31,5264,"8%"
"Gaines",572,5323,65,5960,"0%"
"Galveston",58247,93306,2290,153843,"0%"
"Garza",231,1411,9,1651,"10%"
"Gillespie",3163,12495,159,15817,"6%"
"Glasscock",39,611,3,653,"17%"
"Goliad",872,3081,25,3978,"9%"
"Gonzales",1894,5568,72,7534,"0%"
"Gray",820,6812,113,7745,"11%"
"Grayson",14223,43776,761,58760,"0%"
"Gregg",14657,32352,691,47700,"3%"
"Grimes",2831,9419,148,12398,"0%"
"Guadalupe",28706,47423,1253,77382,"0%"
"Hale",2271,7162,127,9560,"9%"
"Hall",167,992,6,1165,"11%"
"Hamilton",641,3613,93,4347,"0%"
"Hansford",166,1848,32,2046,"12%"
"Hardeman",241,1330,9,1580,"12%"
"Hardin",3449,23806,300,27555,"0%"
"Harris",911913,699771,21873,1633557,"4%"
"Harrison",7812,21318,332,29462,"6%"
"Hartley",195,1866,15,2076,"10%"
"Haskell",353,1837,21,2211,"7%"
"Hays",59213,47427,2182,108822,"0%"
"Hemphill",206,1486,28,1720,"14%"
"Henderson",7048,28816,333,36197,"0%"
"Hidalgo",127391,89925,2117,219433,"3%"
"Hill",2829,11869,145,14843,"0%"
"Hockley",1481,6534,76,8091,"6%"
"Hood",5641,26489,452,32582,"0%"
"Hopkins",3043,12713,176,15932,"0%"
"Houston",2312,7050,64,9426,"4%"
"Howard",2017,7899,127,10043,"3%"
"Hudspeth",371,771,15,1157,"0%"
"Hunt",8879,29135,503,38517,"0%"
"Hutchinson",957,7659,125,8741,"9%"
"Irion",120,759,10,889,"13%"
"Jack",331,3415,33,3779,"4%"
"Jackson",1018,5116,76,6210,"1%"
"Jasper",2906,12453,110,15469,"3%"
"Jeff Davis",501,783,20,1304,"14%"
"Jefferson",46022,47535,1108,94665,"10%"
"Jim Hogg",1197,831,6,2034,"26%"
"Jim Wells",6025,7389,93,13507,"16%"
"Johnson",16418,54523,987,71928,"0%"
"Jones",989,5621,81,6691,"5%"
"Karnes",1220,3959,50,5229,"0%"
"Kaufman",18290,37474,671,56435,"0%"
"Kendall",6008,20064,347,26419,"0%"
"Kenedy",65,127,2,194,"20%"
"Kent",47,411,4,462,"18%"
"Kerr",6510,20858,370,27738,"4%"
"Kimble",284,1987,21,2292,"1%"
"King",8,151,0,159,"23%"
"Kinney",446,1144,13,1603,"14%"
"Kleberg",5359,5557,125,11041,"11%"
"Knox",265,1180,11,1456,"18%"
"La Salle",1052,1335,19,2406,"10%"
"La Vaca",1333,8802,60,10195,"0%"
"Lamar",4420,16698,220,21338,"0%"
"Lamb",835,3513,46,4394,"9%"
"Lampasas",2134,8070,169,10373,"0%"
"Lee",1745,6248,82,8075,"0%"
"Leon",1072,7522,78,8672,"1%"
"Liberty",5779,23288,247,29314,"0%"
"Limestone",2213,6786,93,9092,"1%"
"Lipscomb",131,1203,17,1351,"14%"
"Live Oak",819,4198,36,5053,"1%"
"Llano",3167,9996,115,13278,"0%"
"Loving",4,60,2,66,"22%"
"Lubbock",39757,78560,1887,120204,"0%"
"Lynn",428,1853,12,2293,"3%"
"Madison",1084,4165,40,5289,"0%"
"Marion",1331,3459,54,4844,"4%"
"Martin",288,1857,15,2160,"0%"
"Mason",566,2108,26,2700,"0%"
"Matagorda",3726,9836,148,13710,"5%"
"Maverick",16648,13762,266,30676,"0%"
"McCulloch",490,2898,42,3430,"6%"
"McLennan",36550,59432,1635,97617,"0%"
"McMullen",53,460,3,516,"21%"
"Medina",6731,15599,238,22568,"0%"
"Menard",196,819,8,1023,"9%"
"Midland",12258,45463,1031,58752,"3%"
"Milam",2475,7950,98,10523,"0%"
"Mills",271,2214,17,2502,"6%"
"Mitchell",397,2169,13,2579,"6%"
"Montague",1097,8613,102,9812,"3%"
"Montgomery",74255,193224,3696,271175,"0%"
"Moore",1059,4356,87,5502,"12%"
"Morris",1664,3841,43,5548,"9%"
"Motley",46,604,2,652,"18%"
"Nacogdoches",8989,17359,407,26755,"4%"
"Navarro",5097,13787,221,19105,"2%"
"Newton",1175,4882,39,6096,"12%"
"Nolan",1161,4127,64,5352,"7%"
"Nueces",60749,64467,1768,126984,"6%"
"Ochiltree",302,2811,42,3155,"11%"
"Oldham",81,917,11,1009,"18%"
"Orange",6354,29170,450,35974,"5%"
"Palo Pinto",2177,10170,131,12478,"0%"
"Panola",2057,9322,73,11452,"7%"
"Parker",12789,61584,1061,75434,"3%"
"Parmer",488,2133,27,2648,"20%"
"Pecos",1378,3213,77,4668,"14%"
"Polk",5353,18496,223,24072,"0%"
"Potter",9867,22732,643,33242,"0%"
"Presidio",1463,721,33,2217,"23%"
"Rains",841,5147,56,6044,"0%"
"Randall",11414,57695,864,69973,"0%"
"Reagan",172,942,10,1124,"4%"
"Real",320,1643,19,1982,"0%"
"Red River",1244,4513,43,5800,"5%"
"Reeves",1394,2249,40,3683,"11%"
"Refugio",1108,2210,48,3366,"3%"
"Roberts",17,529,4,550,"24%"
"Robertson",2359,5631,90,8080,"6%"
"Rockwall",18149,38842,801,57792,"0%"
"Runnels",531,3682,49,4262,"5%"
"Rusk",4624,16511,232,21367,"5%"
"Sabine",662,4767,33,5462,"1%"
"San Augustine",979,3005,14,3998,"8%"
"San Jacinto",2332,10154,142,12628,"0%"
"San Patricio",8971,16495,384,25850,"0%"
"San Saba",287,2308,7,2602,"7%"
"Schleicher",211,939,8,1158,"7%"
"Scurry",818,4978,69,5865,"6%"
"Shackelford",130,1484,14,1628,"12%"
"Shelby",2058,7962,43,10063,"8%"
"Sherman",91,885,14,990,"27%"
"Smith",29343,68546,1632,99521,"0%"
"Somervell",768,4099,73,4940,"0%"
"Starr",9099,8224,155,17478,"1%"
"Stephens",396,3385,18,3799,"7%"
"Sterling",51,584,4,639,"22%"
"Stonewall",116,615,5,736,"19%"
"Sutton",322,1222,13,1557,"20%"
"Swisher",478,1842,33,2353,"12%"
"Tarrant",401313,401509,13140,815962,"6%"
"Taylor",14489,39439,996,54924,"0%"
"Terrell",119,334,5,458,"36%"
"Terry",757,2809,42,3608,"18%"
"Throckmorton",82,806,11,899,"15%"
"Titus",2852,7563,115,10530,"5%"
"Tom Green",14774,35149,721,50644,"0%"
"Travis",432062,159907,13065,605034,"1%"
"Trinity",1323,5579,36,6938,"6%"
"Tyler",2188,11162,62,13412,"0%"
"Upshur",2869,15775,206,18850,"0%"
"Upton",169,1176,20,1365,"14%"
"Uvalde",4066,6160,97,10323,"11%"
"Val Verde",6401,7839,177,14417,"19%"
"Van Zandt",3419,22126,208,25753,"0%"
"Victoria",10371,23347,487,34205,"7%"
"Walker",7875,15368,398,23641,"0%"
"Waller",8130,14206,281,22617,"0%"
"Ward",761,3238,35,4034,"1%"
"Washington",4254,12949,207,17410,"5%"
"Webb",41820,25898,721,68439,"8%"
"Wharton",4671,11892,146,16709,"4%"
"Wheeler",168,2158,10,2336,"14%"
"Wichita",11355,30036,748,42139,"17%"
"Wilbarger",954,3520,44,4518,"7%"
"Willacy",3097,2437,41,5575,"16%"
"Williamson",142457,138649,6590,287696,"0%"
"Wilson",6350,18457,199,25006,"0%"
"Winkler",358,1753,15,2126,"13%"
"Wise",4953,26986,358,32297,"0%"
"Wood",3487,18962,216,22665,"0%"
"Yoakum",419,2172,42,2633,"12%"
"Young",1036,7112,94,8242,"9%"
"Zapata",1820,2032,15,3867,"16%"
"Zavala",2864,1490,25,4379,"8%"
"Beaver",352,2618,45,3015,"0%"
"Box Elder",3186,13337,677,17200,"27%"
"Cache",14476,32080,2923,49479,"10%"
"Carbon",2306,6255,261,8822,"6%"
"Daggett",105,473,12,590,"4%"
"Davis",49128,82491,6070,137689,"16%"
"Duchesne",773,7016,185,7974,"3%"
"Emery",566,4166,84,4816,"8%"
"Garfield",513,2149,60,2722,"2%"
"Grand",2733,2168,126,5027,"6%"
"Iron",4033,14474,649,19156,"8%"
"Juab",638,5069,168,5875,"0%"
"Kane",1005,2777,87,3869,"6%"
"Millard",529,4267,91,4887,"21%"
"Morgan",1060,4957,237,6254,"0%"
"Piute",86,773,12,871,"6%"
"Rich",178,1118,24,1320,"0%"
"Salt Lake",189774,136508,12323,338605,"32%"
"San Juan",2451,2634,158,5243,"18%"
"Sanpete",1724,9961,448,12133,"0%"
"Sevier",1032,8427,272,9731,"5%"
"Summit",11733,6122,275,18130,"26%"
"Tooele",8498,19531,1741,29770,"0%"
"Uintah",1601,12777,418,14796,"2%"
"Utah",60010,141386,13057,214453,"11%"
"Wasatch",5762,9953,741,16456,"0%"
"Washington",19877,64952,3085,87914,"0%"
"Wayne",362,1207,27,1596,"5%"
"Weber",28864,38612,2274,69750,"30%"
"Accomack",8145,14792,666,23603,"0%"
"Albemarle",41808,20566,1341,63715,"1%"
"Alexandria",65201,14251,973,80425,"10%"
"Alleghany",2221,5842,89,8152,"0%"
"Amelia",2390,5370,77,7837,"0%"
"Amherst",5367,10783,248,16398,"1%"
"Appomattox",2395,6678,142,9215,"0%"
"Arlington",102510,21598,1746,125854,"12%"
"Augusta",10699,30539,593,41831,"0%"
"Bath",674,1824,15,2513,"0%"
"Bedford",11986,35369,686,48041,"0%"
"Bland",530,2899,22,3451,"0%"
"Botetourt",5623,15021,254,20898,"0%"
"Bristol",2287,5325,141,7753,"0%"
"Brunswick",4525,3343,38,7906,"17%"
"Buchanan",1582,8277,55,9914,"0%"
"Buckingham",3456,4537,93,8086,"0%"
"Buena Vista",825,1860,127,2812,"0%"
"Campbell",7959,21033,483,29475,"0%"
"Caroline",8081,7761,255,16097,"0%"
"Carroll",2795,12594,113,15502,"0%"
"Charles City",2610,1750,54,4414,"11%"
"Charlotte",2309,3801,59,6169,"2%"
"Charlottesville",13755,2504,232,16491,"38%"
"Chesapeake",65007,57411,2008,124426,"6%"
"Chesterfield",111094,98541,2941,212576,"0%"
"Clarke",3914,5187,177,9278,"0%"
"Colonial Heights",2961,6003,134,9098,"0%"
"Covington",964,1578,49,2591,"0%"
"Craig",584,2522,40,3146,"0%"
"Culpeper",10509,15929,477,26915,"0%"
"Cumberland",2221,3005,51,5277,"2%"
"Danville",11568,7393,193,19154,"20%"
"Dickenson",1501,5746,52,7299,"1%"
"Dinwiddie",6194,8679,143,15016,"0%"
"Emporia",1611,754,13,2378,"25%"
"Essex",3029,3070,58,6157,"0%"
"Fairfax",404886,162312,11733,578931,"11%"
"Fairfax City",9048,3962,199,13209,"0%"
"Falls Church",7077,1472,111,8660,"5%"
"Fauquier",17362,25133,765,43260,"0%"
"Floyd",2970,6189,170,9329,"0%"
"Fluvanna",7289,8071,260,15620,"0%"
"Franklin",8312,20797,350,29459,"1%"
"Franklin City",2505,1482,44,4031,"22%"
"Frederick",16021,30126,771,46918,"0%"
"Fredericksburg",8454,4016,240,12710,"0%"
"Galax",775,1832,18,2625,"0%"
"Giles",2151,6869,125,9145,"0%"
"Gloucester",6884,14803,379,22066,"0%"
"Goochland",6623,9882,240,16745,"0%"
"Grayson",1529,6503,56,8088,"0%"
"Greene",4089,6819,236,11144,"0%"
"Greensville",2618,1911,22,4551,"0%"
"Halifax",7638,10396,138,18172,"0%"
"Hampton",45481,18191,972,64644,"17%"
"Hanover",25003,44121,1084,70208,"1%"
"Harrisonburg",10868,5514,352,16734,"18%"
"Henrico",109715,61280,2204,173199,"10%"
"Henry",8995,16601,221,25817,"0%"
"Highland",416,1091,22,1529,"0%"
"Hopewell",2895,2339,147,5381,"49%"
"Isle of Wight",9346,13661,323,23330,"0%"
"James City",23172,20407,820,44399,"9%"
"King George",5381,8431,313,14125,"0%"
"King William",3057,7194,151,10402,"0%"
"King and Queen",1586,2447,63,4096,"0%"
"Lancaster",3358,3694,71,7123,"2%"
"Lee",1489,8363,77,9929,"3%"
"Lexington",1782,901,48,2731,"0%"
"Loudoun",135806,81107,4318,221231,"0%"
"Louisa",8205,13244,347,21796,"0%"
"Lunenburg",2404,3525,39,5968,"3%"
"Lynchburg",17447,16697,1722,35866,"6%"
"Madison",2684,5294,130,8108,"0%"
"Manassas",10100,6182,273,16555,"0%"
"Manassas Park",3913,2062,96,6071,"0%"
"Martinsville",3741,2164,73,5978,"0%"
"Mathews",1822,3895,100,5817,"0%"
"Mecklenburg",6751,9234,111,16096,"0%"
"Middlesex",2482,4181,76,6739,"0%"
"Montgomery",23012,20532,918,44462,"9%"
"Nelson",4301,4791,228,9320,"0%"
"New Kent",2803,8517,128,11448,"11%"
"Newport News",50319,25594,1946,77859,"17%"
"Norfolk",52846,19995,1396,74237,"28%"
"Northampton",3643,2947,99,6689,"2%"
"Northumberland",3239,4471,55,7765,"2%"
"Norton",463,1109,21,1593,"0%"
"Nottoway",2966,4022,72,7060,"4%"
"Orange",7921,12373,264,20558,"0%"
"Page",2982,9316,134,12432,"0%"
"Patrick",1948,7474,105,9527,"0%"
"Petersburg",12293,1573,107,13973,"25%"
"Pittsylvania",10027,23637,282,33946,"0%"
"Poquoson",2048,5592,159,7799,"4%"
"Portsmouth",30447,12634,850,43931,"19%"
"Powhatan",5299,14026,354,19679,"0%"
"Prince Edward",4937,4428,135,9500,"2%"
"Prince George",6870,10106,206,17182,"0%"
"Prince William",139502,76432,3141,219075,"6%"
"Pulaski",4882,12066,322,17270,"0%"
"Radford",3330,2773,143,6246,"9%"
"Rappahannock",2075,2795,56,4926,"0%"
"Richmond",1513,2547,31,4091,"0%"
"Richmond City",86460,15707,1750,103917,"15%"
"Roanoke",21218,33758,869,55845,"0%"
"Roanoke City",25929,15356,748,42033,"0%"
"Rockbridge",4022,8047,299,12368,"0%"
"Rockingham",9311,28608,703,38622,"2%"
"Russell",2360,10850,114,13324,"0%"
"Salem",5143,7676,220,13039,"0%"
"Scott",1692,8981,90,10763,"0%"
"Shenandoah",6763,16390,343,23496,"0%"
"Smyth",2989,10941,127,14057,"0%"
"Southampton",3917,5716,86,9719,"0%"
"Spotsylvania",34344,39471,1409,75224,"0%"
"Stafford",39657,37308,1341,78306,"0%"
"Staunton",6886,5642,253,12781,"0%"
"Suffolk",28484,20006,723,49213,"4%"
"Surry",2392,2023,40,4455,"12%"
"Sussex",2822,2217,42,5081,"21%"
"Tazewell",3169,16635,131,19935,"0%"
"Virginia Beach",134252,115107,4118,253477,"1%"
"Warren",6564,14033,362,20959,"0%"
"Washington",6583,21615,299,28497,"0%"
"Waynesboro",4918,5474,246,10638,"0%"
"Westmoreland",4413,5253,91,9757,"0%"
"Williamsburg",4754,1953,90,6797,"0%"
"Winchester",6451,5156,205,11812,"0%"
"Wise",3084,13315,106,16505,"0%"
"Wythe",3135,11717,169,15021,"0%"
"York",17410,20087,668,38165,"1%"
"Addison",14963,6292,773,22028,"NA%"
"Bennington",12591,7096,653,20340,"NA%"
"Caledonia",9010,6551,625,16186,"NA%"
"Chittenden",59573,19614,2475,81662,"NA%"
"Essex",1405,1773,110,3288,"NA%"
"Franklin",13576,11267,977,25820,"NA%"
"Grand Isle",2905,1810,139,4854,"NA%"
"Lamoille",10240,4163,548,14951,"NA%"
"Orange",10281,6178,642,17101,"NA%"
"Orleans",7147,6512,444,14103,"NA%"
"Rutland",18205,14652,1089,33946,"NA%"
"Washington",25169,8925,1209,35303,"NA%"
"Windham",18766,6308,1004,26078,"NA%"
"Windsor",23399,9990,1118,34507,"NA%"
"Adams",1064,2361,53,3478,"37%"
"Asotin",3442,5825,255,9522,"16%"
"Benton",33967,52490,2867,89324,"3%"
"Chelan",15454,16975,692,33121,"14%"
"Clallam",21964,19387,970,42321,"7%"
"Clark",125707,103560,4910,234177,"0%"
"Columbia",644,1699,54,2397,"8%"
"Cowlitz",22480,31805,1336,55621,"0%"
"Douglas",6727,11241,296,18264,"1%"
"Ferry",1415,2669,99,4183,"0%"
"Franklin",12105,17005,898,30008,"0%"
"Garfield",362,1062,54,1478,"0%"
"Grant",8386,16662,527,25575,"22%"
"Grays Harbor",14043,14174,709,28926,"12%"
"Island",27461,21131,1364,49956,"0%"
"Jefferson",15619,5910,424,21953,"6%"
"King",841580,237589,20741,1099910,"4%"
"Kitsap",84776,54590,4688,144054,"0%"
"Kittitas",9470,11106,391,20967,"4%"
"Klickitat",5021,5727,179,10927,"12%"
"Lewis",14316,29074,1345,44735,"0%"
"Lincoln",1644,4881,138,6663,"2%"
"Mason",16999,18342,1231,36572,"0%"
"Okanogan",5661,6272,162,12095,"38%"
"Pacific",6283,6176,249,12708,"0%"
"Pend Oreille",2578,5655,189,8422,"0%"
"Pierce",222595,168664,12327,403586,"0%"
"San Juan",9209,2769,348,12326,"1%"
"Skagit",23033,15310,650,38993,"39%"
"Skamania",2935,3495,191,6621,"0%"
"Snohomish",237590,148765,12333,398688,"0%"
"Spokane",127026,135119,8968,271113,"0%"
"Stevens",4783,8652,288,13723,"47%"
"Thurston",81893,50782,4107,136782,"9%"
"Wahkiakum",1079,1532,64,2675,"1%"
"Walla Walla",8289,8246,393,16928,"42%"
"Whatcom",81873,49439,4076,135388,"0%"
"Whitman",7865,6394,515,14774,"26%"
"Yakima",22679,25123,935,48737,"46%"
"Adams",4329,7362,117,11808,"0%"
"Ashland",4794,3845,105,8744,"0%"
"Barron",9194,15803,348,25345,"0%"
"Bayfield",6155,4617,113,10885,"0%"
"Brown",65509,75865,2637,144011,"0%"
"Buffalo",2859,4834,118,7811,"0%"
"Burnett",3569,6461,111,10141,"0%"
"Calumet",12115,18142,601,30858,"0%"
"Chippewa",14001,21316,628,35945,"0%"
"Clark",4520,10001,352,14873,"0%"
"Columbia",16408,16925,584,33917,"0%"
"Crawford",3953,4620,125,8698,"0%"
"Dane",260157,78789,5799,344745,"0%"
"Dodge",16355,31354,788,48497,"0%"
"Door",10044,9752,321,20117,"0%"
"Douglas",13214,10919,535,24668,"0%"
"Dunn",9909,13176,458,23543,"0%"
"Eau Claire",31617,25339,1279,58235,"0%"
"Florence",781,2133,25,2939,"0%"
"Fond du Lac",20588,35754,980,57322,"0%"
"Forest",1722,3287,43,5052,"0%"
"Grant",10942,13981,456,25379,"0%"
"Green",10850,10165,385,21400,"0%"
"Green Lake",3344,7165,154,10663,"0%"
"Iowa",7828,5907,249,13984,"0%"
"Iron",1533,2439,59,4031,"0%"
"Jackson",4255,5789,143,10187,"0%"
"Jefferson",19904,27209,854,47967,"0%"
"Juneau",4747,8749,206,13702,"0%"
"Kenosha",42191,44972,1528,88691,"0%"
"Kewaunee",3977,7927,167,12071,"0%"
"La Crosse",37817,28661,1320,67798,"0%"
"Lafayette",3647,4820,90,8557,"0%"
"Langlade",3703,7330,126,11159,"0%"
"Lincoln",6260,10017,254,16531,"0%"
"Manitowoc",16815,27217,774,44806,"0%"
"Marathon",30807,44623,1311,76741,"0%"
"Marinette",7363,15303,311,22977,"0%"
"Marquette",3239,5719,102,9060,"0%"
"Menominee",1303,278,5,1586,"0%"
"Milwaukee",317251,134355,7329,458935,"0%"
"Monroe",8432,13775,357,22564,"0%"
"Oconto",6715,16226,273,23214,"0%"
"Oneida",10105,13671,383,24159,"0%"
"Outagamie",47659,58379,2185,108223,"0%"
"Ozaukee",26515,33912,1026,61453,"0%"
"Pepin",1489,2584,67,4140,"0%"
"Pierce",9789,12813,734,23336,"0%"
"Polk",9361,16590,375,26326,"0%"
"Portage",20426,19298,877,40601,"0%"
"Price",3132,5394,119,8645,"0%"
"Racine",50154,54475,1812,106441,"0%"
"Richland",3995,4877,144,9016,"0%"
"Rock",46649,37133,1566,85348,"0%"
"Rusk",2517,5257,107,7881,"0%"
"Sauk",18103,17489,657,36249,"0%"
"Sawyer",4494,5883,102,10479,"0%"
"Shawano",7131,15447,300,22878,"0%"
"Sheboygan",27109,37624,1287,66020,"0%"
"St. Croix",23190,32190,1321,56701,"0%"
"Taylor",2693,7656,334,10683,"0%"
"Trempealeau",6283,8828,245,15356,"0%"
"Vernon",7457,8216,237,15910,"0%"
"Vilas",5903,9261,174,15338,"0%"
"Walworth",22783,33844,961,57588,"0%"
"Washburn",3867,6332,172,10371,"0%"
"Washington",26647,60235,1372,88254,"0%"
"Waukesha",103867,159633,4457,267957,"0%"
"Waupaca",9699,18948,471,29118,"0%"
"Waushara",4388,9016,160,13564,"0%"
"Winnebago",44060,47795,2177,94032,"0%"
"Wood",16360,24306,530,41196,"0%"
"Barbour",1438,5094,102,6634,"0%"
"Berkeley",16075,32062,1009,49146,"0%"
"Boone",2029,6775,179,8983,"0%"
"Braxton",1453,4115,82,5650,"0%"
"Brooke",2936,7516,179,10631,"0%"
"Cabell",14733,21440,622,36795,"0%"
"Calhoun",563,2346,39,2948,"0%"
"Clay",640,2661,45,3346,"0%"
"Doddridge",432,2592,45,3069,"2%"
"Fayette",5031,11514,249,16794,"0%"
"Gilmer",591,1997,51,2639,"6%"
"Grant",605,4861,31,5497,"0%"
"Greenbrier",4641,10898,288,15827,"0%"
"Hampshire",1919,7829,124,9872,"0%"
"Hancock",3670,9653,223,13546,"2%"
"Hardy",1371,4827,89,6287,"0%"
"Harrison",9149,20581,645,30375,"1%"
"Jackson",3197,10025,207,13429,"0%"
"Jefferson",11831,14813,519,27163,"1%"
"Kanawha",34139,46086,1776,82001,"2%"
"Lewis",1531,5759,133,7423,"3%"
"Lincoln",1703,5967,105,7775,"0%"
"Logan",2325,10501,155,12981,"5%"
"Marion",8836,16218,650,25704,"0%"
"Marshall",3348,10137,181,13666,"5%"
"Mason",2511,8422,216,11149,"0%"
"McDowell",1323,5125,46,6494,"5%"
"Mercer",5522,19185,396,25103,"0%"
"Mineral",2579,9904,169,12652,"1%"
"Mingo",1385,8521,81,9987,"5%"
"Monongalia",20064,20656,1153,41873,"0%"
"Monroe",1330,5012,75,6417,"0%"
"Morgan",1945,6157,155,8257,"1%"
"Nicholas",2206,8221,143,10570,"0%"
"Ohio",7139,12226,309,19674,"0%"
"Pendleton",816,2764,66,3646,"0%"
"Pleasants",692,2726,49,3467,"1%"
"Pocahontas",1039,2876,64,3979,"1%"
"Preston",3147,11143,218,14508,"1%"
"Putnam",7824,19921,665,28410,"0%"
"Raleigh",7841,24297,502,32640,"0%"
"Randolph",3353,8655,164,12172,"0%"
"Ritchie",585,3637,47,4269,"5%"
"Roane",1451,4199,95,5745,"0%"
"Summers",1444,4068,71,5583,"0%"
"Taylor",1787,5439,108,7334,"0%"
"Tucker",933,2833,64,3830,"0%"
"Tyler",626,3183,64,3873,"4%"
"Upshur",2247,7721,193,10161,"0%"
"Wayne",3964,12462,309,16735,"0%"
"Webster",608,2737,33,3378,"0%"
"Wetzel",1529,4933,134,6596,"4%"
"Wirt",461,2103,53,2617,"2%"
"Wood",10816,26963,708,38487,"0%"
"Wyoming",1149,7254,82,8485,"1%"
"Albany",9091,8575,946,18612,"0%"
"Big Horn",788,4806,158,5752,"3%"
"Campbell",1935,16973,656,19564,"0%"
"Carbon",1427,5012,223,6662,"8%"
"Converse",861,5916,192,6969,"6%"
"Crook",378,3651,90,4119,"4%"
"Fremont",5519,12007,585,18111,"5%"
"Goshen",1203,4878,160,6241,"4%"
"Hot Springs",482,1999,96,2577,"11%"
"Johnson",897,3881,136,4914,"1%"
"Laramie",15181,27814,1870,44865,"2%"
"Lincoln",1509,8673,316,10498,"1%"
"Natrona",8528,25267,1401,35196,"6%"
"Niobrara",150,943,30,1123,"24%"
"Park",3404,12802,493,16699,"0%"
"Platte",890,3898,135,4923,"3%"
"Sheridan",4043,11843,542,16428,"0%"
"Sublette",882,3957,131,4970,"1%"
"Sweetwater",3822,12197,470,16489,"0%"
"Teton",9848,4341,488,14677,"0%"
"Uinta",1591,7494,315,9400,"1%"
"Washakie",651,3245,116,4012,"8%"
"Weston",360,3107,75,3542,"10%"
