"state","name","dem","rep","other","totalvotes","margin","remainingvote"
"Alaska","ED 1",3477,3511,372,7360,-34,"0%"
"Alaska","ED 10",2727,8081,448,11256,-5354,"0%"
"Alaska","ED 11",3130,7096,460,10686,-3966,"0%"
"Alaska","ED 12",2957,7893,430,11280,-4936,"0%"
"Alaska","ED 13",2666,4652,447,7765,-1986,"0%"
"Alaska","ED 14",4261,6714,559,11534,-2453,"0%"
"Alaska","ED 15",2622,2671,300,5593,-49,"0%"
"Alaska","ED 16",4274,3516,380,8170,758,"0%"
"Alaska","ED 17",4136,2810,325,7271,1326,"0%"
"Alaska","ED 18",4681,2760,318,7759,1921,"0%"
"Alaska","ED 19",3118,1975,245,5338,1143,"0%"
"Alaska","ED 2",2104,3674,383,6161,-1570,"0%"
"Alaska","ED 20",4881,2383,280,7544,2498,"0%"
"Alaska","ED 21",5414,3690,378,9482,1724,"0%"
"Alaska","ED 22",4553,4684,360,9597,-131,"0%"
"Alaska","ED 23",3810,3655,331,7796,155,"0%"
"Alaska","ED 24",4736,5378,370,10484,-642,"0%"
"Alaska","ED 25",4600,4407,362,9369,193,"0%"
"Alaska","ED 26",4558,5243,10491,20292,-685,"0%"
"Alaska","ED 27",4844,4324,9869,19037,520,"0%"
"Alaska","ED 28",6264,6162,13154,25580,102,"0%"
"Alaska","ED 29",2985,7464,335,10784,-4479,"0%"
"Alaska","ED 3",1903,6076,NA,8385,-4173,"0%"
"Alaska","ED 30",2638,7180,408,10226,-4542,"0%"
"Alaska","ED 31",5037,6971,473,12481,-1934,"0%"
"Alaska","ED 32",3506,4440,415,8361,-934,"0%"
"Alaska","ED 33",7535,3059,422,11016,4476,"0%"
"Alaska","ED 34",5763,4543,488,10794,1220,"0%"
"Alaska","ED 35",5011,4769,369,10149,242,"0%"
"Alaska","ED 36",3796,5114,382,9292,-1318,"0%"
"Alaska","ED 37",2560,2358,250,5168,202,"0%"
"Alaska","ED 38",3202,1737,360,5299,1465,"4%"
"Alaska","ED 39",3580,1939,411,5930,1641,"0%"
"Alaska","ED 4",5345,4690,552,10587,655,"0%"
"Alaska","ED 40",2318,1994,316,4628,324,"0%"
"Alaska","ED 5",4204,4077,425,8706,127,"0%"
"Alaska","ED 6",3272,5770,476,9518,-2498,"0%"
"Alaska","ED 7",2215,7027,422,9664,-4812,"0%"
"Alaska","ED 8",1953,7618,386,9957,-5665,"0%"
"Alaska","ED 9",2769,7787,491,11047,-5018,"0%"
"Alabama","Autauga",7503,19838,429,27770,-12335,"0%"
"Alabama","Baldwin",24578,83544,1557,109679,-58966,"0%"
"Alabama","Barbour",4816,5622,80,10518,-806,"0%"
"Alabama","Bibb",1986,7525,84,9595,-5539,"0%"
"Alabama","Blount",2640,24711,237,27588,-22071,"0%"
"Alabama","Bullock",3446,1146,21,4613,2300,"0%"
"Alabama","Butler",3965,5458,65,9488,-1493,"0%"
"Alabama","Calhoun",15216,35101,666,50983,-19885,"0%"
"Alabama","Chambers",6365,8753,166,15284,-2388,"0%"
"Alabama","Cherokee",1624,10583,94,12301,-8959,"0%"
"Alabama","Chilton",3073,16085,152,19310,-13012,"0%"
"Alabama","Choctaw",3127,4296,41,7464,-1169,"0%"
"Alabama","Clarke",5755,7324,56,13135,-1569,"0%"
"Alabama","Clay",1267,5601,62,6930,-4334,"0%"
"Alabama","Cleburne",675,6484,68,7227,-5809,"0%"
"Alabama","Coffee",5076,16899,300,22275,-11823,"0%"
"Alabama","Colbert",8343,19203,340,27886,-10860,"0%"
"Alabama","Conecuh",2966,3442,33,6441,-476,"0%"
"Alabama","Coosa",1796,3631,52,5479,-1835,"0%"
"Alabama","Covington",2721,14586,123,17430,-11865,"0%"
"Alabama","Crenshaw",1700,4864,53,6617,-3164,"0%"
"Alabama","Cullman",4478,36880,493,41851,-32402,"0%"
"Alabama","Dale",5170,14303,265,19738,-9133,"0%"
"Alabama","Dallas",12230,5524,110,17864,6706,"0%"
"Alabama","DeKalb",4281,24767,308,29356,-20486,"0%"
"Alabama","Elmore",10367,30164,499,41030,-19797,"0%"
"Alabama","Escambia",4918,10869,123,15910,-5951,"0%"
"Alabama","Etowah",11567,35528,633,47728,-23961,"0%"
"Alabama","Fayette",1395,7300,71,8766,-5905,"0%"
"Alabama","Franklin",2086,10376,116,12578,-8290,"0%"
"Alabama","Geneva",1595,10848,102,12545,-9253,"0%"
"Alabama","Greene",3884,875,16,4775,3009,"0%"
"Alabama","Hale",4687,3190,45,7922,1497,"0%"
"Alabama","Henry",2606,6607,85,9298,-4001,"0%"
"Alabama","Houston",12917,32618,638,46173,-19701,"0%"
"Alabama","Jackson",3717,19670,249,23636,-15953,"0%"
"Alabama","Jefferson",181688,138843,5317,325848,42845,"0%"
"Alabama","Lamar",978,6174,41,7193,-5196,"0%"
"Alabama","Lauderdale",11915,31721,703,44339,-19806,"0%"
"Alabama","Lawrence",3562,12322,147,16031,-8760,"0%"
"Alabama","Lee",27860,42221,1368,71449,-14361,"0%"
"Alabama","Limestone",13672,34640,923,49235,-20968,"0%"
"Alabama","Lowndes",4972,1836,27,6835,3136,"0%"
"Alabama","Macon",7108,1541,74,8723,5567,"0%"
"Alabama","Madison",87286,102780,4701,194767,-15494,"0%"
"Alabama","Marengo",5488,5343,69,10900,145,"0%"
"Alabama","Marion",1463,12205,139,13807,-10742,"0%"
"Alabama","Marshall",5943,33191,521,39655,-27248,"0%"
"Alabama","Mobile",79474,101243,2447,183164,-21769,"0%"
"Alabama","Monroe",4455,6147,66,10668,-1692,"0%"
"Alabama","Montgomery",64529,33311,1299,99139,31218,"0%"
"Alabama","Morgan",13234,39664,824,53722,-26430,"0%"
"Alabama","Perry",3860,1339,31,5230,2521,"0%"
"Alabama","Pickens",4022,5594,52,9668,-1572,"0%"
"Alabama","Pike",5636,8042,163,13841,-2406,"0%"
"Alabama","Randolph",2203,8559,75,10837,-6356,"0%"
"Alabama","Russell",11228,9864,237,21329,1364,"0%"
"Alabama","Shelby",33268,79700,1982,114950,-46432,"0%"
"Alabama","St. Clair",7744,36166,531,44441,-28422,"0%"
"Alabama","Sumter",4648,1598,45,6291,3050,"0%"
"Alabama","Talladega",13138,22235,290,35663,-9097,"0%"
"Alabama","Tallapoosa",5859,14963,169,20991,-9104,"0%"
"Alabama","Tuscaloosa",37765,51117,1290,90172,-13352,"0%"
"Alabama","Walker",4834,26002,334,31170,-21168,"0%"
"Alabama","Washington",2258,6564,54,8876,-4306,"0%"
"Alabama","Wilcox",4048,1833,22,5903,2215,"0%"
"Alabama","Winston",974,10195,115,11284,-9221,"0%"
"Arkansas","Arkansas",1818,4304,170,6292,-2486,"0%"
"Arkansas","Ashley",2125,5548,253,7926,-3423,"0%"
"Arkansas","Baxter",4635,15836,536,21007,-11201,"0%"
"Arkansas","Benton",42249,73965,3698,119912,-31716,"0%"
"Arkansas","Boone",3064,13652,398,17114,-10588,"0%"
"Arkansas","Bradley",1214,2335,105,3654,-1121,"0%"
"Arkansas","Calhoun",479,1636,67,2182,-1157,"0%"
"Arkansas","Carroll",4023,7424,350,11797,-3401,"0%"
"Arkansas","Chicot",2260,1752,91,4103,508,"0%"
"Arkansas","Clark",3438,4616,341,8395,-1178,"0%"
"Arkansas","Clay",962,4086,135,5183,-3124,"0%"
"Arkansas","Cleburne",1988,10328,364,12680,-8340,"0%"
"Arkansas","Cleveland",651,2867,82,3600,-2216,"0%"
"Arkansas","Columbia",2814,5500,302,8616,-2686,"0%"
"Arkansas","Conway",2615,5694,376,8685,-3079,"0%"
"Arkansas","Craighead",11921,25558,1032,38511,-13637,"0%"
"Arkansas","Crawford",4959,18607,525,24091,-13648,"0%"
"Arkansas","Crittenden",8514,7333,520,16367,1181,"0%"
"Arkansas","Cross",1772,4946,224,6942,-3174,"0%"
"Arkansas","Dallas",963,1573,113,2649,-610,"0%"
"Arkansas","Desha",2016,1921,227,4164,95,"0%"
"Arkansas","Drew",2426,4349,133,6908,-1923,"0%"
"Arkansas","Faulkner",18347,34421,1660,54428,-16074,"0%"
"Arkansas","Franklin",1300,5677,152,7129,-4377,"0%"
"Arkansas","Fulton",1035,3961,123,5119,-2926,"0%"
"Arkansas","Garland",14045,29069,1085,44199,-15024,"0%"
"Arkansas","Grant",1268,6794,138,8200,-5526,"0%"
"Arkansas","Greene",3058,12670,372,16100,-9612,"0%"
"Arkansas","Hempstead",2138,4470,240,6848,-2332,"0%"
"Arkansas","Hot Spring",3082,9202,273,12557,-6120,"0%"
"Arkansas","Howard",1340,3367,127,4834,-2027,"0%"
"Arkansas","Independence",2806,11250,456,14512,-8444,"0%"
"Arkansas","Izard",1021,4631,158,5810,-3610,"0%"
"Arkansas","Jackson",1365,3593,133,5091,-2228,"0%"
"Arkansas","Jefferson",14981,9521,656,25158,5460,"0%"
"Arkansas","Johnson",2283,6938,277,9498,-4655,"0%"
"Arkansas","Lafayette",839,1757,83,2679,-918,"0%"
"Arkansas","Lawrence",1080,4569,208,5857,-3489,"0%"
"Arkansas","Lee",1423,1286,139,2848,137,"0%"
"Arkansas","Lincoln",1032,2729,114,3875,-1697,"0%"
"Arkansas","Little River",1226,3715,236,5177,-2489,"0%"
"Arkansas","Logan",1544,6441,240,8225,-4897,"0%"
"Arkansas","Lonoke",6686,22884,1092,30662,-16198,"0%"
"Arkansas","Madison",1563,5658,130,7351,-4095,"0%"
"Arkansas","Marion",1531,5783,189,7503,-4252,"0%"
"Arkansas","Miller",4245,11920,364,16529,-7675,"0%"
"Arkansas","Mississippi",4558,7296,488,12342,-2738,"0%"
"Arkansas","Monroe",1147,1545,124,2816,-398,"0%"
"Arkansas","Montgomery",731,3046,96,3873,-2315,"0%"
"Arkansas","Nevada",1076,2133,149,3358,-1057,"0%"
"Arkansas","Newton",709,3192,97,3998,-2483,"0%"
"Arkansas","Ouachita",3995,5294,340,9629,-1299,"0%"
"Arkansas","Perry",1012,3479,136,4627,-2467,"0%"
"Arkansas","Phillips",3623,2417,202,6242,1206,"0%"
"Arkansas","Pike",644,3519,83,4246,-2875,"0%"
"Arkansas","Poinsett",1424,5918,179,7521,-4494,"0%"
"Arkansas","Polk",1246,7035,209,8490,-5789,"0%"
"Arkansas","Pope",5772,18081,579,24432,-12309,"0%"
"Arkansas","Prairie",654,2786,55,3495,-2132,"0%"
"Arkansas","Pulaski",101947,63687,4322,169956,38260,"0%"
"Arkansas","Randolph",1215,5355,242,6812,-4140,"0%"
"Arkansas","Saint Francis",3604,3242,262,7108,362,"0%"
"Arkansas","Saline",16060,39556,1343,56959,-23496,"0%"
"Arkansas","Scott",483,2962,106,3551,-2479,"0%"
"Arkansas","Searcy",588,3365,66,4019,-2777,"0%"
"Arkansas","Sebastian",14487,31198,1455,47140,-16711,"0%"
"Arkansas","Sevier",1116,3884,202,5202,-2768,"0%"
"Arkansas","Sharp",1398,5938,230,7566,-4540,"0%"
"Arkansas","Stone",1180,4616,142,5938,-3436,"0%"
"Arkansas","Union",5584,10478,545,16607,-4894,"0%"
"Arkansas","Van Buren",1593,6034,180,7807,-4441,"0%"
"Arkansas","Washington",43824,47504,2938,94266,-3680,"0%"
"Arkansas","White",5978,24182,725,30885,-18204,"0%"
"Arkansas","Woodruff",856,1543,77,2476,-687,"0%"
"Arkansas","Yell",1284,5226,231,6741,-3942,"0%"
"Arizona","Apache",23293,11442,448,35183,11851,"0%"
"Arizona","Cochise",23732,35557,1184,60473,-11825,"0%"
"Arizona","Coconino",44698,27052,1596,73346,17646,"0%"
"Arizona","Gila",8943,18377,358,27678,-9434,"0%"
"Arizona","Graham",4034,10749,213,14996,-6715,"0%"
"Arizona","Greenlee",1182,2433,73,3688,-1251,"0%"
"Arizona","La Paz",2236,5129,95,7460,-2893,"0%"
"Arizona","Maricopa",1040774,995665,33036,2069475,45109,"0%"
"Arizona","Mohave",24831,78535,1339,104705,-53704,"0%"
"Arizona","Navajo",23383,27657,743,51783,-4274,"0%"
"Arizona","Pima",304981,207758,7996,520735,97223,"0%"
"Arizona","Pinal",75106,107077,2854,185037,-31971,"0%"
"Arizona","Santa Cruz",13138,6194,229,19561,6944,"0%"
"Arizona","Yavapai",49602,91527,2151,143280,-41925,"0%"
"Arizona","Yuma",32210,36534,1182,69926,-4324,"0%"
"California","Alameda",617659,136309,NA,769864,481350,"0%"
"California","Alpine",476,244,NA,741,232,"0%"
"California","Amador",8153,13585,NA,22302,-5432,"0%"
"California","Butte",50426,48730,2886,102042,1696,"0%"
"California","Calaveras",10046,16518,NA,27164,-6472,"0%"
"California","Colusa",3234,4554,NA,7951,-1320,"0%"
"California","Contra Costa",416386,152877,NA,581230,263509,"0%"
"California","Del Norte",4677,6461,NA,11452,-1784,"0%"
"California","El Dorado",51621,61838,NA,116138,-10217,"0%"
"California","Fresno",193025,164464,NA,364809,28561,"0%"
"California","Glenn",3995,7063,NA,11292,-3068,"0%"
"California","Humboldt",44768,21770,2290,68828,22998,"0%"
"California","Imperial",34678,20847,NA,56718,13831,"0%"
"California","Inyo",4634,4620,NA,9481,14,"0%"
"California","Kern",133366,164484,NA,305226,-31118,"0%"
"California","Kings",18699,24072,NA,43858,-5373,"0%"
"California","Lake",14941,13123,736,28800,1818,"0%"
"California","Lassen",2799,8970,216,11985,-6171,"0%"
"California","Los Angeles",3028885,1145530,NA,4263443,1883355,"0%"
"California","Madera",23168,29378,NA,53722,-6210,"0%"
"California","Marin",128288,24612,2901,155801,103676,"0%"
"California","Mariposa",4088,5950,NA,10280,-1862,"0%"
"California","Mendocino",28782,13267,1287,43336,15515,"0%"
"California","Merced",48991,39397,NA,90541,9594,"0%"
"California","Modoc",1150,3109,NA,4338,-1959,"0%"
"California","Mono",4013,2513,NA,6737,1500,"0%"
"California","Monterey",113953,46299,NA,163883,67654,"0%"
"California","Napa",49817,20676,NA,72122,29141,"0%"
"California","Nevada",36359,26779,NA,64738,9580,"0%"
"California","Orange",814009,676498,NA,1521725,137511,"0%"
"California","Placer",106869,122488,NA,235017,-15619,"0%"
"California","Plumas",4561,6445,NA,11256,-1884,"0%"
"California","Riverside",527945,448702,NA,996156,79243,"0%"
"California","Sacramento",440808,259405,NA,718290,181403,"0%"
"California","San Benito",17628,10590,NA,28821,7038,"0%"
"California","San Bernardino",455859,366257,NA,840931,89602,"0%"
"California","San Diego",964650,600094,NA,1601722,364556,"0%"
"California","San Francisco",378156,56417,8885,443458,321739,"0%"
"California","San Joaquin",161137,121098,NA,288443,40039,"0%"
"California","San Luis Obispo",88310,67436,NA,159681,20874,"0%"
"California","San Mateo",291410,75563,7165,374138,215847,"0%"
"California","Santa Barbara",129963,65736,4589,200288,64227,"0%"
"California","Santa Clara",617967,214612,NA,850522,403355,"0%"
"California","Santa Cruz",114246,26937,3613,144796,87309,"0%"
"California","Shasta",30000,60789,2111,92900,-30789,"0%"
"California","Sierra",730,1142,58,1930,-412,"0%"
"California","Siskiyou",9593,13290,567,23450,-3697,"0%"
"California","Solano",131639,69306,NA,205831,62333,"0%"
"California","Sonoma",199938,61825,6489,268252,138113,"0%"
"California","Stanislaus",105841,104145,NA,214876,1696,"0%"
"California","Sutter",17367,24375,NA,42640,-7008,"0%"
"California","Tehama",8911,19141,NA,28721,-10230,"0%"
"California","Trinity",2851,3188,219,6258,-337,"0%"
"California","Tulare",66105,77579,NA,146832,-11474,"0%"
"California","Tuolumne",11978,17689,NA,30401,-5711,"0%"
"California","Ventura",251388,162207,NA,422698,89181,"0%"
"California","Yolo",67598,27292,NA,97264,40306,"0%"
"California","Yuba",11230,17676,NA,29787,-6446,"0%"
"Colorado","Adams",134202,95657,6876,236735,38545,"0%"
"Colorado","Alamosa",3759,3813,236,7808,-54,"0%"
"Colorado","Arapahoe",213607,127323,9253,350183,86284,"0%"
"Colorado","Archuleta",3738,5189,NA,9144,-1451,"0%"
"Colorado","Baca",317,1867,41,2225,-1550,"0%"
"Colorado","Bent",732,1503,NA,2274,-771,"0%"
"Colorado","Boulder",159089,42501,4521,206111,116588,"0%"
"Colorado","Broomfield",29077,16295,NA,46632,12782,"0%"
"Colorado","Chaffee",7160,6222,335,13717,938,"0%"
"Colorado","Cheyenne",131,993,12,1136,-862,"0%"
"Colorado","Clear Creek",3604,2754,190,6548,850,"0%"
"Colorado","Conejos",1959,2286,88,4333,-327,"0%"
"Colorado","Costilla",1311,741,42,2094,570,"0%"
"Colorado","Crowley",437,1271,NA,1750,-834,"0%"
"Colorado","Custer",1112,2474,NA,3634,-1362,"0%"
"Colorado","Delta",5887,13081,402,19370,-7194,"0%"
"Colorado","Denver",313293,71618,8916,393827,241675,"0%"
"Colorado","Dolores",341,1089,NA,1449,-748,"0%"
"Colorado","Douglas",104653,121270,5676,231599,-16617,"0%"
"Colorado","Eagle",18588,9892,660,29140,8696,"0%"
"Colorado","El Paso",161941,202828,14080,378849,-40887,"0%"
"Colorado","Elbert",4490,14027,NA,18983,-9537,"0%"
"Colorado","Fremont",7369,17517,671,25557,-10148,"0%"
"Colorado","Garfield",15427,14717,760,30904,710,"0%"
"Colorado","Gilpin",2223,1833,NA,4186,390,"0%"
"Colorado","Grand",4710,4883,277,9870,-173,"0%"
"Colorado","Gunnison",7132,3735,323,11190,3397,"0%"
"Colorado","Hinsdale",255,353,NA,632,-98,"0%"
"Colorado","Huerfano",2076,2203,127,4406,-127,"0%"
"Colorado","Jackson",175,681,20,876,-506,"0%"
"Colorado","Jefferson",218396,148417,10544,377357,69979,"0%"
"Colorado","Kiowa",98,795,10,903,-697,"0%"
"Colorado","Kit Carson",662,3144,65,3871,-2482,"0%"
"Colorado","La Plata",20548,14233,886,35667,6315,"0%"
"Colorado","Lake",2303,1497,NA,3961,806,"0%"
"Colorado","Larimer",126120,91489,6729,224338,34631,"0%"
"Colorado","Las Animas",3497,4284,180,7961,-787,"0%"
"Colorado","Lincoln",470,2135,46,2651,-1665,"0%"
"Colorado","Logan",2218,8087,227,10532,-5869,"0%"
"Colorado","Mesa",31536,56894,2192,90622,-25358,"0%"
"Colorado","Mineral",317,427,NA,756,-110,"0%"
"Colorado","Moffat",1203,5670,153,7026,-4467,"0%"
"Colorado","Montezuma",5836,9306,NA,15500,-3470,"0%"
"Colorado","Montrose",7687,16770,465,24922,-9083,"0%"
"Colorado","Morgan",3876,9593,275,13744,-5717,"0%"
"Colorado","Otero",3605,5756,215,9576,-2151,"0%"
"Colorado","Ouray",2365,1577,NA,4020,788,"0%"
"Colorado","Park",4903,6991,NA,12290,-2088,"0%"
"Colorado","Phillips",486,1958,41,2485,-1472,"0%"
"Colorado","Pitkin",8989,2780,188,11957,6209,"0%"
"Colorado","Prowers",1458,4008,95,5561,-2550,"0%"
"Colorado","Pueblo",43772,42252,2275,88299,1520,"0%"
"Colorado","Rio Blanco",561,3061,69,3691,-2500,"0%"
"Colorado","Rio Grande",2495,3660,150,6305,-1165,"0%"
"Colorado","Routt",10582,5925,NA,16876,4657,"0%"
"Colorado","Saguache",1884,1413,NA,3389,471,"0%"
"Colorado","San Juan",342,202,19,563,140,"0%"
"Colorado","San Miguel",3924,1136,NA,5147,2788,"0%"
"Colorado","Sedgwick",301,1121,24,1446,-820,"0%"
"Colorado","Summit",12631,5322,526,18479,7309,"0%"
"Colorado","Teller",5278,11241,NA,16939,-5963,"0%"
"Colorado","Washington",369,2595,44,3008,-2226,"0%"
"Colorado","Weld",66060,96145,NA,166968,-30085,"0%"
"Colorado","Yuma",785,4107,89,4981,-3322,"0%"
"Connecticut","Fairfield",297505,169039,6446,472990,128466,"NA%"
"Connecticut","Hartford",283368,159024,6944,449336,124344,"NA%"
"Connecticut","Litchfield",50164,55601,1779,107544,-5437,"NA%"
"Connecticut","Middlesex",56848,40665,1690,99203,16183,"NA%"
"Connecticut","New Haven",242629,169892,5459,417980,72737,"NA%"
"Connecticut","New London",79459,57110,3035,139604,22349,"NA%"
"Connecticut","Tolland",44006,34819,1721,80546,9187,"NA%"
"Connecticut","Windham",26701,29141,1235,57077,-2440,"NA%"
"District of Columbia","Ward 1",39041,1725,915,41681,37316,"0%"
"District of Columbia","Ward 2",29078,2918,885,32881,26160,"0%"
"District of Columbia","Ward 3",39397,3705,1129,44231,35692,"0%"
"District of Columbia","Ward 4",42489,1913,894,45296,40576,"0%"
"District of Columbia","Ward 5",43320,1769,1018,46107,41551,"0%"
"District of Columbia","Ward 6",56719,4337,1862,62918,52382,"0%"
"District of Columbia","Ward 7",36382,1134,868,38384,35248,"0%"
"District of Columbia","Ward 8",30897,1085,876,32858,29812,"0%"
"Delaware","Kent",44552,41009,1464,87025,3543,"0%"
"Delaware","New Castle",195034,88364,4235,287633,106670,"0%"
"Delaware","Sussex",56682,71230,1440,129352,-14548,"0%"
"Florida","Alachua",89704,50972,1928,142604,38732,"0%"
"Florida","Baker",2037,11911,111,14059,-9874,"0%"
"Florida","Bay",25614,66097,1313,93024,-40483,"0%"
"Florida","Bradford",3160,10334,138,13632,-7174,"0%"
"Florida","Brevard",148549,207883,4332,360764,-59334,"0%"
"Florida","Broward",618752,333409,5511,957672,285343,"0%"
"Florida","Calhoun",1209,5274,43,6526,-4065,"0%"
"Florida","Charlotte",42273,73243,824,116340,-30970,"0%"
"Florida","Citrus",27092,65352,764,93208,-38260,"0%"
"Florida","Clay",38317,84480,1608,124405,-46163,"0%"
"Florida","Collier",77621,128950,1247,207818,-51329,"0%"
"Florida","Columbia",8914,23836,292,33042,-14922,"0%"
"Florida","DeSoto",4259,8313,87,12659,-4054,"0%"
"Florida","Dixie",1365,6759,NA,8167,-5394,"0%"
"Florida","Duval",252556,233762,6502,492820,18794,"0%"
"Florida","Escambia",70929,96674,2769,170372,-25745,"0%"
"Florida","Flagler",28161,43043,512,71716,-14882,"0%"
"Florida","Franklin",2120,4675,NA,6849,-2555,"0%"
"Florida","Gadsden",16153,7465,NA,23762,8688,"0%"
"Florida","Gilchrist",1700,7895,90,9685,-6195,"0%"
"Florida","Glades",1385,3782,NA,5193,-2397,"0%"
"Florida","Gulf",1985,6113,65,8163,-4128,"0%"
"Florida","Hamilton",1963,3815,52,5830,-1852,"0%"
"Florida","Hardee",2298,6122,NA,8485,-3824,"0%"
"Florida","Hendry",4929,7906,105,12940,-2977,"0%"
"Florida","Hernando",37519,70412,991,108922,-32893,"0%"
"Florida","Highlands",16938,34873,359,52170,-17935,"0%"
"Florida","Hillsborough",376367,327398,8298,712063,48969,"0%"
"Florida","Holmes",924,8080,NA,9068,-7156,"0%"
"Florida","Indian River",37844,58872,768,97484,-21028,"0%"
"Florida","Jackson",6766,15488,165,22419,-8722,"0%"
"Florida","Jefferson",3897,4479,75,8451,-582,"0%"
"Florida","Lafayette",510,3128,NA,3658,-2618,"0%"
"Florida","Lake",83505,125859,1950,211314,-42354,"0%"
"Florida","Lee",157695,233247,2957,393899,-75552,"0%"
"Florida","Leon",103517,57453,1959,162929,46064,"0%"
"Florida","Levy",6205,16749,191,23145,-10544,"0%"
"Florida","Liberty",694,2846,NA,3561,-2152,"0%"
"Florida","Madison",3747,5576,57,9380,-1829,"0%"
"Florida","Manatee",90166,124987,1805,216958,-34821,"0%"
"Florida","Marion",74858,127826,1692,204376,-52968,"0%"
"Florida","Martin",36893,61168,665,98726,-24275,"0%"
"Florida","Miami-Dade",617864,532833,6119,1156816,85031,"0%"
"Florida","Monroe",21881,25693,455,48029,-3812,"0%"
"Florida","Nassau",15564,42566,681,58811,-27002,"0%"
"Florida","Okaloosa",34248,79798,2327,116373,-45550,"0%"
"Florida","Okeechobee",4390,11470,94,15954,-7080,"0%"
"Florida","Orange",395014,245398,6991,647403,149616,"0%"
"Florida","Osceola",97297,73480,1659,172436,23817,"0%"
"Florida","Palm Beach",433572,334711,4875,773158,98861,"0%"
"Florida","Pasco",119073,179621,3276,301970,-60548,"0%"
"Florida","Pinellas",277450,276209,6056,559715,1241,"0%"
"Florida","Polk",145049,194586,3621,343256,-49537,"0%"
"Florida","Putnam",10527,25514,332,36373,-14987,"0%"
"Florida","Santa Rosa",27612,77385,1931,106928,-49773,"0%"
"Florida","Sarasota",120110,148370,2095,270575,-28260,"0%"
"Florida","Seminole",132528,125241,3046,260815,7287,"0%"
"Florida","St. Johns",63850,110946,1826,176622,-47096,"0%"
"Florida","St. Lucie",84137,86831,1201,172169,-2694,"0%"
"Florida","Sumter",29341,62761,383,92485,-33420,"0%"
"Florida","Suwannee",4485,16410,NA,21057,-11925,"0%"
"Florida","Taylor",2299,7751,77,10127,-5452,"0%"
"Florida","Union",1053,5133,59,6245,-4080,"0%"
"Florida","Volusia",130575,173821,3043,307439,-43246,"0%"
"Florida","Wakulla",5351,12874,NA,18404,-7523,"0%"
"Florida","Walton",10338,32947,426,43711,-22609,"0%"
"Florida","Washington",2347,9876,NA,12327,-7529,"0%"
"Georgia","Appling",1784,6570,36,8390,-4786,"0%"
"Georgia","Atkinson",825,2300,30,3155,-1475,"0%"
"Georgia","Bacon",625,4017,25,4667,-3392,"0%"
"Georgia","Baker",652,897,6,1555,-245,"0%"
"Georgia","Baldwin",9140,8903,208,18251,237,"0%"
"Georgia","Banks",932,7795,74,8801,-6863,"0%"
"Georgia","Barrow",10453,26804,664,37921,-16351,"0%"
"Georgia","Bartow",12091,37672,701,50464,-25581,"0%"
"Georgia","Ben Hill",2393,4111,60,6564,-1718,"0%"
"Georgia","Berrien",1269,6419,55,7743,-5150,"0%"
"Georgia","Bibb",43408,26559,747,70714,16849,"0%"
"Georgia","Bleckley",1312,4329,67,5708,-3017,"0%"
"Georgia","Brantley",700,6993,56,7749,-6293,"0%"
"Georgia","Brooks",2791,4261,49,7101,-1470,"0%"
"Georgia","Bryan",6738,14240,357,21335,-7502,"0%"
"Georgia","Bulloch",11248,18387,455,30090,-7139,"0%"
"Georgia","Burke",5208,5400,75,10683,-192,"0%"
"Georgia","Butts",3274,8406,91,11771,-5132,"0%"
"Georgia","Calhoun",1263,923,12,2198,340,"0%"
"Georgia","Camden",7967,15249,470,23686,-7282,"0%"
"Georgia","Candler",1269,3133,29,4431,-1864,"0%"
"Georgia","Carroll",16236,37476,760,54472,-21240,"0%"
"Georgia","Catoosa",6932,25167,494,32593,-18235,"0%"
"Georgia","Charlton",1105,3419,44,4568,-2314,"0%"
"Georgia","Chatham",78247,53232,1929,133408,25015,"0%"
"Georgia","Chattahoochee",667,880,35,1582,-213,"1%"
"Georgia","Chattooga",1854,8064,132,10050,-6210,"0%"
"Georgia","Cherokee",42779,99585,2451,144815,-56806,"0%"
"Georgia","Clarke",36055,14450,841,51346,21605,"0%"
"Georgia","Clay",791,637,7,1435,154,"0%"
"Georgia","Clayton",95466,15811,1053,112330,79655,"0%"
"Georgia","Clinch",744,2105,12,2861,-1361,"0%"
"Georgia","Cobb",221847,165436,6445,393728,56411,"0%"
"Georgia","Coffee",4511,10578,125,15214,-6067,"0%"
"Georgia","Colquitt",4190,11777,119,16086,-7587,"0%"
"Georgia","Columbia",29232,50013,1330,80575,-20781,"0%"
"Georgia","Cook",2059,4900,76,7035,-2841,"0%"
"Georgia","Coweta",24210,51501,1088,76799,-27291,"0%"
"Georgia","Crawford",1615,4428,59,6102,-2813,"0%"
"Georgia","Crisp",2982,4985,66,8033,-2003,"0%"
"Georgia","Dade",1261,6066,107,7434,-4805,"0%"
"Georgia","Dawson",2486,13398,197,16081,-10912,"0%"
"Georgia","DeKalb",308162,58377,4207,370746,249785,"0%"
"Georgia","Decatur",4782,6755,88,11625,-1973,"0%"
"Georgia","Dodge",2172,5843,56,8071,-3671,"0%"
"Georgia","Dooly",1911,2159,35,4105,-248,"0%"
"Georgia","Dougherty",24568,10441,278,35287,14127,"0%"
"Georgia","Douglas",42814,25454,838,69106,17360,"0%"
"Georgia","Early",2450,2710,28,5188,-260,"0%"
"Georgia","Echols",167,1256,18,1441,-1089,"0%"
"Georgia","Effingham",7718,23361,492,31571,-15643,"0%"
"Georgia","Elbert",2879,6226,66,9171,-3347,"0%"
"Georgia","Emanuel",2886,6553,66,9505,-3667,"0%"
"Georgia","Evans",1324,2888,35,4247,-1564,"0%"
"Georgia","Fannin",2570,12169,110,14849,-9599,"0%"
"Georgia","Fayette",33062,37956,976,71994,-4894,"0%"
"Georgia","Floyd",11917,28906,518,41341,-16989,"0%"
"Georgia","Forsyth",42208,85123,1980,129311,-42915,"0%"
"Georgia","Franklin",1593,9069,103,10765,-7476,"0%"
"Georgia","Fulton",380212,137247,6320,523779,242965,"0%"
"Georgia","Gilmer",2932,13429,164,16525,-10497,"0%"
"Georgia","Glascock",155,1402,8,1565,-1247,"0%"
"Georgia","Glynn",15882,25617,489,41988,-9735,"0%"
"Georgia","Gordon",4384,19405,244,24033,-15021,"0%"
"Georgia","Grady",3619,7034,54,10707,-3415,"0%"
"Georgia","Greene",4087,7066,91,11244,-2979,"0%"
"Georgia","Gwinnett",241994,166400,5629,414023,75594,"0%"
"Georgia","Habersham",3562,16637,232,20431,-13075,"0%"
"Georgia","Hall",25033,64183,1321,90537,-39150,"0%"
"Georgia","Hancock",2976,1154,23,4153,1822,"0%"
"Georgia","Haralson",1791,12330,125,14246,-10539,"0%"
"Georgia","Harris",5457,14319,215,19991,-8862,"0%"
"Georgia","Hart",3157,9465,106,12728,-6308,"0%"
"Georgia","Heard",824,4519,51,5394,-3695,"0%"
"Georgia","Henry",73443,48259,1296,122998,25184,"0%"
"Georgia","Houston",32239,41540,1059,74838,-9301,"0%"
"Georgia","Irwin",1008,3134,26,4168,-2126,"0%"
"Georgia","Jackson",7642,29502,531,37675,-21860,"0%"
"Georgia","Jasper",1761,5822,61,7644,-4061,"0%"
"Georgia","Jeff Davis",1028,4695,48,5771,-3667,"0%"
"Georgia","Jefferson",4058,3537,44,7639,521,"0%"
"Georgia","Jenkins",1266,2161,28,3455,-895,"0%"
"Georgia","Johnson",1222,2850,28,4100,-1628,"0%"
"Georgia","Jones",4882,9940,112,14934,-5058,"0%"
"Georgia","Lamar",2620,6331,94,9045,-3711,"0%"
"Georgia","Lanier",1019,2509,48,3576,-1490,"0%"
"Georgia","Laurens",8074,14493,164,22731,-6419,"0%"
"Georgia","Lee",4558,12007,149,16714,-7449,"0%"
"Georgia","Liberty",13104,7959,331,21394,5145,"0%"
"Georgia","Lincoln",1432,3173,36,4641,-1741,"0%"
"Georgia","Long",2035,3527,95,5657,-1492,"0%"
"Georgia","Lowndes",20116,25692,547,46355,-5576,"0%"
"Georgia","Lumpkin",3126,12163,242,15531,-9037,"0%"
"Georgia","Macon",2858,1783,22,4663,1075,"0%"
"Georgia","Madison",3411,11326,200,14937,-7915,"0%"
"Georgia","Marion",1312,2275,38,3625,-963,"0%"
"Georgia","McDuffie",4168,6169,118,10455,-2001,"0%"
"Georgia","McIntosh",2612,4016,68,6696,-1404,"0%"
"Georgia","Meriwether",4287,6524,66,10877,-2237,"0%"
"Georgia","Miller",748,2066,20,2834,-1318,"0%"
"Georgia","Mitchell",3993,4935,34,8962,-942,"0%"
"Georgia","Monroe",4385,11057,148,15590,-6672,"0%"
"Georgia","Montgomery",980,2960,27,3967,-1980,"0%"
"Georgia","Morgan",3353,8231,122,11706,-4878,"0%"
"Georgia","Murray",2301,12944,144,15389,-10643,"0%"
"Georgia","Muscogee",49446,30107,961,80514,19339,"0%"
"Georgia","Newton",29789,23869,576,54234,5920,"0%"
"Georgia","Oconee",8162,16595,411,25168,-8433,"0%"
"Georgia","Oglethorpe",2439,5592,102,8133,-3153,"0%"
"Georgia","Paulding",29695,54517,1160,85372,-24822,"0%"
"Georgia","Peach",5922,6506,125,12553,-584,"0%"
"Georgia","Pickens",2824,14110,233,17167,-11286,"0%"
"Georgia","Pierce",1100,7898,49,9047,-6798,"0%"
"Georgia","Pike",1505,9127,88,10720,-7622,"0%"
"Georgia","Polk",3657,13587,152,17396,-9930,"0%"
"Georgia","Pulaski",1230,2815,36,4081,-1585,"0%"
"Georgia","Putnam",3448,8291,116,11855,-4843,"0%"
"Georgia","Quitman",497,604,5,1106,-107,"0%"
"Georgia","Rabun",1984,7474,110,9568,-5490,"0%"
"Georgia","Randolph",1671,1390,12,3073,281,"0%"
"Georgia","Richmond",59119,26780,1110,87009,32339,"0%"
"Georgia","Rockdale",31237,13014,430,44681,18223,"0%"
"Georgia","Schley",462,1800,13,2275,-1338,"0%"
"Georgia","Screven",2661,3915,51,6627,-1254,"0%"
"Georgia","Seminole",1256,2613,19,3888,-1357,"0%"
"Georgia","Spalding",11828,18104,279,30211,-6276,"0%"
"Georgia","Stephens",2386,9367,132,11885,-6981,"0%"
"Georgia","Stewart",1182,801,7,1990,381,"0%"
"Georgia","Sumter",6314,5733,101,12148,581,"0%"
"Georgia","Talbot",2114,1392,16,3522,722,"0%"
"Georgia","Taliaferro",561,360,7,928,201,"0%"
"Georgia","Tattnall",2062,6054,69,8185,-3992,"0%"
"Georgia","Taylor",1388,2420,34,3842,-1032,"0%"
"Georgia","Telfair",1488,2825,21,4334,-1337,"0%"
"Georgia","Terrell",2376,2004,36,4416,372,"0%"
"Georgia","Thomas",8708,12969,195,21872,-4261,"0%"
"Georgia","Tift",5318,10784,177,16279,-5466,"0%"
"Georgia","Toombs",2938,7873,103,10914,-4935,"0%"
"Georgia","Towns",1550,6384,45,7979,-4834,"0%"
"Georgia","Treutlen",952,2101,24,3077,-1149,"0%"
"Georgia","Troup",11577,18142,328,30047,-6565,"0%"
"Georgia","Turner",1409,2349,33,3791,-940,"0%"
"Georgia","Twiggs",2044,2370,30,4444,-326,"0%"
"Georgia","Union",2800,12650,108,15558,-9850,"0%"
"Georgia","Upson",4203,8606,96,12905,-4403,"0%"
"Georgia","Walker",5770,23173,411,29354,-17403,"0%"
"Georgia","Walton",12683,37839,571,51093,-25156,"0%"
"Georgia","Ware",4169,9903,117,14189,-5734,"1%"
"Georgia","Warren",1468,1166,16,2650,302,"1%"
"Georgia","Washington",4743,4668,66,9477,75,"0%"
"Georgia","Wayne",2688,9987,104,12779,-7299,"0%"
"Georgia","Webster",640,748,3,1391,-108,"0%"
"Georgia","Wheeler",689,1583,13,2285,-894,"0%"
"Georgia","White",2411,12222,183,14816,-9811,"0%"
"Georgia","Whitfield",10680,25644,442,36766,-14964,"0%"
"Georgia","Wilcox",861,2402,16,3279,-1541,"0%"
"Georgia","Wilkes",2160,2823,47,5030,-663,"0%"
"Georgia","Wilkinson",2074,2665,31,4770,-591,"0%"
"Georgia","Worth",2395,6830,60,9285,-4435,"0%"
"Hawaii","Hawaii",58731,26897,2186,87814,31834,"0%"
"Hawaii","Honolulu",238869,136259,6986,382114,102610,"0%"
"Hawaii","Kauai",21225,11582,690,33497,9643,"0%"
"Hawaii","Maui",47305,22126,1613,71044,25179,"0%"
"Iowa","Adair",1198,2917,62,4177,-1719,"0%"
"Iowa","Adams",590,1530,40,2160,-940,"0%"
"Iowa","Allamakee",2576,4735,111,7422,-2159,"1%"
"Iowa","Appanoose",1891,4512,113,6516,-2621,"0%"
"Iowa","Audubon",1071,2295,54,3420,-1224,"0%"
"Iowa","Benton",5160,9188,294,14642,-4028,"0%"
"Iowa","Black Hawk",35647,29640,1306,66593,6007,"0%"
"Iowa","Boone",6303,8695,342,15340,-2392,"0%"
"Iowa","Bremer",5958,8294,294,14546,-2336,"0%"
"Iowa","Buchanan",4169,6420,185,10774,-2251,"0%"
"Iowa","Buena Vista",2961,5056,150,8167,-2095,"0%"
"Iowa","Butler",2424,5542,132,8098,-3118,"0%"
"Iowa","Calhoun",1470,3689,99,5258,-2219,"0%"
"Iowa","Carroll",3454,7737,144,11335,-4283,"0%"
"Iowa","Cass",2201,4969,106,7276,-2768,"0%"
"Iowa","Cedar",4337,6161,205,10703,-1824,"0%"
"Iowa","Cerro Gordo",10941,12442,418,23801,-1501,"0%"
"Iowa","Cherokee",1936,4495,87,6518,-2559,"0%"
"Iowa","Chickasaw",2233,4308,90,6631,-2075,"0%"
"Iowa","Clarke",1466,3144,60,4670,-1678,"0%"
"Iowa","Clay",2662,6137,170,8969,-3475,"0%"
"Iowa","Clayton",3340,6106,148,9594,-2766,"0%"
"Iowa","Clinton",10812,13361,514,24687,-2549,"0%"
"Iowa","Crawford",2220,4854,80,7154,-2634,"0%"
"Iowa","Dallas",26879,27987,1156,56022,-1108,"0%"
"Iowa","Davis",1013,3032,57,4102,-2019,"0%"
"Iowa","Decatur",1120,2615,69,3804,-1495,"0%"
"Iowa","Delaware",3157,6666,180,10003,-3509,"0%"
"Iowa","Des Moines",8893,10592,471,19956,-1699,"0%"
"Iowa","Dickinson",3661,7438,145,11244,-3777,"0%"
"Iowa","Dubuque",25657,27214,1055,53926,-1557,"0%"
"Iowa","Emmet",1520,3265,68,4853,-1745,"0%"
"Iowa","Fayette",3835,6145,206,10186,-2310,"0%"
"Iowa","Floyd",3172,4732,128,8032,-1560,"0%"
"Iowa","Franklin",1626,3422,82,5130,-1796,"0%"
"Iowa","Fremont",1080,2711,66,3857,-1631,"0%"
"Iowa","Greene",1769,3223,65,5057,-1454,"0%"
"Iowa","Grundy",2206,4929,141,7276,-2723,"0%"
"Iowa","Guthrie",1985,4272,114,6371,-2287,"0%"
"Iowa","Hamilton",2843,4956,144,7943,-2113,"0%"
"Iowa","Hancock",1683,4390,99,6172,-2707,"0%"
"Iowa","Hardin",2976,5850,163,8989,-2874,"0%"
"Iowa","Harrison",2440,5569,146,8155,-3129,"0%"
"Iowa","Henry",3275,6507,200,9982,-3232,"0%"
"Iowa","Howard",1772,3127,59,4958,-1355,"0%"
"Iowa","Humboldt",1442,3819,66,5327,-2377,"0%"
"Iowa","Ida",917,2880,52,3849,-1963,"0%"
"Iowa","Iowa",3547,6009,186,9742,-2462,"0%"
"Iowa","Jackson",4029,6940,166,11135,-2911,"0%"
"Iowa","Jasper",7737,12084,363,20184,-4347,"0%"
"Iowa","Jefferson",4319,4443,197,8959,-124,"0%"
"Iowa","Johnson",59177,22925,1749,83851,36252,"0%"
"Iowa","Jones",4213,6572,204,10989,-2359,"0%"
"Iowa","Keokuk",1414,3797,92,5303,-2383,"0%"
"Iowa","Kossuth",2696,6275,119,9090,-3579,"0%"
"Iowa","Lee",6541,9773,420,16734,-3232,"0%"
"Iowa","Linn",70874,53364,3220,127458,17510,"0%"
"Iowa","Louisa",1726,3500,106,5332,-1774,"0%"
"Iowa","Lucas",1284,3287,59,4630,-2003,"0%"
"Iowa","Lyon",1067,5707,89,6863,-4640,"0%"
"Iowa","Madison",3134,6507,183,9824,-3373,"0%"
"Iowa","Mahaska",2894,8297,213,11404,-5403,"0%"
"Iowa","Marion",6178,12663,391,19232,-6485,"0%"
"Iowa","Marshall",8176,9571,389,18136,-1395,"0%"
"Iowa","Mills",2508,5585,175,8268,-3077,"0%"
"Iowa","Mitchell",2053,3677,92,5822,-1624,"0%"
"Iowa","Monona",1407,3248,73,4728,-1841,"0%"
"Iowa","Monroe",1078,2975,35,4088,-1897,"0%"
"Iowa","Montgomery",1583,3659,85,5327,-2076,"0%"
"Iowa","Muscatine",9372,10823,476,20671,-1451,"0%"
"Iowa","O'Brien",1569,5861,121,7551,-4292,"0%"
"Iowa","Osceola",601,2690,37,3328,-2089,"0%"
"Iowa","Page",2086,5319,123,7528,-3233,"0%"
"Iowa","Palo Alto",1519,3370,69,4958,-1851,"0%"
"Iowa","Plymouth",3494,10492,202,14188,-6998,"0%"
"Iowa","Pocahontas",933,2826,64,3823,-1893,"0%"
"Iowa","Polk",146250,106800,5705,258755,39450,"0%"
"Iowa","Pottawattamie",18575,26247,922,45744,-7672,"0%"
"Iowa","Poweshiek",4306,5657,177,10140,-1351,"0%"
"Iowa","Ringgold",709,1968,37,2714,-1259,"0%"
"Iowa","Sac",1389,4061,85,5535,-2672,"0%"
"Iowa","Scott",46926,43683,1990,92599,3243,"0%"
"Iowa","Shelby",1959,4697,139,6795,-2738,"0%"
"Iowa","Sioux",3019,15680,352,19051,-12661,"0%"
"Iowa","Story",29175,20340,1523,51038,8835,"0%"
"Iowa","Tama",3577,5303,168,9048,-1726,"0%"
"Iowa","Taylor",746,2463,40,3249,-1717,"0%"
"Iowa","Union",2061,4010,114,6185,-1949,"0%"
"Iowa","Van Buren",875,2859,57,3791,-1984,"0%"
"Iowa","Wapello",5821,9516,296,15633,-3695,"0%"
"Iowa","Warren",12574,17782,683,31039,-5208,"0%"
"Iowa","Washington",4561,6971,233,11765,-2410,"0%"
"Iowa","Wayne",727,2338,44,3109,-1611,"0%"
"Iowa","Webster",6613,10938,271,17822,-4325,"0%"
"Iowa","Winnebago",2135,3707,128,5970,-1572,"0%"
"Iowa","Winneshiek",5617,6235,212,12064,-618,"0%"
"Iowa","Woodbury",18704,25736,922,45362,-7032,"0%"
"Iowa","Worth",1596,2738,84,4418,-1142,"0%"
"Iowa","Wright",1996,4136,122,6254,-2140,"0%"
"Idaho","Ada",120539,130699,NA,259389,-10160,"0%"
"Idaho","Adams",591,1941,54,2586,-1350,"0%"
"Idaho","Bannock",14682,23331,NA,39553,-8649,"0%"
"Idaho","Bear Lake",350,2914,NA,3315,-2564,"0%"
"Idaho","Benewah",977,3878,NA,4973,-2901,"0%"
"Idaho","Bingham",4124,15295,675,20094,-11171,"0%"
"Idaho","Blaine",8919,4031,NA,13288,4888,"0%"
"Idaho","Boise",1204,3485,131,4820,-2281,"0%"
"Idaho","Bonner",8310,18369,673,27352,-10059,"0%"
"Idaho","Bonneville",14254,37805,NA,53995,-23551,"0%"
"Idaho","Boundary",1220,4937,156,6313,-3717,"0%"
"Idaho","Butte",188,1202,NA,1415,-1014,"0%"
"Idaho","Camas",149,507,98,754,-358,"0%"
"Idaho","Canyon",25881,61759,2798,90438,-35878,"0%"
"Idaho","Caribou",431,2906,NA,3416,-2475,"0%"
"Idaho","Cassia",1464,7907,NA,9629,-6443,"0%"
"Idaho","Clark",41,264,6,311,-223,"0%"
"Idaho","Clearwater",877,3453,NA,4419,-2576,"0%"
"Idaho","Custer",603,2089,NA,2739,-1486,"0%"
"Idaho","Elmore",2601,7246,NA,10205,-4645,"0%"
"Idaho","Franklin",657,5845,162,6664,-5188,"0%"
"Idaho","Fremont",998,5548,NA,6719,-4550,"0%"
"Idaho","Gem",1803,7951,NA,9958,-6148,"0%"
"Idaho","Gooding",1256,4659,NA,6050,-3403,"0%"
"Idaho","Idaho County",1561,7826,NA,9602,-6265,"0%"
"Idaho","Jefferson",1661,12099,NA,14173,-10438,"0%"
"Idaho","Jerome",1893,5734,NA,7812,-3841,"0%"
"Idaho","Kootenai",24312,62837,2729,89878,-38525,"0%"
"Idaho","Latah",10236,9472,NA,20570,764,"0%"
"Idaho","Lemhi",1032,3592,114,4738,-2560,"0%"
"Idaho","Lewis",349,1489,NA,1870,-1140,"0%"
"Idaho","Lincoln",414,1469,NA,1940,-1055,"0%"
"Idaho","Madison",2666,13559,NA,17112,-10893,"0%"
"Idaho","Minidoka",1550,6265,NA,7993,-4715,"0%"
"Idaho","Nez Perce",6686,13738,NA,20967,-7052,"0%"
"Idaho","Oneida",249,2148,NA,2451,-1899,"0%"
"Idaho","Owyhee",816,3819,NA,4742,-3003,"0%"
"Idaho","Payette",2161,8862,NA,11293,-6701,"0%"
"Idaho","Power",865,2116,105,3086,-1251,"0%"
"Idaho","Shoshone",1693,4216,NA,6049,-2523,"0%"
"Idaho","Teton",3318,2858,NA,6347,460,"0%"
"Idaho","Twin Falls",9391,25897,1392,36680,-16506,"0%"
"Idaho","Valley",2976,3947,NA,7063,-971,"0%"
"Idaho","Washington",1073,4154,117,5344,-3081,"0%"
"Illinois","Adams",8633,24220,674,33527,-15587,"0%"
"Illinois","Alexander",1114,1486,25,2625,-372,"13%"
"Illinois","Bond",2288,5625,231,8144,-3337,"0%"
"Illinois","Boone",10542,13883,554,24979,-3341,"0%"
"Illinois","Brown",486,1931,108,2525,-1445,"3%"
"Illinois","Bureau",6669,10411,354,17434,-3742,"4%"
"Illinois","Calhoun",677,2046,50,2773,-1369,"2%"
"Illinois","Carroll",2748,5105,171,8024,-2357,"0%"
"Illinois","Cass",1615,3625,86,5326,-2010,"5%"
"Illinois","Champaign",57067,35285,3216,95568,21782,"6%"
"Illinois","Christian",4335,11563,306,16204,-7228,"4%"
"Illinois","Clark",1993,6226,136,8355,-4233,"3%"
"Illinois","Clay",1129,5629,141,6899,-4500,"1%"
"Illinois","Clinton",4493,14304,417,19214,-9811,"0%"
"Illinois","Coles",8067,14037,502,22606,-5970,"0%"
"Illinois","Cook",1725973,558269,37157,2321399,1167704,"4%"
"Illinois","Crawford",2202,7043,196,9441,-4841,"1%"
"Illinois","Cumberland",1142,4601,107,5850,-3459,"4%"
"Illinois","DeKalb",24643,21905,1441,47989,2738,"0%"
"Illinois","DeWitt",2191,5632,201,8024,-3441,"0%"
"Illinois","Douglas",2335,6227,198,8760,-3892,"2%"
"Illinois","DuPage",281222,193611,10231,485064,87611,"0%"
"Illinois","Edgar",1887,6193,116,8196,-4306,"5%"
"Illinois","Edwards",488,2833,47,3368,-2345,"8%"
"Illinois","Effingham",3716,15006,361,19083,-11290,"0%"
"Illinois","Fayette",1826,8055,195,10076,-6229,"0%"
"Illinois","Ford",1754,5048,165,6967,-3294,"0%"
"Illinois","Franklin",4760,13622,287,18669,-8862,"9%"
"Illinois","Fulton",6503,9867,354,16724,-3364,"3%"
"Illinois","Gallatin",622,2019,34,2675,-1397,"10%"
"Illinois","Greene",1349,4770,108,6227,-3421,"0%"
"Illinois","Grundy",9626,16523,604,26753,-6897,"0%"
"Illinois","Hamilton",824,3432,67,4323,-2608,"6%"
"Illinois","Hancock",2315,6906,162,9383,-4591,"0%"
"Illinois","Hardin",449,1691,22,2162,-1242,"14%"
"Illinois","Henderson",1187,2394,75,3656,-1207,"6%"
"Illinois","Henry",9797,15300,603,25700,-5503,"0%"
"Illinois","Iroquois",2908,10877,259,14044,-7969,"2%"
"Illinois","Jackson",11181,10890,645,22716,291,"16%"
"Illinois","Jasper",1007,4494,85,5586,-3487,"1%"
"Illinois","Jefferson",4608,12476,352,17436,-7868,"6%"
"Illinois","Jersey",2961,8712,287,11960,-5751,"1%"
"Illinois","JoDaviess",5109,7166,220,12495,-2057,"0%"
"Illinois","Johnson",1281,5059,110,6450,-3778,"0%"
"Illinois","Kane",130166,96775,4935,231876,33391,"0%"
"Illinois","Kankakee",20271,28532,1236,50039,-8261,"0%"
"Illinois","Kendall",33168,29492,1545,64205,3676,"0%"
"Illinois","Knox",10703,12009,493,23205,-1306,"8%"
"Illinois","LaSalle",22442,30113,1128,53683,-7671,"1%"
"Illinois","Lake",204032,123594,6530,334156,80438,"0%"
"Illinois","Lawrence",1419,4886,117,6422,-3467,"4%"
"Illinois","Lee",6407,9630,403,16440,-3223,"3%"
"Illinois","Livingston",4615,12208,351,17174,-7593,"0%"
"Illinois","Logan",3840,9136,318,13294,-5296,"0%"
"Illinois","Macon",19847,28589,951,49387,-8742,"0%"
"Illinois","Macoupin",7365,16153,552,24070,-8788,"2%"
"Illinois","Madison",57836,76031,3691,137558,-18195,"0%"
"Illinois","Marion",4524,12678,290,17492,-8154,"7%"
"Illinois","Marshall",2005,4197,143,6345,-2192,"3%"
"Illinois","Mason",1985,4654,127,6766,-2669,"0%"
"Illinois","Massac",1725,4997,96,6818,-3272,"0%"
"Illinois","McDonough",4992,7027,266,12285,-2035,"6%"
"Illinois","McHenry",78154,82260,4164,164578,-4106,"0%"
"Illinois","McLean",43933,40502,2954,87389,3431,"2%"
"Illinois","Menard",2022,4764,168,6954,-2742,"0%"
"Illinois","Mercer",3280,5418,216,8914,-2138,"4%"
"Illinois","Monroe",6569,14142,495,21206,-7573,"0%"
"Illinois","Montgomery",3905,9544,312,13761,-5639,"3%"
"Illinois","Morgan",5076,9950,307,15333,-4874,"5%"
"Illinois","Moultrie",1662,4964,118,6744,-3302,"2%"
"Illinois","Ogle",9428,16248,664,26340,-6820,"0%"
"Illinois","Peoria",43578,38252,2143,83973,5326,"0%"
"Illinois","Perry",2612,7313,146,10071,-4701,"7%"
"Illinois","Piatt",3329,6248,274,9851,-2919,"0%"
"Illinois","Pike",1484,6332,149,7965,-4848,"0%"
"Illinois","Pope",433,1722,20,2175,-1289,"9%"
"Illinois","Pulaski",891,1699,41,2631,-808,"19%"
"Illinois","Putnam",1338,1993,59,3390,-655,"0%"
"Illinois","Randolph",3592,11076,242,14910,-7484,"4%"
"Illinois","Richland",1830,6089,144,8063,-4259,"0%"
"Illinois","Rock Island",36691,28603,1523,66817,8088,"0%"
"Illinois","Saline",2789,8103,197,11089,-5314,"11%"
"Illinois","Sangamon",48917,53485,2349,104751,-4568,"4%"
"Illinois","Schuyler",1068,2773,77,3918,-1705,"0%"
"Illinois","Scott",572,2114,55,2741,-1542,"4%"
"Illinois","Shelby",2504,9426,167,12097,-6922,"0%"
"Illinois","St. Clair",68325,57150,2629,128104,11175,"0%"
"Illinois","Stark",815,2004,67,2886,-1189,"4%"
"Illinois","Stephenson",9055,12521,472,22048,-3466,"0%"
"Illinois","Tazewell",24819,42513,1719,69051,-17694,"0%"
"Illinois","Union",2579,6161,164,8904,-3582,"0%"
"Illinois","Vermilion",10323,20725,594,31642,-10402,"6%"
"Illinois","Wabash",1253,4237,117,5607,-2984,"6%"
"Illinois","Warren",3090,4676,158,7924,-1586,"0%"
"Illinois","Washington",1641,6115,165,7921,-4474,"3%"
"Illinois","Wayne",1187,7176,136,8499,-5989,"7%"
"Illinois","White",1517,5791,123,7431,-4274,"8%"
"Illinois","Whiteside",12253,14527,595,27375,-2274,"2%"
"Illinois","Will",183915,155116,7235,346266,28799,"0%"
"Illinois","Williamson",10206,22801,722,33729,-12595,"0%"
"Illinois","Winnebago",64056,60861,2793,127710,3195,"0%"
"Illinois","Woodford",6160,14799,539,21498,-8639,"0%"
"Indiana","Adams",3236,10686,287,14209,-7450,"0%"
"Indiana","Allen",73189,92083,3810,169082,-18894,"0%"
"Indiana","Bartholomew",12934,22410,891,36235,-9476,"0%"
"Indiana","Benton",1009,3007,98,4114,-1998,"0%"
"Indiana","Blackford",1376,3841,133,5350,-2465,"0%"
"Indiana","Boone",15244,22351,925,38520,-7107,"0%"
"Indiana","Brown",3036,5777,NA,8981,-2741,"0%"
"Indiana","Carroll",2224,7086,185,9495,-4862,"0%"
"Indiana","Cass",4304,10552,342,15198,-6248,"0%"
"Indiana","Clark",23093,33668,1108,57869,-10575,"0%"
"Indiana","Clay",2552,9499,216,12267,-6947,"0%"
"Indiana","Clinton",3361,9334,254,12949,-5973,"0%"
"Indiana","Crawford",1355,3483,106,4944,-2128,"0%"
"Indiana","Daviess",2169,9576,209,11954,-7407,"0%"
"Indiana","DeKalb",4966,14237,425,19628,-9271,"0%"
"Indiana","Dearborn",5446,19528,409,25383,-14082,"0%"
"Indiana","Decatur",2439,9575,273,12287,-7136,"0%"
"Indiana","Delaware",20474,26827,890,48191,-6353,"0%"
"Indiana","Dubois",6292,15033,445,21770,-8741,"0%"
"Indiana","Elkhart",26108,46972,1307,74387,-20864,"0%"
"Indiana","Fayette",2237,7755,144,10136,-5518,"0%"
"Indiana","Floyd",17511,23400,891,41802,-5889,"0%"
"Indiana","Fountain",1629,6154,203,7986,-4525,"0%"
"Indiana","Franklin",2137,9691,172,12000,-7554,"0%"
"Indiana","Fulton",2280,6694,173,9147,-4414,"0%"
"Indiana","Gibson",4023,11817,321,16161,-7794,"0%"
"Indiana","Grant",8015,18543,601,27159,-10528,"0%"
"Indiana","Greene",3389,11103,292,14784,-7714,"0%"
"Indiana","Hamilton",88390,101587,4022,193999,-13197,"0%"
"Indiana","Hancock",12895,28996,1020,42911,-16101,"0%"
"Indiana","Harrison",5343,14565,328,20236,-9222,"0%"
"Indiana","Hendricks",32604,53802,2099,88505,-21198,"0%"
"Indiana","Henry",5544,15043,443,21030,-9499,"1%"
"Indiana","Howard",13303,26449,878,40630,-13146,"0%"
"Indiana","Huntington",4255,13147,427,17829,-8892,"0%"
"Indiana","Jackson",4302,14555,381,19238,-10253,"0%"
"Indiana","Jasper",3798,11383,294,15475,-7585,"0%"
"Indiana","Jay",1926,6361,174,8461,-4435,"0%"
"Indiana","Jefferson",4731,9663,303,14697,-4932,"0%"
"Indiana","Jennings",2523,9490,238,12251,-6967,"0%"
"Indiana","Johnson",24736,51219,1663,77618,-26483,"0%"
"Indiana","Knox",4067,11655,289,16011,-7588,"0%"
"Indiana","Kosciusko",8364,26499,924,35787,-18135,"0%"
"Indiana","LaGrange",2355,8110,168,10633,-5755,"0%"
"Indiana","LaPorte",22427,25997,968,49392,-3570,"0%"
"Indiana","Lake",124870,91760,3326,219956,33110,"0%"
"Indiana","Lawrence",4961,15601,463,21025,-10640,"0%"
"Indiana","Madison",19524,31215,1054,51793,-11691,"0%"
"Indiana","Marion",247772,134175,7672,389619,113597,"0%"
"Indiana","Marshall",5712,13844,371,19927,-8132,"0%"
"Indiana","Martin",1011,4029,104,5144,-3018,"0%"
"Indiana","Miami",3235,10925,313,14473,-7690,"0%"
"Indiana","Monroe",39861,22071,1219,63151,17790,"0%"
"Indiana","Montgomery",4213,12659,326,17198,-8446,"0%"
"Indiana","Morgan",7781,27512,866,36159,-19731,"0%"
"Indiana","Newton",1509,4942,140,6591,-3433,"0%"
"Indiana","Noble",4660,14195,335,19190,-9535,"0%"
"Indiana","Ohio",750,2392,22,3164,-1642,"0%"
"Indiana","Orange",2224,6432,176,8832,-4208,"0%"
"Indiana","Owen",2420,7286,198,9904,-4866,"0%"
"Indiana","Parke",1503,5398,110,7011,-3895,"0%"
"Indiana","Perry",3203,5345,174,8722,-2142,"0%"
"Indiana","Pike",1415,4692,113,6220,-3277,"0%"
"Indiana","Porter",39746,45008,1755,86509,-5262,"0%"
"Indiana","Posey",3811,9206,219,13236,-5395,"0%"
"Indiana","Pulaski",1463,4246,97,5806,-2783,"0%"
"Indiana","Putnam",3946,12278,373,16597,-8332,"0%"
"Indiana","Randolph",2513,8312,245,11070,-5799,"0%"
"Indiana","Ripley",2774,11261,236,14271,-8487,"0%"
"Indiana","Rush",1754,6035,143,7932,-4281,"0%"
"Indiana","Scott",2698,7328,135,10161,-4630,"0%"
"Indiana","Shelby",5023,14568,400,19991,-9545,"0%"
"Indiana","Spencer",3213,7357,199,10769,-4144,"0%"
"Indiana","St. Joseph",59896,53164,2178,115238,6732,"0%"
"Indiana","Starke",2650,7466,174,10290,-4816,"0%"
"Indiana","Steuben",4513,11327,322,16162,-6814,"0%"
"Indiana","Sullivan",2153,6691,150,8994,-4538,"0%"
"Indiana","Switzerland",964,3133,57,4154,-2169,"0%"
"Indiana","Tippecanoe",35017,34581,1850,71448,436,"0%"
"Indiana","Tipton",1834,6110,172,8116,-4276,"0%"
"Indiana","Union",736,2688,59,3483,-1952,"0%"
"Indiana","Vanderburgh",34415,41844,1403,77662,-7429,"0%"
"Indiana","Vermillion",2145,5184,152,7481,-3039,"0%"
"Indiana","Vigo",18123,24545,926,43594,-6422,"0%"
"Indiana","Wabash",3494,10762,317,14573,-7268,"0%"
"Indiana","Warren",974,3401,97,4472,-2427,"0%"
"Indiana","Warrick",11923,21326,580,33829,-9403,"0%"
"Indiana","Washington",2784,9114,241,12139,-6330,"0%"
"Indiana","Wayne",9524,17567,588,27679,-8043,"0%"
"Indiana","Wells",2928,10855,267,14050,-7927,"0%"
"Indiana","White",3032,7957,177,11166,-4925,"0%"
"Indiana","Whitley",4234,12862,460,17556,-8628,"0%"
"Kansas","Allen",1559,4155,128,5842,-2596,"21%"
"Kansas","Anderson",765,2874,NA,3720,-2109,"0%"
"Kansas","Atchison",2314,4826,NA,7312,-2512,"0%"
"Kansas","Barber",284,1992,NA,2313,-1708,"8%"
"Kansas","Barton",2302,8480,NA,10961,-6178,"0%"
"Kansas","Bourbon",1505,4910,135,6550,-3405,"3%"
"Kansas","Brown",1088,3206,NA,4396,-2118,"0%"
"Kansas","Butler",9003,22250,NA,31946,-13247,"0%"
"Kansas","Chase",341,1114,NA,1478,-773,"0%"
"Kansas","Chautauqua",212,1397,NA,1634,-1185,"8%"
"Kansas","Cherokee",2163,6622,NA,8945,-4459,"0%"
"Kansas","Cheyenne",220,1158,NA,1400,-938,"14%"
"Kansas","Clark",143,885,NA,1048,-742,"9%"
"Kansas","Clay",883,3129,122,4134,-2246,"5%"
"Kansas","Cloud",893,3182,NA,4174,-2289,"9%"
"Kansas","Coffey",928,3407,113,4448,-2479,"0%"
"Kansas","Comanche",126,745,33,904,-619,"10%"
"Kansas","Cowley",4171,9442,NA,13911,-5271,"0%"
"Kansas","Crawford",6179,10045,494,16718,-3866,"0%"
"Kansas","Decatur",208,1232,NA,1458,-1024,"16%"
"Kansas","Dickinson",2040,7045,NA,9246,-5005,"0%"
"Kansas","Doniphan",678,2949,NA,3674,-2271,"0%"
"Kansas","Douglas",39436,16737,NA,57540,22699,"0%"
"Kansas","Edwards",267,1127,NA,1413,-860,"6%"
"Kansas","Elk",191,1130,NA,1347,-939,"9%"
"Kansas","Ellis",3633,9569,NA,13501,-5936,"0%"
"Kansas","Ellsworth",646,2106,NA,2806,-1460,"5%"
"Kansas","Finney",4155,7079,NA,11466,-2924,"0%"
"Kansas","Ford",2926,5763,161,8850,-2837,"2%"
"Kansas","Franklin",3623,8326,NA,12247,-4703,"0%"
"Kansas","Geary",3825,5193,NA,9311,-1368,"0%"
"Kansas","Gove",163,1256,NA,1433,-1093,"9%"
"Kansas","Graham",222,1052,NA,1302,-830,"15%"
"Kansas","Grant",497,1910,NA,2452,-1413,"5%"
"Kansas","Gray",337,1871,NA,2240,-1534,"0%"
"Kansas","Greeley",77,537,15,629,-460,"17%"
"Kansas","Greenwood",562,2404,NA,3030,-1842,"2%"
"Kansas","Hamilton",134,684,NA,837,-550,"12%"
"Kansas","Harper",453,2128,NA,2626,-1675,"6%"
"Kansas","Harvey",6652,10015,NA,17034,-3363,"0%"
"Kansas","Haskell",261,1103,NA,1383,-842,"9%"
"Kansas","Hodgeman",151,866,NA,1033,-715,"14%"
"Kansas","Jackson",1852,4435,NA,6468,-2583,"0%"
"Kansas","Jefferson",3106,6193,282,9581,-3087,"0%"
"Kansas","Jewell",211,1369,NA,1608,-1158,"1%"
"Kansas","Johnson",184259,155631,9496,349386,28628,"0%"
"Kansas","Kearny",255,1134,NA,1413,-879,"6%"
"Kansas","Kingman",745,3102,82,3929,-2357,"0%"
"Kansas","Kiowa",153,957,NA,1139,-804,"12%"
"Kansas","Labette",2607,5639,NA,8414,-3032,"4%"
"Kansas","Lane",114,757,17,888,-643,"12%"
"Kansas","Leavenworth",13753,21378,NA,36115,-7625,"0%"
"Kansas","Lincoln",266,1273,NA,1570,-1007,"7%"
"Kansas","Linn",863,3940,NA,4903,-3077,"0%"
"Kansas","Logan",185,1231,NA,1437,-1046,"2%"
"Kansas","Lyon",5878,7381,NA,13622,-1503,"2%"
"Kansas","Marion",1463,4377,NA,5969,-2914,"0%"
"Kansas","Marshall",1239,3662,NA,5023,-2423,"0%"
"Kansas","McPherson",3977,9562,NA,13868,-5585,"4%"
"Kansas","Meade",261,1508,NA,1807,-1247,"3%"
"Kansas","Miami",5133,12116,NA,17624,-6983,"0%"
"Kansas","Mitchell",547,2454,NA,3039,-1907,"10%"
"Kansas","Montgomery",3147,9768,NA,13177,-6621,"2%"
"Kansas","Morris",721,2085,NA,2849,-1364,"0%"
"Kansas","Morton",147,1004,NA,1163,-857,"16%"
"Kansas","Nemaha",920,4612,NA,5625,-3692,"0%"
"Kansas","Neosho",1727,4795,NA,6629,-3068,"6%"
"Kansas","Ness",147,1315,NA,1487,-1168,"0%"
"Kansas","Norton",361,1977,52,2390,-1616,"0%"
"Kansas","Osage",2099,5591,203,7893,-3492,"0%"
"Kansas","Osborne",275,1590,NA,1899,-1315,"9%"
"Kansas","Ottawa",504,2581,NA,3159,-2077,"5%"
"Kansas","Pawnee",635,2028,NA,2712,-1393,"6%"
"Kansas","Phillips",318,2388,46,2752,-2070,"16%"
"Kansas","Pottawatomie",3257,9247,NA,12815,-5990,"31%"
"Kansas","Pratt",924,3087,NA,4107,-2163,"0%"
"Kansas","Rawlins",214,1253,NA,1496,-1039,"11%"
"Kansas","Reno",8602,17948,695,27245,-9346,"0%"
"Kansas","Republic",420,2172,NA,2643,-1752,"13%"
"Kansas","Rice",953,3187,NA,4230,-2234,"0%"
"Kansas","Riley",11940,11174,NA,23855,766,"1%"
"Kansas","Rooks",332,2294,NA,2661,-1962,"13%"
"Kansas","Rush",291,1425,NA,1748,-1134,"2%"
"Kansas","Russell",591,2765,NA,3429,-2174,"0%"
"Kansas","Saline",8022,15313,NA,23911,-7291,"0%"
"Kansas","Scott",290,1991,NA,2322,-1701,"0%"
"Kansas","Sedgwick",90820,117653,NA,213552,-26833,"0%"
"Kansas","Seward",1736,3285,NA,5099,-1549,"9%"
"Kansas","Shawnee",43015,40443,2664,86122,2572,"0%"
"Kansas","Sheridan",144,1237,16,1397,-1093,"6%"
"Kansas","Sherman",386,2222,65,2673,-1836,"6%"
"Kansas","Smith",328,1734,NA,2092,-1406,"6%"
"Kansas","Stafford",355,1631,NA,2017,-1276,"6%"
"Kansas","Stanton",147,607,NA,767,-460,"7%"
"Kansas","Stevens",233,1731,NA,1997,-1498,"9%"
"Kansas","Sumner",2551,7998,NA,10779,-5447,"0%"
"Kansas","Thomas",622,3106,66,3794,-2484,"0%"
"Kansas","Trego",238,1341,NA,1603,-1103,"11%"
"Kansas","Wabaunsee",956,2813,NA,3861,-1857,"0%"
"Kansas","Wallace",44,762,NA,817,-718,"10%"
"Kansas","Washington",467,2332,NA,2843,-1865,"0%"
"Kansas","Wichita",147,803,11,961,-656,"10%"
"Kansas","Wilson",711,3111,NA,3899,-2400,"3%"
"Kansas","Woodson",283,1189,NA,1495,-906,"0%"
"Kansas","Wyandotte",35566,18512,NA,55107,17054,"3%"
"Kentucky","Adair",1392,7276,100,8768,-5884,"0%"
"Kentucky","Allen",1642,7587,135,9364,-5945,"0%"
"Kentucky","Anderson",3348,9661,245,13254,-6313,"0%"
"Kentucky","Ballard",825,3356,44,4225,-2531,"0%"
"Kentucky","Barren",5127,14654,283,20064,-9527,"0%"
"Kentucky","Bath",1573,3986,68,5627,-2413,"0%"
"Kentucky","Bell",1789,8140,115,10044,-6351,"0%"
"Kentucky","Boone",20901,44814,1283,66998,-23913,"0%"
"Kentucky","Bourbon",3296,6190,162,9648,-2894,"0%"
"Kentucky","Boyd",7083,14295,373,21751,-7212,"0%"
"Kentucky","Boyle",5298,8872,308,14478,-3574,"0%"
"Kentucky","Bracken",800,3398,48,4246,-2598,"0%"
"Kentucky","Breathitt",1301,4265,95,5661,-2964,"0%"
"Kentucky","Breckinridge",2350,7701,150,10201,-5351,"0%"
"Kentucky","Bullitt",10552,30708,738,41998,-20156,"0%"
"Kentucky","Butler",1079,4960,86,6125,-3881,"0%"
"Kentucky","Caldwell",1433,4906,95,6434,-3473,"0%"
"Kentucky","Calloway",5797,11352,308,17457,-5555,"0%"
"Kentucky","Campbell",19374,28482,1022,48878,-9108,"0%"
"Kentucky","Carlisle",463,2159,16,2638,-1696,"0%"
"Kentucky","Carroll",1116,2954,66,4136,-1838,"0%"
"Kentucky","Carter",2642,8775,169,11586,-6133,"0%"
"Kentucky","Casey",918,6179,74,7171,-5261,"2%"
"Kentucky","Christian",8296,15080,487,23863,-6784,"0%"
"Kentucky","Clark",6004,11811,324,18139,-5807,"0%"
"Kentucky","Clay",831,6677,83,7591,-5846,"0%"
"Kentucky","Clinton",603,4280,49,4932,-3677,"0%"
"Kentucky","Crittenden",731,3451,60,4242,-2720,"0%"
"Kentucky","Cumberland",508,2769,32,3309,-2261,"0%"
"Kentucky","Daviess",17286,31025,976,49287,-13739,"0%"
"Kentucky","Edmonson",1227,4828,77,6132,-3601,"0%"
"Kentucky","Elliott",712,2246,37,2995,-1534,"0%"
"Kentucky","Estill",1355,5100,85,6540,-3745,"0%"
"Kentucky","Fayette",90600,58860,3452,152912,31740,"0%"
"Kentucky","Fleming",1474,5534,60,7068,-4060,"0%"
"Kentucky","Floyd",3884,12250,219,16353,-8366,"0%"
"Kentucky","Franklin",12652,12900,520,26072,-248,"0%"
"Kentucky","Fulton",794,1606,26,2426,-812,"0%"
"Kentucky","Gallatin",822,2955,72,3849,-2133,"0%"
"Kentucky","Garrard",1830,6754,122,8706,-4924,"0%"
"Kentucky","Grant",2205,8725,178,11108,-6520,"0%"
"Kentucky","Graves",3560,13206,253,17019,-9646,"0%"
"Kentucky","Grayson",2400,9453,132,11985,-7053,"0%"
"Kentucky","Green",920,4838,54,5812,-3918,"1%"
"Kentucky","Greenup",4873,13064,239,18176,-8191,"0%"
"Kentucky","Hancock",1351,3145,91,4587,-1794,"0%"
"Kentucky","Hardin",18101,29832,1008,48941,-11731,"0%"
"Kentucky","Harlan",1494,9367,110,10971,-7873,"0%"
"Kentucky","Harrison",2400,6334,125,8859,-3934,"0%"
"Kentucky","Hart",1908,6345,117,8370,-4437,"0%"
"Kentucky","Henderson",7639,12730,328,20697,-5091,"0%"
"Kentucky","Henry",2142,5843,125,8110,-3701,"0%"
"Kentucky","Hickman",458,1714,27,2199,-1256,"0%"
"Kentucky","Hopkins",5439,15757,316,21512,-10318,"0%"
"Kentucky","Jackson",605,5453,55,6113,-4848,"0%"
"Kentucky","Jefferson",228358,150646,7625,386629,77712,"0%"
"Kentucky","Jessamine",8567,17096,617,26280,-8529,"0%"
"Kentucky","Johnson",1608,8450,134,10192,-6842,"0%"
"Kentucky","Kenton",32271,48129,1798,82198,-15858,"0%"
"Kentucky","Knott",1412,4780,60,6252,-3368,"0%"
"Kentucky","Knox",2114,11012,147,13273,-8898,"0%"
"Kentucky","LaRue",1504,5685,112,7301,-4181,"0%"
"Kentucky","Laurel",4475,23237,399,28111,-18762,"0%"
"Kentucky","Lawrence",1238,5633,84,6955,-4395,"0%"
"Kentucky","Lee",481,2273,47,2801,-1792,"0%"
"Kentucky","Leslie",446,4321,46,4813,-3875,"0%"
"Kentucky","Letcher",1799,7226,110,9135,-5427,"0%"
"Kentucky","Lewis",823,4986,74,5883,-4163,"0%"
"Kentucky","Lincoln",2254,8489,171,10914,-6235,"0%"
"Kentucky","Livingston",939,4010,55,5004,-3071,"0%"
"Kentucky","Logan",3094,9067,189,12350,-5973,"0%"
"Kentucky","Lyon",1092,3100,36,4228,-2008,"0%"
"Kentucky","Madison",15581,27356,1020,43957,-11775,"0%"
"Kentucky","Magoffin",1214,4174,59,5447,-2960,"0%"
"Kentucky","Marion",2722,6113,93,8928,-3391,"0%"
"Kentucky","Marshall",4071,13297,235,17603,-9226,"0%"
"Kentucky","Martin",403,3496,37,3936,-3093,"0%"
"Kentucky","Mason",2362,5477,119,7958,-3115,"0%"
"Kentucky","McCracken",11195,21820,534,33549,-10625,"0%"
"Kentucky","McCreary",725,5664,49,6438,-4939,"0%"
"Kentucky","McLean",1074,3633,75,4782,-2559,"0%"
"Kentucky","Meade",3632,10185,296,14113,-6553,"0%"
"Kentucky","Menifee",750,2311,41,3102,-1561,"0%"
"Kentucky","Mercer",3033,8506,196,11735,-5473,"0%"
"Kentucky","Metcalfe",975,3959,78,5012,-2984,"0%"
"Kentucky","Monroe",657,4628,45,5330,-3971,"0%"
"Kentucky","Montgomery",3630,8993,219,12842,-5363,"0%"
"Kentucky","Morgan",1175,4301,68,5544,-3126,"0%"
"Kentucky","Muhlenberg",3545,10497,193,14235,-6952,"0%"
"Kentucky","Nelson",7188,15703,365,23256,-8515,"0%"
"Kentucky","Nicholas",955,2408,33,3396,-1453,"0%"
"Kentucky","Ohio",2404,8582,143,11129,-6178,"0%"
"Kentucky","Oldham",14505,22654,817,37976,-8149,"0%"
"Kentucky","Owen",1098,4292,68,5458,-3194,"0%"
"Kentucky","Owsley",216,1671,9,1896,-1455,"0%"
"Kentucky","Pendleton",1322,5515,88,6925,-4193,"0%"
"Kentucky","Perry",2356,8129,141,10626,-5773,"0%"
"Kentucky","Pike",4866,20284,245,25395,-15418,"0%"
"Kentucky","Powell",1367,4041,97,5505,-2674,"0%"
"Kentucky","Pulaski",5666,25442,449,31557,-19776,"0%"
"Kentucky","Robertson",253,884,9,1146,-631,"0%"
"Kentucky","Rockcastle",1134,6577,73,7784,-5443,"0%"
"Kentucky","Rowan",3880,5994,191,10065,-2114,"0%"
"Kentucky","Russell",1331,7519,105,8955,-6188,"0%"
"Kentucky","Scott",10567,17767,635,28969,-7200,"0%"
"Kentucky","Shelby",8077,15055,418,23550,-6978,"0%"
"Kentucky","Simpson",2681,5888,163,8732,-3207,"0%"
"Kentucky","Spencer",2530,8737,166,11433,-6207,"0%"
"Kentucky","Taylor",2963,9376,178,12517,-6413,"0%"
"Kentucky","Todd",1205,4062,96,5363,-2857,"0%"
"Kentucky","Trigg",1791,5487,98,7376,-3696,"0%"
"Kentucky","Trimble",1012,3227,81,4320,-2215,"0%"
"Kentucky","Union",1529,4965,83,6577,-3436,"0%"
"Kentucky","Warren",22479,31791,1131,55401,-9312,"0%"
"Kentucky","Washington",1644,4482,99,6225,-2838,"0%"
"Kentucky","Wayne",1700,7430,110,9240,-5730,"0%"
"Kentucky","Webster",1412,4506,75,5993,-3094,"0%"
"Kentucky","Whitley",2552,12567,237,15356,-10015,"0%"
"Kentucky","Wolfe",839,2097,43,2979,-1258,"0%"
"Kentucky","Woodford",6530,8362,319,15211,-1832,"0%"
"Louisiana","Acadia",5443,22596,386,28425,-17153,"0%"
"Louisiana","Allen",2108,7574,128,9810,-5466,"0%"
"Louisiana","Ascension",20399,40687,1239,62325,-20288,"0%"
"Louisiana","Assumption",3833,7271,131,11235,-3438,"0%"
"Louisiana","Avoyelles",4979,12028,285,17292,-7049,"0%"
"Louisiana","Beauregard",2542,13575,240,16357,-11033,"0%"
"Louisiana","Bienville",3067,3891,92,7050,-824,"0%"
"Louisiana","Bossier",15662,38074,919,54655,-22412,"0%"
"Louisiana","Caddo",55110,48021,1781,104912,7089,"0%"
"Louisiana","Calcasieu",25982,55066,1615,82663,-29084,"0%"
"Louisiana","Caldwell",745,3976,41,4762,-3231,"0%"
"Louisiana","Cameron",324,3671,44,4039,-3347,"0%"
"Louisiana","Catahoula",1269,3541,48,4858,-2272,"0%"
"Louisiana","Claiborne",2731,3770,79,6580,-1039,"0%"
"Louisiana","Concordia",3177,5550,101,8828,-2373,"0%"
"Louisiana","DeSoto",5457,9112,167,14736,-3655,"0%"
"Louisiana","East Baton Rouge",115577,88420,4185,208182,27157,"0%"
"Louisiana","East Carroll",1900,1080,56,3036,820,"0%"
"Louisiana","East Feliciana",4280,6064,165,10509,-1784,"0%"
"Louisiana","Evangeline",4158,11053,201,15412,-6895,"0%"
"Louisiana","Franklin",2658,6970,92,9720,-4312,"0%"
"Louisiana","Grant",1157,8117,118,9392,-6960,"0%"
"Louisiana","Iberia",11027,21251,435,32713,-10224,"0%"
"Louisiana","Iberville",8514,7893,312,16719,621,"0%"
"Louisiana","Jackson",2143,5394,95,7632,-3251,"0%"
"Louisiana","Jeff Davis",3208,11423,210,14841,-8215,"0%"
"Louisiana","Jefferson",84477,105949,3307,193733,-21472,"0%"
"Louisiana","LaSalle",638,6378,61,7077,-5740,"0%"
"Louisiana","Lafayette",39685,72519,2317,114521,-32834,"0%"
"Louisiana","Lafourche",8672,36024,692,45388,-27352,"0%"
"Louisiana","Lincoln",7559,11311,405,19275,-3752,"0%"
"Louisiana","Livingston",9249,54877,1104,65230,-45628,"0%"
"Louisiana","Madison",2654,1930,86,4670,724,"0%"
"Louisiana","Morehouse",4946,6510,118,11574,-1564,"0%"
"Louisiana","Natchitoches",6896,9358,300,16554,-2462,"0%"
"Louisiana","Orleans",147854,26664,3301,177819,121190,"0%"
"Louisiana","Ouachita",25913,42255,998,69166,-16342,"0%"
"Louisiana","Plaquemines",3414,7412,188,11014,-3998,"0%"
"Louisiana","Pointe Coupee",4683,7503,185,12371,-2820,"0%"
"Louisiana","Rapides",19475,38347,1043,58865,-18872,"0%"
"Louisiana","Red River",1644,2413,75,4132,-769,"0%"
"Louisiana","Richland",3225,6607,108,9940,-3382,"0%"
"Louisiana","Sabine",1731,8776,89,10596,-7045,"0%"
"Louisiana","St. Bernard",6151,11179,320,17650,-5028,"0%"
"Louisiana","St. Charles",9800,18233,484,28517,-8433,"0%"
"Louisiana","St. Helena",3346,2714,98,6158,632,"0%"
"Louisiana","St. James",6510,5954,126,12590,556,"0%"
"Louisiana","St. John the Baptist",13582,7538,312,21432,6044,"0%"
"Louisiana","St. Landry",17372,23171,611,41154,-5799,"0%"
"Louisiana","St. Martin",8439,18203,396,27038,-9764,"0%"
"Louisiana","St. Mary",8055,14811,320,23186,-6756,"0%"
"Louisiana","St. Tammany",37746,99666,2698,140110,-61920,"0%"
"Louisiana","Tangipahoa",18887,37806,968,57661,-18919,"0%"
"Louisiana","Tensas",1329,1197,28,2554,132,"0%"
"Louisiana","Terrebonne",11198,34339,703,46240,-23141,"0%"
"Louisiana","Union",2654,8407,140,11201,-5753,"0%"
"Louisiana","Vermilion",5009,21930,385,27324,-16921,"0%"
"Louisiana","Vernon",2898,14107,263,17268,-11209,"0%"
"Louisiana","Washington",5970,13307,236,19513,-7337,"0%"
"Louisiana","Webster",6172,11830,214,18216,-5658,"0%"
"Louisiana","West Baton Rouge",6200,7684,213,14097,-1484,"0%"
"Louisiana","West Carroll",710,4317,25,5052,-3607,"0%"
"Louisiana","West Feliciana",2298,3863,107,6268,-1565,"0%"
"Louisiana","Winn",1543,4619,63,6225,-3076,"0%"
"Massachusetts","Barnstable",91994,55311,3020,150325,36683,"NA%"
"Massachusetts","Berkshire",51705,18064,1606,71375,33641,"NA%"
"Massachusetts","Bristol",153377,119872,6030,279279,33505,"NA%"
"Massachusetts","Dukes",9914,2631,253,12798,7283,"NA%"
"Massachusetts","Essex",267198,144837,9175,421210,122361,"NA%"
"Massachusetts","Franklin",30030,11201,1227,42458,18829,"NA%"
"Massachusetts","Hampden",125948,87318,4911,218177,38630,"NA%"
"Massachusetts","Hampshire",63362,22281,2211,87854,41081,"NA%"
"Massachusetts","Middlesex",617196,226956,19425,863577,390240,"NA%"
"Massachusetts","Nantucket",5241,1914,151,7306,3327,"NA%"
"Massachusetts","Norfolk",273312,125294,9145,407751,148018,"NA%"
"Massachusetts","Plymouth",173630,121227,6959,301816,52403,"NA%"
"Massachusetts","Suffolk",270522,58613,6327,335462,211909,"NA%"
"Massachusetts","Worcester",248773,171683,11558,432014,77090,"NA%"
"Maryland","Allegany",9158,20886,597,30641,-11728,"0%"
"Maryland","Anne Arundel",172823,127821,8973,309617,45002,"0%"
"Maryland","Baltimore",258409,146202,10321,414932,112207,"0%"
"Maryland","Baltimore City",207260,25374,4827,237461,181886,"0%"
"Maryland","Calvert",22587,25346,1179,49112,-2759,"0%"
"Maryland","Caroline",5095,10283,416,15794,-5188,"0%"
"Maryland","Carroll",36456,60218,3653,100327,-23762,"0%"
"Maryland","Cecil",16809,29439,1214,47462,-12630,"0%"
"Maryland","Charles",62171,25579,1748,89498,36592,"0%"
"Maryland","Dorchester",6857,8764,356,15977,-1907,"0%"
"Maryland","Frederick",77675,63682,4258,145615,13993,"0%"
"Maryland","Garrett",3281,12002,328,15611,-8721,"0%"
"Maryland","Harford",63095,80930,4161,148186,-17835,"0%"
"Maryland","Howard",129433,48390,5239,183062,81043,"0%"
"Maryland","Kent",5329,5195,270,10794,134,"0%"
"Maryland","Montgomery",419569,101222,12952,533743,318347,"0%"
"Maryland","Prince George's",379208,37090,8557,424855,342118,"0%"
"Maryland","Queen Anne's",10709,18741,840,30290,-8032,"0%"
"Maryland","Somerset",4241,5739,167,10147,-1498,"0%"
"Maryland","St. Mary's",23138,30826,1701,55665,-7688,"0%"
"Maryland","Talbot",11062,10946,547,22555,116,"0%"
"Maryland","Washington",26044,40224,1511,67779,-14180,"0%"
"Maryland","Wicomico",22054,22944,1218,46216,-890,"0%"
"Maryland","Worcester",12560,18571,560,31691,-6011,"0%"
"Maine","Androscoggin",27617,29268,1822,58707,-1651,"NA%"
"Maine","Aroostook",13956,21080,710,35746,-7124,"NA%"
"Maine","Cumberland",128759,59584,5422,193765,69175,"NA%"
"Maine","Franklin",8069,8754,567,17390,-685,"NA%"
"Maine","Hancock",19369,14982,974,35325,4387,"NA%"
"Maine","Kennebec",34902,34721,2235,71858,181,"NA%"
"Maine","Knox",15110,9982,642,25734,5128,"NA%"
"Maine","Lincoln",12684,10256,654,23594,2428,"NA%"
"Maine","Oxford",14755,17698,1039,33492,-2943,"NA%"
"Maine","Penobscot",37713,44825,2731,85269,-7112,"NA%"
"Maine","Piscataquis",3517,6143,248,9908,-2626,"NA%"
"Maine","Sagadahoc",13528,9755,755,24038,3773,"NA%"
"Maine","Somerset",10199,16644,735,27578,-6445,"NA%"
"Maine","Waldo",12345,11196,779,24320,1149,"NA%"
"Maine","Washington",6761,10194,402,17357,-3433,"NA%"
"Maine","York",71189,54817,3653,129659,16372,"NA%"
"Michigan","Alcona",2142,4848,74,7064,-2706,"0%"
"Michigan","Alger",2053,3014,61,5128,-961,"0%"
"Michigan","Allegan",24449,41392,1253,67094,-16943,"0%"
"Michigan","Alpena",6000,10686,283,16969,-4686,"0%"
"Michigan","Antrim",5960,9748,241,15949,-3788,"0%"
"Michigan","Arenac",2774,5928,129,8831,-3154,"0%"
"Michigan","Baraga",1478,2512,48,4038,-1034,"0%"
"Michigan","Barry",11797,23471,637,35905,-11674,"0%"
"Michigan","Bay",26151,33125,979,60255,-6974,"0%"
"Michigan","Benzie",5480,6601,181,12262,-1121,"0%"
"Michigan","Berrien",37438,43519,1434,82391,-6081,"0%"
"Michigan","Branch",6159,14064,313,20536,-7905,"0%"
"Michigan","Calhoun",28877,36221,1183,66281,-7344,"0%"
"Michigan","Cass",9130,16699,387,26216,-7569,"0%"
"Michigan","Charlevoix",6939,9841,220,17000,-2902,"0%"
"Michigan","Cheboygan",5437,10186,245,15868,-4749,"0%"
"Michigan","Chippewa",6648,10681,313,17642,-4033,"0%"
"Michigan","Clare",5199,10861,221,16281,-5662,"0%"
"Michigan","Clinton",21968,25098,861,47927,-3130,"0%"
"Michigan","Crawford",2672,5087,102,7861,-2415,"0%"
"Michigan","Delta",7606,13207,338,21151,-5601,"0%"
"Michigan","Dickinson",4744,9617,228,14589,-4873,"0%"
"Michigan","Eaton",31299,31798,1230,64327,-499,"0%"
"Michigan","Emmet",9662,12135,380,22177,-2473,"0%"
"Michigan","Genesee",119390,98714,3256,221360,20676,"0%"
"Michigan","Gladwin",4524,9893,186,14603,-5369,"0%"
"Michigan","Gogebic",3570,4600,96,8266,-1030,"0%"
"Michigan","Grand Traverse",28683,30502,1051,60236,-1819,"0%"
"Michigan","Gratiot",6693,12102,332,19127,-5409,"0%"
"Michigan","Hillsdale",5883,17037,382,23302,-11154,"0%"
"Michigan","Houghton",7750,10378,373,18501,-2628,"0%"
"Michigan","Huron",5490,12731,216,18437,-7241,"0%"
"Michigan","Ingham",94212,47639,2699,144550,46573,"0%"
"Michigan","Ionia",10901,20657,651,32209,-9756,"0%"
"Michigan","Iosco",5373,9759,231,15363,-4386,"0%"
"Michigan","Iron",2493,4216,80,6789,-1723,"0%"
"Michigan","Isabella",14072,14815,534,29421,-743,"0%"
"Michigan","Jackson",31995,47372,1494,80861,-15377,"0%"
"Michigan","Kalamazoo",83686,56823,2905,143414,26863,"0%"
"Michigan","Kalkaska",3002,7436,193,10631,-4434,"0%"
"Michigan","Kent",187915,165741,7392,361048,22174,"0%"
"Michigan","Keweenaw",672,862,23,1557,-190,"0%"
"Michigan","Lake",2288,3946,89,6323,-1658,"0%"
"Michigan","Lapeer",16367,35482,801,52650,-19115,"0%"
"Michigan","Leelanau",8795,7916,189,16900,879,"0%"
"Michigan","Lenawee",20918,31541,916,53375,-10623,"0%"
"Michigan","Livingston",48220,76982,1995,127197,-28762,"0%"
"Michigan","Luce",842,2109,50,3001,-1267,"0%"
"Michigan","Mackinac",2632,4304,79,7015,-1672,"0%"
"Michigan","Macomb",223952,263863,6441,494256,-39911,"0%"
"Michigan","Manistee",6107,8321,227,14655,-2214,"0%"
"Michigan","Marquette",20465,16286,711,37462,4179,"0%"
"Michigan","Mason",6802,10207,245,17254,-3405,"0%"
"Michigan","Mecosta",7375,13267,407,21049,-5892,"0%"
"Michigan","Menominee",4316,8117,174,12607,-3801,"0%"
"Michigan","Midland",20493,27675,920,49088,-7182,"0%"
"Michigan","Missaukee",1967,6648,140,8755,-4681,"0%"
"Michigan","Monroe",32975,52710,1463,87148,-19735,"0%"
"Michigan","Montcalm",9703,21815,582,32100,-12112,"0%"
"Michigan","Montmorency",1628,4171,60,5859,-2543,"0%"
"Michigan","Muskegon",45643,45133,1668,92444,510,"0%"
"Michigan","Newaygo",7873,18857,431,27161,-10984,"0%"
"Michigan","Oakland",434148,325971,10232,770351,108177,"0%"
"Michigan","Oceana",4944,8892,226,14062,-3948,"0%"
"Michigan","Ogemaw",3475,8253,179,11907,-4778,"0%"
"Michigan","Ontonagon",1391,2358,55,3804,-967,"0%"
"Michigan","Osceola",3214,8928,187,12329,-5714,"0%"
"Michigan","Oscoda",1342,3466,66,4874,-2124,"0%"
"Michigan","Otsego",4743,9779,235,14757,-5036,"0%"
"Michigan","Ottawa",64705,100913,3095,168713,-36208,"0%"
"Michigan","Presque Isle",2911,5342,91,8344,-2431,"0%"
"Michigan","Roscommon",5166,9670,182,15018,-4504,"0%"
"Michigan","Saginaw",51088,50785,1476,103349,303,"0%"
"Michigan","Sanilac",5966,16194,286,22446,-10228,"0%"
"Michigan","Schoolcraft",1589,3090,66,4745,-1501,"0%"
"Michigan","Shiawassee",15347,23149,728,39224,-7802,"0%"
"Michigan","St. Clair",31363,59185,1516,92064,-27822,"0%"
"Michigan","St. Joseph",9262,18127,547,27936,-8865,"0%"
"Michigan","Tuscola",8712,20297,436,29445,-11585,"0%"
"Michigan","Van Buren",16803,21591,672,39066,-4788,"0%"
"Michigan","Washtenaw",157136,56241,3041,216418,100895,"0%"
"Michigan","Wayne",597170,264553,10746,872469,332617,"0%"
"Michigan","Wexford",5838,12102,325,18265,-6264,"0%"
"Minnesota","Aitkin",3607,6258,160,10025,-2651,"0%"
"Minnesota","Anoka",100893,104902,5337,211132,-4009,"0%"
"Minnesota","Becker",6589,12438,374,19401,-5849,"0%"
"Minnesota","Beltrami",11426,12188,575,24189,-762,"5%"
"Minnesota","Benton",7280,14382,598,22260,-7102,"0%"
"Minnesota","Big Stone",1053,1863,58,2974,-810,"0%"
"Minnesota","Blue Earth",18330,16731,990,36051,1599,"9%"
"Minnesota","Brown",4753,9552,330,14635,-4799,"1%"
"Minnesota","Carlton",10098,9791,480,20369,307,"0%"
"Minnesota","Carver",30774,34009,1578,66361,-3235,"0%"
"Minnesota","Cass",6342,11620,327,18289,-5278,"0%"
"Minnesota","Chippewa",2226,4250,135,6611,-2024,"1%"
"Minnesota","Chisago",11806,21916,848,34570,-10110,"0%"
"Minnesota","Clay",16357,15043,839,32239,1314,"5%"
"Minnesota","Clearwater",1260,3372,76,4708,-2112,"0%"
"Minnesota","Cook",2496,1203,107,3806,1293,"0%"
"Minnesota","Cottonwood",1834,4165,108,6107,-2331,"5%"
"Minnesota","Crow Wing",13726,25676,771,40173,-11950,"0%"
"Minnesota","Dakota",146155,109638,6466,262259,36517,"2%"
"Minnesota","Dodge",4079,7783,325,12187,-3704,"0%"
"Minnesota","Douglas",7868,15799,498,24165,-7931,"4%"
"Minnesota","Faribault",2531,5191,192,7914,-2660,"4%"
"Minnesota","Fillmore",4551,7301,289,12141,-2750,"0%"
"Minnesota","Freeborn",6889,9578,351,16818,-2689,"6%"
"Minnesota","Goodhue",11806,16052,778,28636,-4246,"4%"
"Minnesota","Grant",1300,2269,85,3654,-969,"2%"
"Minnesota","Hennepin",532623,205973,17373,755969,326650,"4%"
"Minnesota","Houston",4853,6334,253,11440,-1481,"2%"
"Minnesota","Hubbard",4462,8202,301,12965,-3740,"3%"
"Minnesota","Isanti",7138,16491,606,24235,-9353,"0%"
"Minnesota","Itasca",10786,15239,536,26561,-4453,"0%"
"Minnesota","Jackson",1745,3948,126,5819,-2203,"4%"
"Minnesota","Kanabec",2774,6278,190,9242,-3504,"0%"
"Minnesota","Kandiyohi",8440,14437,490,23367,-5997,"3%"
"Minnesota","Kittson",1006,1546,87,2639,-540,"0%"
"Minnesota","Koochiching",2659,4131,132,6922,-1472,"0%"
"Minnesota","Lac Qui Parle",1446,2528,66,4040,-1082,"5%"
"Minnesota","Lake",3647,3393,162,7202,254,"9%"
"Minnesota","Lake of the Woods",671,1704,33,2408,-1033,"0%"
"Minnesota","Le Sueur",5672,10775,371,16818,-5103,"0%"
"Minnesota","Lincoln",937,2121,57,3115,-1184,"7%"
"Minnesota","Lyon",4634,7979,280,12893,-3345,"0%"
"Minnesota","Mahnomen",1112,1142,50,2304,-30,"0%"
"Minnesota","Marshall",1295,3721,97,5113,-2426,"1%"
"Minnesota","Martin",3305,7480,224,11009,-4175,"6%"
"Minnesota","McLeod",6413,13986,534,20933,-7573,"0%"
"Minnesota","Meeker",3867,9359,303,13529,-5492,"0%"
"Minnesota","Mille Lacs",4404,9952,333,14689,-5548,"0%"
"Minnesota","Morrison",4367,14821,370,19558,-10454,"0%"
"Minnesota","Mower",8899,10025,421,19345,-1126,"5%"
"Minnesota","Murray",1449,3363,84,4896,-1914,"4%"
"Minnesota","Nicollet",9622,9018,485,19125,604,"10%"
"Minnesota","Nobles",2933,5600,182,8715,-2667,"0%"
"Minnesota","Norman",1404,1953,84,3441,-549,"2%"
"Minnesota","Olmsted",49491,39692,2202,91385,9799,"2%"
"Minnesota","Otter Tail",11958,23800,641,36399,-11842,"3%"
"Minnesota","Pennington",2568,4532,177,7277,-1964,"0%"
"Minnesota","Pine",5419,10256,326,16001,-4837,"0%"
"Minnesota","Pipestone",1306,3553,81,4940,-2247,"0%"
"Minnesota","Polk",5439,9865,290,15594,-4426,"4%"
"Minnesota","Pope",2477,4417,128,7022,-1940,"0%"
"Minnesota","Ramsey",211620,77376,6981,295977,134244,"8%"
"Minnesota","Red Lake",691,1454,51,2196,-763,"0%"
"Minnesota","Redwood",2355,5771,158,8284,-3416,"0%"
"Minnesota","Renville",2496,5467,165,8128,-2971,"0%"
"Minnesota","Rice",17402,17464,820,35686,-62,"5%"
"Minnesota","Rock",1556,3583,101,5240,-2027,"0%"
"Minnesota","Roseau",2188,6065,168,8421,-3877,"0%"
"Minnesota","Scott",40040,45872,2053,87965,-5832,"0%"
"Minnesota","Sherburne",18065,36222,1325,55612,-18157,"1%"
"Minnesota","Sibley",2417,5864,171,8452,-3447,"0%"
"Minnesota","St. Louis",67704,49017,2810,119531,18687,"10%"
"Minnesota","Stearns",31879,50959,1997,84835,-19080,"8%"
"Minnesota","Steele",7917,12656,555,21128,-4739,"5%"
"Minnesota","Stevens",1922,3044,119,5085,-1122,"0%"
"Minnesota","Swift",1784,3316,93,5193,-1532,"5%"
"Minnesota","Todd",3286,9753,218,13257,-6467,"0%"
"Minnesota","Traverse",661,1172,31,1864,-511,"6%"
"Minnesota","Wabasha",4696,8153,274,13123,-3457,"0%"
"Minnesota","Wadena",2023,5520,134,7677,-3497,"0%"
"Minnesota","Waseca",3496,6624,269,10389,-3128,"0%"
"Minnesota","Washington",89165,73764,3857,166786,15401,"0%"
"Minnesota","Watonwan",1987,3103,111,5201,-1116,"5%"
"Minnesota","Wilkin",1026,2328,76,3430,-1302,"3%"
"Minnesota","Winona",13333,13227,613,27173,106,"14%"
"Minnesota","Wright",28430,51973,2023,82426,-23543,"0%"
"Minnesota","Yellow Medicine",1688,3734,106,5528,-2046,"4%"
"Missouri","Adair",3710,6413,213,10336,-2703,"0%"
"Missouri","Andrew",2351,7255,146,9752,-4904,"0%"
"Missouri","Atchison",564,2199,NA,2814,-1635,"0%"
"Missouri","Audrain",2704,7732,220,10656,-5028,"0%"
"Missouri","Barry",2948,12425,225,15598,-9477,"0%"
"Missouri","Barton",844,5168,65,6077,-4324,"0%"
"Missouri","Bates",1672,6597,147,8416,-4925,"0%"
"Missouri","Benton",2180,8109,187,10476,-5929,"0%"
"Missouri","Bollinger",750,5167,NA,5983,-4417,"0%"
"Missouri","Boone",50064,38646,2458,91168,11418,"0%"
"Missouri","Buchanan",13445,22450,703,36598,-9005,"0%"
"Missouri","Butler",3301,14602,238,18141,-11301,"0%"
"Missouri","Caldwell",897,3725,60,4682,-2828,"0%"
"Missouri","Callaway",5870,14815,459,21144,-8945,"0%"
"Missouri","Camden",5652,18850,NA,24812,-13198,"0%"
"Missouri","Cape Girardeau",10760,28907,661,40328,-18147,"0%"
"Missouri","Carroll",786,3706,40,4532,-2920,"0%"
"Missouri","Carter",418,2451,28,2897,-2033,"0%"
"Missouri","Cass",19052,37197,1159,57408,-18145,"0%"
"Missouri","Cedar",1145,5788,111,7044,-4643,"0%"
"Missouri","Chariton",916,3111,50,4077,-2195,"0%"
"Missouri","Christian",11131,34920,788,46839,-23789,"0%"
"Missouri","Clark",678,2672,NA,3394,-1994,"0%"
"Missouri","Clay",59400,64605,2564,126569,-5205,"0%"
"Missouri","Clinton",2896,7799,193,10888,-4903,"0%"
"Missouri","Cole",12694,26086,749,39529,-13392,"0%"
"Missouri","Cooper",2249,6272,172,8693,-4023,"0%"
"Missouri","Crawford",2113,8725,NA,10973,-6612,"0%"
"Missouri","Dade",656,3414,49,4119,-2758,"0%"
"Missouri","Dallas",1380,6619,105,8104,-5239,"0%"
"Missouri","Daviess",746,3102,63,3911,-2356,"0%"
"Missouri","DeKalb",930,3828,NA,4843,-2898,"0%"
"Missouri","Dent",1056,5987,NA,7142,-4931,"0%"
"Missouri","Douglas",1016,5898,86,7000,-4882,"0%"
"Missouri","Dunklin",2200,8135,84,10419,-5935,"0%"
"Missouri","Franklin",14569,38058,1058,53685,-23489,"0%"
"Missouri","Gasconade",1601,6222,100,7923,-4621,"0%"
"Missouri","Gentry",613,2581,43,3237,-1968,"0%"
"Missouri","Greene",55068,83630,3102,141800,-28562,"0%"
"Missouri","Grundy",799,3585,53,4437,-2786,"0%"
"Missouri","Harrison",597,3198,31,3826,-2601,"0%"
"Missouri","Henry",2619,8027,NA,10788,-5408,"0%"
"Missouri","Hickory",1056,3966,58,5080,-2910,"0%"
"Missouri","Holt",338,1976,29,2343,-1638,"0%"
"Missouri","Howard",1413,3553,126,5092,-2140,"0%"
"Missouri","Howell",3218,15181,251,18650,-11963,"0%"
"Missouri","Iron",945,3596,51,4592,-2651,"0%"
"Missouri","Jackson",199842,126535,6686,333063,73307,"0%"
"Missouri","Jasper",13549,37728,1075,52352,-24179,"0%"
"Missouri","Jefferson",37523,77046,2119,116688,-39523,"0%"
"Missouri","Johnson",6974,15489,660,23123,-8515,"0%"
"Missouri","Knox",340,1486,28,1854,-1146,"0%"
"Missouri","LaClede",2780,13762,251,16793,-10982,"0%"
"Missouri","Lafayette",4472,12273,310,17055,-7801,"0%"
"Missouri","Lawrence",3214,14426,265,17905,-11212,"0%"
"Missouri","Lewis",984,3553,NA,4609,-2569,"0%"
"Missouri","Lincoln",6607,21848,563,29018,-15241,"0%"
"Missouri","Linn",1275,4363,88,5726,-3088,"0%"
"Missouri","Livingston",1410,5267,81,6758,-3857,"0%"
"Missouri","Macon",1662,6076,98,7836,-4414,"0%"
"Missouri","Madison",1019,4584,NA,5676,-3565,"0%"
"Missouri","Maries",814,3892,65,4771,-3078,"0%"
"Missouri","Marion",3202,9915,231,13348,-6713,"0%"
"Missouri","McDonald",1439,7465,149,9053,-6026,"0%"
"Missouri","Mercer",222,1541,NA,1779,-1319,"0%"
"Missouri","Miller",2038,10176,168,12382,-8138,"0%"
"Missouri","Mississippi",1178,3537,41,4756,-2359,"0%"
"Missouri","Moniteau",1308,5744,105,7157,-4436,"0%"
"Missouri","Monroe",936,3477,NA,4483,-2541,"0%"
"Missouri","Montgomery",1208,4465,NA,5772,-3257,"0%"
"Missouri","Morgan",1924,7442,NA,9487,-5518,"0%"
"Missouri","New Madrid",1748,5447,55,7250,-3699,"0%"
"Missouri","Newton",5818,22120,467,28405,-16302,"0%"
"Missouri","Nodaway",2853,6865,175,9893,-4012,"0%"
"Missouri","Oregon",823,3847,69,4739,-3024,"0%"
"Missouri","Osage",1037,6425,NA,7539,-5388,"0%"
"Missouri","Ozark",752,4064,48,4864,-3312,"0%"
"Missouri","Pemiscot",1560,4120,55,5735,-2560,"0%"
"Missouri","Perry",1664,7657,126,9447,-5993,"0%"
"Missouri","Pettis",4783,13854,460,19097,-9071,"0%"
"Missouri","Phelps",5637,13480,451,19568,-7843,"0%"
"Missouri","Pike",1717,5863,115,7695,-4146,"0%"
"Missouri","Platte",27179,28917,1174,57270,-1738,"2%"
"Missouri","Polk",2885,11850,329,15064,-8965,"0%"
"Missouri","Pulaski",3740,10329,NA,14414,-6589,"0%"
"Missouri","Putnam",361,1984,16,2361,-1623,"0%"
"Missouri","Ralls",1205,4396,NA,5662,-3191,"0%"
"Missouri","Randolph",2485,8018,241,10744,-5533,"0%"
"Missouri","Ray",3109,8345,195,11649,-5236,"0%"
"Missouri","Reynolds",529,2733,36,3298,-2204,"0%"
"Missouri","Ripley",833,4839,45,5717,-4006,"0%"
"Missouri","Saline",2904,6451,164,9519,-3547,"0%"
"Missouri","Schuyler",373,1606,24,2003,-1233,"0%"
"Missouri","Scotland",388,1560,36,1984,-1172,"0%"
"Missouri","Scott",3753,13769,197,17719,-10016,"0%"
"Missouri","Shannon",706,3165,35,3906,-2459,"5%"
"Missouri","Shelby",592,2700,58,3350,-2108,"2%"
"Missouri","St. Charles",89530,128389,4098,222017,-38859,"0%"
"Missouri","St. Clair",988,3932,NA,4974,-2944,"4%"
"Missouri","St. Francois",7044,20511,NA,28001,-13467,"0%"
"Missouri","St. Louis City",110089,21474,2304,133867,88615,"0%"
"Missouri","St. Louis County",328151,199493,8802,536446,128658,"0%"
"Missouri","Ste. Genevieve",2713,6630,141,9484,-3917,"0%"
"Missouri","Stoddard",1819,11484,123,13426,-9665,"0%"
"Missouri","Stone",3506,14800,177,18483,-11294,"0%"
"Missouri","Sullivan",478,1974,19,2471,-1496,"0%"
"Missouri","Taney",5339,20508,441,26288,-15169,"0%"
"Missouri","Texas",1716,9478,121,11315,-7762,"0%"
"Missouri","Vernon",1903,7155,127,9185,-5252,"0%"
"Missouri","Warren",4769,13222,384,18375,-8453,"0%"
"Missouri","Washington",1804,8047,125,9976,-6243,"0%"
"Missouri","Wayne",845,4987,46,5878,-4142,"0%"
"Missouri","Webster",3573,14880,NA,18779,-11307,"0%"
"Missouri","Worth",215,877,NA,1107,-662,"0%"
"Missouri","Wright",1168,7453,NA,8739,-6285,"0%"
"Mississippi","Adams",7917,5696,146,13759,2221,"0%"
"Mississippi","Alcorn",2782,12818,211,15811,-10036,"0%"
"Mississippi","Amite",2620,4503,84,7207,-1883,"0%"
"Mississippi","Attala",3542,5178,112,8832,-1636,"0%"
"Mississippi","Benton",1679,2570,43,4292,-891,"0%"
"Mississippi","Bolivar",8904,4671,180,13755,4233,"0%"
"Mississippi","Calhoun",1902,4625,68,6595,-2723,"0%"
"Mississippi","Carroll",1729,3924,52,5705,-2195,"3%"
"Mississippi","Chickasaw",3810,4175,163,8148,-365,"0%"
"Mississippi","Choctaw",1185,3001,39,4225,-1816,"0%"
"Mississippi","Claiborne",3772,603,78,4453,3169,"1%"
"Mississippi","Clarke",2838,5417,92,8347,-2579,"0%"
"Mississippi","Clay",5844,4181,181,10206,1663,"1%"
"Mississippi","Coahoma",6020,2375,112,8507,3645,"2%"
"Mississippi","Copiah",6470,6250,177,12897,220,"0%"
"Mississippi","Covington",3416,5854,101,9371,-2438,"0%"
"Mississippi","DeSoto",28265,46462,1521,76248,-18197,"0%"
"Mississippi","Forrest",13755,17290,680,31725,-3535,"0%"
"Mississippi","Franklin",1480,2923,61,4464,-1443,"0%"
"Mississippi","George",1218,9713,133,11064,-8495,"0%"
"Mississippi","Greene",966,4794,56,5816,-3828,"0%"
"Mississippi","Grenada",4734,6081,104,10919,-1347,"2%"
"Mississippi","Hancock",4504,16132,321,20957,-11628,"0%"
"Mississippi","Harrison",27728,46822,1315,75865,-19094,"0%"
"Mississippi","Hinds",73550,25141,1500,100191,48409,"14%"
"Mississippi","Holmes",6588,1369,158,8115,5219,"0%"
"Mississippi","Humphreys",3016,1118,55,4189,1898,"0%"
"Mississippi","Issaquena",355,308,13,676,47,"1%"
"Mississippi","Itawamba",1249,9438,139,10826,-8189,"0%"
"Mississippi","Jackson",17375,36295,953,54623,-18920,"0%"
"Mississippi","Jasper",4341,4302,99,8742,39,"0%"
"Mississippi","Jeff Davis",3599,2534,80,6213,1065,"0%"
"Mississippi","Jefferson",3327,531,53,3911,2796,"0%"
"Mississippi","Jones",8517,21226,348,30091,-12709,"0%"
"Mississippi","Kemper",2887,1787,58,4732,1100,"0%"
"Mississippi","Lafayette",10070,12949,462,23481,-2879,"0%"
"Mississippi","Lamar",7340,20704,482,28526,-13364,"0%"
"Mississippi","Lauderdale",12960,17967,339,31266,-5007,"0%"
"Mississippi","Lawrence",2260,4285,72,6617,-2025,"0%"
"Mississippi","Leake",3897,5228,79,9204,-1331,"0%"
"Mississippi","Lee",12189,24207,607,37003,-12018,"5%"
"Mississippi","Leflore",7648,3129,116,10893,4519,"0%"
"Mississippi","Lincoln",5040,11596,182,16818,-6556,"0%"
"Mississippi","Lowndes",13087,13800,386,27273,-713,"0%"
"Mississippi","Madison",24440,31091,804,56335,-6651,"0%"
"Mississippi","Marion",3787,8273,134,12194,-4486,"0%"
"Mississippi","Marshall",8057,7566,207,15830,491,"0%"
"Mississippi","Monroe",5874,11177,228,17279,-5303,"0%"
"Mississippi","Montgomery",2121,2917,40,5078,-796,"0%"
"Mississippi","Neshoba",3260,8320,140,11720,-5060,"0%"
"Mississippi","Newton",3075,6997,117,10189,-3922,"0%"
"Mississippi","Noxubee",4040,1240,61,5341,2800,"0%"
"Mississippi","Oktibbeha",10299,9004,509,19812,1295,"0%"
"Mississippi","Panola",7403,8060,172,15635,-657,"0%"
"Mississippi","Pearl River",4148,19595,313,24056,-15447,"0%"
"Mississippi","Perry",1362,4500,60,5922,-3138,"0%"
"Mississippi","Pike",8646,8479,235,17360,167,"0%"
"Mississippi","Pontotoc",2614,11550,213,14377,-8936,"0%"
"Mississippi","Prentiss",2153,8370,138,10661,-6217,"0%"
"Mississippi","Quitman",2150,1026,53,3229,1124,"0%"
"Mississippi","Rankin",18847,50895,913,70655,-32048,"0%"
"Mississippi","Scott",4330,6285,129,10744,-1955,"0%"
"Mississippi","Sharkey",1465,688,30,2183,777,"0%"
"Mississippi","Simpson",4037,7635,148,11820,-3598,"0%"
"Mississippi","Smith",1791,6458,78,8327,-4667,"0%"
"Mississippi","Stone",1802,5964,112,7878,-4162,"0%"
"Mississippi","Sunflower",6781,2799,103,9683,3982,"0%"
"Mississippi","Tallahatchie",3105,2488,98,5691,617,"0%"
"Mississippi","Tate",4183,8707,211,13101,-4524,"0%"
"Mississippi","Tippah",1937,8054,111,10102,-6117,"0%"
"Mississippi","Tishomingo",1059,7933,155,9147,-6874,"0%"
"Mississippi","Tunica",2580,926,59,3565,1654,"0%"
"Mississippi","Union",2160,10373,150,12683,-8213,"0%"
"Mississippi","Walthall",2835,4220,67,7122,-1385,"4%"
"Mississippi","Warren",10442,10365,249,21056,77,"0%"
"Mississippi","Washington",12503,5300,222,18025,7203,"0%"
"Mississippi","Wayne",3624,6307,134,10065,-2683,"0%"
"Mississippi","Webster",1043,4291,68,5402,-3248,"0%"
"Mississippi","Wilkinson",2749,1324,57,4130,1425,"0%"
"Mississippi","Winston",4040,5112,92,9244,-1072,"0%"
"Mississippi","Yalobusha",2785,3671,82,6538,-886,"0%"
"Mississippi","Yazoo",5496,4832,113,10441,664,"0%"
"Montana","Beaverhead",1608,3923,130,5661,-2315,"0%"
"Montana","Big Horn",2491,2207,86,4784,284,"0%"
"Montana","Blaine",1589,1469,59,3117,120,"1%"
"Montana","Broadwater",835,3173,89,4097,-2338,"0%"
"Montana","Carbon",2421,4468,212,7101,-2047,"0%"
"Montana","Carter",74,775,15,864,-701,"0%"
"Montana","Cascade",15456,23315,1114,39885,-7859,"0%"
"Montana","Chouteau",991,1891,92,2974,-900,"1%"
"Montana","Custer",1514,4205,164,5883,-2691,"0%"
"Montana","Daniels",195,799,20,1014,-604,"2%"
"Montana","Dawson",962,3758,117,4837,-2796,"0%"
"Montana","Deer Lodge",2562,2186,143,4891,376,"0%"
"Montana","Fallon",172,1375,28,1575,-1203,"0%"
"Montana","Fergus",1496,4869,166,6531,-3373,"0%"
"Montana","Flathead",20274,38321,1663,60258,-18047,"0%"
"Montana","Gallatin",37044,31696,2767,71507,5348,"0%"
"Montana","Garfield",41,764,8,813,-723,"0%"
"Montana","Glacier",3610,1884,145,5639,1726,"1%"
"Montana","Golden Valley",78,414,11,503,-336,"0%"
"Montana","Granite",638,1419,45,2102,-781,"0%"
"Montana","Hill",2981,3957,244,7182,-976,"1%"
"Montana","Jefferson",2625,5345,221,8191,-2720,"0%"
"Montana","Judith Basin",275,1040,29,1344,-765,"0%"
"Montana","Lake",6916,9322,388,16626,-2406,"0%"
"Montana","Lewis and Clark",19743,21409,1333,42485,-1666,"0%"
"Montana","Liberty",249,821,13,1083,-572,"0%"
"Montana","Lincoln",2835,8672,240,11747,-5837,"0%"
"Montana","Madison",1771,4191,151,6113,-2420,"0%"
"Montana","McCone",155,956,NA,1128,-801,"0%"
"Montana","Meagher",258,833,19,1110,-575,"1%"
"Montana","Mineral",686,1828,49,2563,-1142,"0%"
"Montana","Missoula",43357,26347,2282,71986,17010,"0%"
"Montana","Musselshell",413,2423,45,2881,-2010,"0%"
"Montana","Park",5280,6025,313,11618,-745,"0%"
"Montana","Petroleum",39,298,14,351,-259,"0%"
"Montana","Phillips",416,1936,34,2386,-1520,"0%"
"Montana","Pondera",903,2031,61,2995,-1128,"0%"
"Montana","Powder River",154,970,12,1136,-816,"0%"
"Montana","Powell",752,2355,88,3195,-1603,"0%"
"Montana","Prairie",126,603,15,744,-477,"0%"
"Montana","Ravalli",8763,19114,630,28507,-10351,"0%"
"Montana","Richland",875,4800,123,5798,-3925,"0%"
"Montana","Roosevelt",1910,1996,122,4028,-86,"0%"
"Montana","Rosebud",1199,2486,99,3784,-1287,"0%"
"Montana","Sanders",1820,5660,172,7652,-3840,"0%"
"Montana","Sheridan",574,1403,53,2030,-829,"0%"
"Montana","Silver Bow",10392,7745,690,18827,2647,"0%"
"Montana","Stillwater",1156,4462,123,5741,-3306,"0%"
"Montana","Sweet Grass",549,1840,57,2446,-1291,"1%"
"Montana","Teton",1007,2608,80,3695,-1601,"0%"
"Montana","Toole",467,1596,60,2123,-1129,"0%"
"Montana","Treasure",78,373,NA,460,-295,"1%"
"Montana","Valley",1030,3135,107,4272,-2105,"0%"
"Montana","Wheatland",225,823,20,1068,-598,"0%"
"Montana","Wibaux",77,516,5,598,-439,"0%"
"Montana","Yellowstone",30679,50772,2370,83821,-20093,"0%"
"North Carolina","Alamance",38825,46056,1210,86091,-7231,"0%"
"North Carolina","Alexander",4145,15888,203,20236,-11743,"0%"
"North Carolina","Alleghany",1486,4527,63,6076,-3041,"0%"
"North Carolina","Anson",5789,5321,84,11194,468,"0%"
"North Carolina","Ashe",4164,11451,199,15814,-7287,"0%"
"North Carolina","Avery",2191,7172,95,9458,-4981,"0%"
"North Carolina","Beaufort",9633,16437,245,26315,-6804,"0%"
"North Carolina","Bertie",5939,3817,59,9815,2122,"0%"
"North Carolina","Bladen",7326,9676,123,17125,-2350,"0%"
"North Carolina","Brunswick",33310,55850,1015,90175,-22540,"0%"
"North Carolina","Buncombe",96515,62412,2642,161569,34103,"0%"
"North Carolina","Burke",13118,31019,465,44602,-17901,"0%"
"North Carolina","Cabarrus",52162,63237,1828,117227,-11075,"0%"
"North Carolina","Caldwell",10245,32119,465,42829,-21874,"0%"
"North Carolina","Camden",1537,4312,104,5953,-2775,"0%"
"North Carolina","Carteret",12093,30028,574,42695,-17935,"0%"
"North Carolina","Caswell",4860,7089,102,12051,-2229,"0%"
"North Carolina","Catawba",25689,56588,1148,83425,-30899,"0%"
"North Carolina","Chatham",26787,21186,626,48599,5601,"0%"
"North Carolina","Cherokee",3583,12628,212,16423,-9045,"0%"
"North Carolina","Chowan",3247,4471,66,7784,-1224,"0%"
"North Carolina","Clay",1699,5112,82,6893,-3413,"0%"
"North Carolina","Cleveland",16955,33798,555,51308,-16843,"0%"
"North Carolina","Columbus",9446,16832,168,26446,-7386,"0%"
"North Carolina","Craven",21148,31032,885,53065,-9884,"0%"
"North Carolina","Cumberland",84469,60032,2649,147150,24437,"0%"
"North Carolina","Currituck",4195,11657,295,16147,-7462,"0%"
"North Carolina","Dare",9936,13938,358,24232,-4002,"0%"
"North Carolina","Davidson",22636,64658,1220,88514,-42022,"0%"
"North Carolina","Davie",6713,18228,370,25311,-11515,"0%"
"North Carolina","Duplin",8767,13793,155,22715,-5026,"0%"
"North Carolina","Durham",144688,32459,2767,179914,112229,"0%"
"North Carolina","Edgecombe",16089,9206,182,25477,6883,"0%"
"North Carolina","Forsyth",113033,85064,3173,201270,27969,"0%"
"North Carolina","Franklin",15879,20901,571,37351,-5022,"0%"
"North Carolina","Gaston",40959,73033,1506,115498,-32074,"0%"
"North Carolina","Gates",2546,3367,58,5971,-821,"0%"
"North Carolina","Graham",905,3710,50,4665,-2805,"0%"
"North Carolina","Granville",14565,16647,386,31598,-2082,"0%"
"North Carolina","Greene",3832,4874,47,8753,-1042,"0%"
"North Carolina","Guilford",173086,107294,4106,284486,65792,"0%"
"North Carolina","Halifax",15545,10080,134,25759,5465,"0%"
"North Carolina","Harnett",22093,35177,1023,58293,-13084,"0%"
"North Carolina","Haywood",13144,22834,564,36542,-9690,"0%"
"North Carolina","Henderson",27211,40032,1128,68371,-12821,"0%"
"North Carolina","Hertford",7097,3479,58,10634,3618,"0%"
"North Carolina","Hoke",11804,9453,382,21639,2351,"2%"
"North Carolina","Hyde",1046,1418,28,2492,-372,"0%"
"North Carolina","Iredell",33888,67010,1473,102371,-33122,"0%"
"North Carolina","Jackson",9591,11356,481,21428,-1765,"0%"
"North Carolina","Johnston",41257,68353,1747,111357,-27096,"0%"
"North Carolina","Jones",2197,3280,48,5525,-1083,"0%"
"North Carolina","Lee",12143,16469,396,29008,-4326,"0%"
"North Carolina","Lenoir",13605,14590,214,28409,-985,"0%"
"North Carolina","Lincoln",13274,36341,602,50217,-23067,"0%"
"North Carolina","Macon",6230,14211,302,20743,-7981,"0%"
"North Carolina","Madison",4901,7979,196,13076,-3078,"0%"
"North Carolina","Martin",5911,6532,97,12540,-621,"0%"
"North Carolina","McDowell",5832,16883,288,23003,-11051,"0%"
"North Carolina","Mecklenburg",378107,179211,9735,567053,198896,"0%"
"North Carolina","Mitchell",1867,7090,84,9041,-5223,"0%"
"North Carolina","Montgomery",4327,8411,111,12849,-4084,"0%"
"North Carolina","Moore",20779,36764,796,58339,-15985,"0%"
"North Carolina","Nash",25947,25827,497,52271,120,"0%"
"North Carolina","New Hanover",66138,63331,2361,131830,2807,"0%"
"North Carolina","Northampton",6069,3989,51,10109,2080,"0%"
"North Carolina","Onslow",24266,46078,1891,72235,-21812,"0%"
"North Carolina","Orange",63594,20176,1227,84997,43418,"0%"
"North Carolina","Pamlico",2713,4849,69,7631,-2136,"0%"
"North Carolina","Pasquotank",9832,9770,295,19897,62,"0%"
"North Carolina","Pender",11723,21956,490,34169,-10233,"0%"
"North Carolina","Perquimans",2492,4903,89,7484,-2411,"0%"
"North Carolina","Person",8465,13184,245,21894,-4719,"0%"
"North Carolina","Pitt",47252,38982,1339,87573,8270,"0%"
"North Carolina","Polk",4518,7689,151,12358,-3171,"0%"
"North Carolina","Randolph",15618,56894,804,73316,-41276,"0%"
"North Carolina","Richmond",8754,11830,179,20763,-3076,"0%"
"North Carolina","Robeson",19020,27806,362,47188,-8786,"0%"
"North Carolina","Rockingham",15992,31301,516,47809,-15309,"0%"
"North Carolina","Rowan",23114,49297,997,73408,-26183,"0%"
"North Carolina","Rutherford",9135,24891,403,34429,-15756,"0%"
"North Carolina","Sampson",10966,17411,241,28618,-6445,"0%"
"North Carolina","Scotland",7186,7473,116,14775,-287,"0%"
"North Carolina","Stanly",8129,25458,352,33939,-17329,"0%"
"North Carolina","Stokes",5286,20142,273,25701,-14856,"0%"
"North Carolina","Surry",8721,27538,379,36638,-18817,"0%"
"North Carolina","Swain",2780,4161,127,7068,-1381,"0%"
"North Carolina","Transylvania",8444,11636,324,20404,-3192,"0%"
"North Carolina","Tyrrell",758,1044,15,1817,-286,"0%"
"North Carolina","Union",48725,80382,1904,131011,-31657,"0%"
"North Carolina","Vance",12431,8391,177,20999,4040,"0%"
"North Carolina","Wake",393336,226197,12297,631830,167139,"0%"
"North Carolina","Warren",6400,3752,141,10293,2648,"0%"
"North Carolina","Washington",3396,2781,28,6205,615,"0%"
"North Carolina","Watauga",17122,14451,647,32220,2671,"0%"
"North Carolina","Wayne",24215,30709,613,55537,-6494,"0%"
"North Carolina","Wilkes",7511,27592,363,35466,-20081,"0%"
"North Carolina","Wilson",20754,19581,400,40735,1173,"0%"
"North Carolina","Yadkin",3763,15933,227,19923,-12170,"0%"
"North Carolina","Yancey",3688,7516,148,11352,-3828,"0%"
"North Dakota","Adams",258,981,30,1269,-723,"0%"
"North Dakota","Barnes",1820,3568,177,5565,-1748,"0%"
"North Dakota","Benson",822,1094,45,1961,-272,"0%"
"North Dakota","Billings",72,541,22,635,-469,"0%"
"North Dakota","Bottineau",821,2575,75,3471,-1754,"0%"
"North Dakota","Bowman",228,1395,34,1657,-1167,"0%"
"North Dakota","Burke",137,994,24,1155,-857,"0%"
"North Dakota","Burleigh",14348,34744,1661,50753,-20396,"0%"
"North Dakota","Cass",40311,42619,3123,86053,-2308,"0%"
"North Dakota","Cavalier",474,1499,47,2020,-1025,"0%"
"North Dakota","Dickey",608,1742,74,2424,-1134,"0%"
"North Dakota","Divide",265,904,33,1202,-639,"0%"
"North Dakota","Dunn",342,1951,45,2338,-1609,"0%"
"North Dakota","Eddy",383,854,24,1261,-471,"0%"
"North Dakota","Emmons",237,1738,34,2009,-1501,"0%"
"North Dakota","Foster",373,1362,43,1778,-989,"0%"
"North Dakota","Golden Valley",137,871,18,1026,-734,"0%"
"North Dakota","Grand Forks",12880,16987,1103,30970,-4107,"0%"
"North Dakota","Grant",207,1145,29,1381,-938,"0%"
"North Dakota","Griggs",308,907,35,1250,-599,"0%"
"North Dakota","Hettinger",196,1091,25,1312,-895,"0%"
"North Dakota","Kidder",221,1215,24,1460,-994,"0%"
"North Dakota","LaMoure",527,1645,47,2219,-1118,"0%"
"North Dakota","Logan",128,930,18,1076,-802,"0%"
"North Dakota","McHenry",564,2364,75,3003,-1800,"0%"
"North Dakota","McIntosh",261,1153,41,1455,-892,"0%"
"North Dakota","McKenzie",814,4482,123,5419,-3668,"0%"
"North Dakota","McLean",1230,4198,108,5536,-2968,"0%"
"North Dakota","Mercer",704,3856,115,4675,-3152,"0%"
"North Dakota","Morton",3872,12243,504,16619,-8371,"0%"
"North Dakota","Mountrail",1256,2824,85,4165,-1568,"0%"
"North Dakota","Nelson",586,1141,50,1777,-555,"0%"
"North Dakota","Oliver",129,918,19,1066,-789,"0%"
"North Dakota","Pembina",786,2460,85,3331,-1674,"0%"
"North Dakota","Pierce",497,1585,46,2128,-1088,"0%"
"North Dakota","Ramsey",1639,3577,156,5372,-1938,"0%"
"North Dakota","Ransom",945,1418,91,2454,-473,"0%"
"North Dakota","Renville",220,1065,34,1319,-845,"0%"
"North Dakota","Richland",2510,5072,230,7812,-2562,"0%"
"North Dakota","Rolette",2482,1257,65,3804,1225,"0%"
"North Dakota","Sargent",738,1266,66,2070,-528,"0%"
"North Dakota","Sheridan",104,688,20,812,-584,"0%"
"North Dakota","Sioux",804,258,124,1186,546,"0%"
"North Dakota","Slope",44,380,3,427,-336,"0%"
"North Dakota","Stark",2499,12110,441,15050,-9611,"0%"
"North Dakota","Steele",392,652,44,1088,-260,"0%"
"North Dakota","Stutsman",2676,6994,289,9959,-4318,"0%"
"North Dakota","Towner",317,830,27,1174,-513,"0%"
"North Dakota","Traill",1493,2522,121,4136,-1029,"0%"
"North Dakota","Walsh",1333,3324,126,4783,-1991,"0%"
"North Dakota","Ward",7293,19974,979,28246,-12681,"0%"
"North Dakota","Wells",442,1893,39,2374,-1451,"0%"
"North Dakota","Williams",2169,11739,426,14334,-9570,"0%"
"Nebraska","Adams",4213,10085,355,14653,-5872,"0%"
"Nebraska","Antelope",452,3093,38,3583,-2641,"0%"
"Nebraska","Arthur",21,260,4,285,-239,"0%"
"Nebraska","Banner",43,362,6,411,-319,"0%"
"Nebraska","Blaine",35,280,2,317,-245,"0%"
"Nebraska","Boone",499,2653,74,3226,-2154,"0%"
"Nebraska","Box Butte",1051,4002,147,5200,-2951,"0%"
"Nebraska","Boyd",135,1010,10,1155,-875,"0%"
"Nebraska","Brown",191,1470,23,1684,-1279,"0%"
"Nebraska","Buffalo",6350,16640,721,23711,-10290,"0%"
"Nebraska","Burt",1063,2580,96,3739,-1517,"0%"
"Nebraska","Butler",873,3542,103,4518,-2669,"0%"
"Nebraska","Cass",4737,10121,468,15326,-5384,"0%"
"Nebraska","Cedar",725,4174,116,5015,-3449,"0%"
"Nebraska","Chase",226,1740,34,2000,-1514,"0%"
"Nebraska","Cherry",373,2844,52,3269,-2471,"0%"
"Nebraska","Cheyenne",855,3813,108,4776,-2958,"0%"
"Nebraska","Clay",632,2848,90,3570,-2216,"0%"
"Nebraska","Colfax",1025,2636,65,3726,-1611,"0%"
"Nebraska","Cuming",870,3507,82,4459,-2637,"0%"
"Nebraska","Custer",786,5090,134,6010,-4304,"0%"
"Nebraska","Dakota",2744,3926,147,6817,-1182,"0%"
"Nebraska","Dawes",1082,2931,138,4151,-1849,"0%"
"Nebraska","Dawson",2497,6524,170,9191,-4027,"0%"
"Nebraska","Deuel",141,871,22,1034,-730,"0%"
"Nebraska","Dixon",651,2335,108,3094,-1684,"0%"
"Nebraska","Dodge",5544,10984,410,16938,-5440,"0%"
"Nebraska","Douglas",150350,119159,7031,276540,31191,"0%"
"Nebraska","Dundy",105,883,15,1003,-778,"0%"
"Nebraska","Fillmore",693,2359,96,3148,-1666,"0%"
"Nebraska","Franklin",276,1437,15,1728,-1161,"0%"
"Nebraska","Frontier",189,1229,28,1446,-1040,"0%"
"Nebraska","Furnas",399,2163,40,2602,-1764,"0%"
"Nebraska","Gage",3385,7445,289,11119,-4060,"0%"
"Nebraska","Garden",161,1016,23,1200,-855,"0%"
"Nebraska","Garfield",133,933,10,1076,-800,"0%"
"Nebraska","Gosper",215,893,13,1121,-678,"0%"
"Nebraska","Grant",20,375,NA,402,-355,"0%"
"Nebraska","Greeley",229,1016,14,1259,-787,"0%"
"Nebraska","Hall",7681,16189,580,24450,-8508,"0%"
"Nebraska","Hamilton",1118,4309,139,5566,-3191,"0%"
"Nebraska","Harlan",282,1615,37,1934,-1333,"0%"
"Nebraska","Hayes",34,494,8,536,-460,"0%"
"Nebraska","Hitchcock",175,1264,31,1470,-1089,"0%"
"Nebraska","Holt",686,4769,95,5550,-4083,"0%"
"Nebraska","Hooker",59,376,NA,442,-317,"0%"
"Nebraska","Howard",648,2786,77,3511,-2138,"0%"
"Nebraska","Jefferson",1016,2616,98,3730,-1600,"0%"
"Nebraska","Johnson",647,1518,68,2233,-871,"0%"
"Nebraska","Kearney",701,2822,94,3617,-2121,"0%"
"Nebraska","Keith",763,3544,62,4369,-2781,"0%"
"Nebraska","Keya Paha",49,476,5,530,-427,"0%"
"Nebraska","Kimball",268,1563,46,1877,-1295,"0%"
"Nebraska","Knox",905,3721,82,4708,-2816,"0%"
"Nebraska","Lancaster",82293,70092,4830,157215,12201,"0%"
"Nebraska","Lincoln",3692,13071,400,17163,-9379,"0%"
"Nebraska","Logan",38,407,NA,450,-369,"0%"
"Nebraska","Loup",75,370,NA,454,-295,"0%"
"Nebraska","Madison",3478,11940,401,15819,-8462,"0%"
"Nebraska","McPherson",17,275,NA,302,-258,"0%"
"Nebraska","Merrick",743,3419,120,4282,-2676,"0%"
"Nebraska","Morrill",386,2113,59,2558,-1727,"0%"
"Nebraska","Nance",359,1437,36,1832,-1078,"0%"
"Nebraska","Nemaha",921,2428,83,3432,-1507,"0%"
"Nebraska","Nuckolls",409,1857,39,2305,-1448,"0%"
"Nebraska","Otoe",2490,5649,216,8355,-3159,"0%"
"Nebraska","Pawnee",322,1071,NA,1429,-749,"0%"
"Nebraska","Perkins",199,1321,25,1545,-1122,"0%"
"Nebraska","Phelps",752,4157,112,5021,-3405,"0%"
"Nebraska","Pierce",480,3462,70,4012,-2982,"0%"
"Nebraska","Platte",3260,12186,275,15721,-8926,"0%"
"Nebraska","Polk",530,2291,66,2887,-1761,"0%"
"Nebraska","Red Willow",811,4525,134,5470,-3714,"0%"
"Nebraska","Richardson",996,3073,65,4134,-2077,"0%"
"Nebraska","Rock",84,744,14,842,-660,"0%"
"Nebraska","Saline",1986,3631,163,5780,-1645,"0%"
"Nebraska","Sarpy",41206,51979,3008,96193,-10773,"0%"
"Nebraska","Saunders",3331,9108,347,12786,-5777,"0%"
"Nebraska","Scotts Bluff",4196,10952,376,15524,-6756,"0%"
"Nebraska","Seward",2438,6490,271,9199,-4052,"0%"
"Nebraska","Sheridan",340,2292,52,2684,-1952,"0%"
"Nebraska","Sherman",343,1322,35,1700,-979,"0%"
"Nebraska","Sioux",72,642,17,731,-570,"0%"
"Nebraska","Stanton",532,2561,72,3165,-2029,"0%"
"Nebraska","Thayer",624,2308,57,2989,-1684,"0%"
"Nebraska","Thomas",45,377,NA,427,-332,"0%"
"Nebraska","Thurston",1122,1180,77,2379,-58,"0%"
"Nebraska","Valley",412,1901,31,2344,-1489,"0%"
"Nebraska","Washington",3554,8583,330,12467,-5029,"0%"
"Nebraska","Wayne",1022,3055,141,4218,-2033,"0%"
"Nebraska","Webster",335,1511,NA,1876,-1176,"0%"
"Nebraska","Wheeler",59,438,6,503,-379,"0%"
"Nebraska","York",1630,5337,194,7161,-3707,"0%"
"New Hampshire","Belknap",16894,20899,660,38453,-4005,"NA%"
"New Hampshire","Carroll",16649,16150,473,33272,499,"NA%"
"New Hampshire","Cheshire",25506,17892,808,44206,7614,"NA%"
"New Hampshire","Coos",7640,8617,271,16528,-977,"NA%"
"New Hampshire","Grafton",33180,19905,904,53989,13275,"NA%"
"New Hampshire","Hillsborough",122344,104625,4071,231040,17719,"NA%"
"New Hampshire","Merrimack",48533,39711,1643,89887,8822,"NA%"
"New Hampshire","Rockingham",100064,95858,3021,198943,4206,"NA%"
"New Hampshire","Strafford",41721,30489,1519,73729,11232,"NA%"
"New Hampshire","Sullivan",12390,11508,485,24383,882,"NA%"
"New Jersey","Atlantic",73808,64438,2195,140441,9370,"0%"
"New Jersey","Bergen",285967,204417,7076,497460,81550,"0%"
"New Jersey","Burlington",154595,103345,4710,262650,51250,"0%"
"New Jersey","Camden",175065,86207,4327,265599,88858,"0%"
"New Jersey","Cape May",23941,33158,834,57933,-9217,"0%"
"New Jersey","Cumberland",32742,28952,881,62575,3790,"0%"
"New Jersey","Essex",266820,75475,3016,345311,191345,"0%"
"New Jersey","Gloucester",86702,83340,3411,173453,3362,"0%"
"New Jersey","Hudson",181452,65698,3308,250458,115754,"0%"
"New Jersey","Hunterdon",39457,43153,2063,84673,-3696,"0%"
"New Jersey","Mercer",122532,51641,3050,177223,70891,"0%"
"New Jersey","Middlesex",226250,143467,5975,375692,82783,"0%"
"New Jersey","Monmouth",181291,191808,5291,378390,-10517,"0%"
"New Jersey","Morris",153881,141134,5902,300917,12747,"0%"
"New Jersey","Ocean",119456,217740,5550,342746,-98284,"0%"
"New Jersey","Passaic",129097,92009,3224,224330,37088,"0%"
"New Jersey","Salem",14479,18827,736,34042,-4348,"0%"
"New Jersey","Somerset",111173,71996,3722,186891,39177,"0%"
"New Jersey","Sussex",34481,51698,2173,88352,-17217,"0%"
"New Jersey","Union",170245,80002,3794,254041,90243,"0%"
"New Jersey","Warren",24901,34769,1387,61057,-9868,"0%"
"New Mexico","Bernalillo",193757,116135,7698,317590,77622,"0%"
"New Mexico","Catron",595,1698,33,2326,-1103,"0%"
"New Mexico","Chaves",6381,15656,406,22443,-9275,"0%"
"New Mexico","Cibola",4745,3975,183,8903,770,"0%"
"New Mexico","Colfax",2611,3271,134,6016,-660,"0%"
"New Mexico","Curry",4307,10444,350,15101,-6137,"0%"
"New Mexico","DeBaca",231,656,14,901,-425,"0%"
"New Mexico","Dona Ana",47957,32802,1882,82641,15155,"0%"
"New Mexico","Eddy",5424,17454,344,23222,-12030,"0%"
"New Mexico","Grant",7590,6553,292,14435,1037,"0%"
"New Mexico","Guadalupe",1234,917,38,2189,317,"0%"
"New Mexico","Harding",179,319,7,505,-140,"0%"
"New Mexico","Hidalgo",823,1120,31,1974,-297,"0%"
"New Mexico","Lea",4061,16531,326,20918,-12470,"0%"
"New Mexico","Lincoln",3194,6942,170,10306,-3748,"0%"
"New Mexico","Los Alamos",7554,4278,461,12293,3276,"0%"
"New Mexico","Luna",3563,4408,132,8103,-845,"0%"
"New Mexico","McKinley",18029,7801,656,26486,10228,"0%"
"New Mexico","Mora",1745,903,38,2686,842,"0%"
"New Mexico","Otero",8485,14521,565,23571,-6036,"0%"
"New Mexico","Quay",1170,2634,69,3873,-1464,"0%"
"New Mexico","Rio Arriba",10990,5408,230,16628,5582,"0%"
"New Mexico","Roosevelt",1802,4634,172,6608,-2832,"0%"
"New Mexico","San Juan",18083,32874,1337,52294,-14791,"0%"
"New Mexico","San Miguel",7888,3421,222,11531,4467,"0%"
"New Mexico","Sandoval",40588,34174,1800,76562,6414,"0%"
"New Mexico","Santa Fe",62530,18329,1368,82227,44201,"0%"
"New Mexico","Sierra",2265,3542,138,5945,-1277,"0%"
"New Mexico","Socorro",3722,3255,183,7160,467,"0%"
"New Mexico","Taos",13121,3715,345,17181,9406,"0%"
"New Mexico","Torrance",2344,4772,165,7281,-2428,"0%"
"New Mexico","Union",383,1388,18,1789,-1005,"0%"
"New Mexico","Valencia",14263,17364,650,32277,-3101,"0%"
"Nevada","Carson City",12735,16113,891,29739,-3378,"0%"
"Nevada","Churchill",3051,9372,467,12890,-6321,"0%"
"Nevada","Clark",521852,430930,19728,972510,90922,"0%"
"Nevada","Douglas",11571,21630,924,34125,-10059,"0%"
"Nevada","Elko",4557,16741,669,21967,-12184,"0%"
"Nevada","Esmeralda",74,400,13,487,-326,"0%"
"Nevada","Eureka",105,895,17,1017,-790,"0%"
"Nevada","Humboldt",1689,5877,205,7771,-4188,"0%"
"Nevada","Lander",496,2198,71,2765,-1702,"0%"
"Nevada","Lincoln",330,2067,49,2446,-1737,"0%"
"Nevada","Lyon",8473,20914,851,30238,-12441,"0%"
"Nevada","Mineral",829,1423,83,2335,-594,"0%"
"Nevada","Nye",7288,17528,562,25378,-10240,"0%"
"Nevada","Pershing",547,1731,42,2320,-1184,"0%"
"Nevada","Storey",902,1908,67,2877,-1006,"0%"
"Nevada","Washoe",128128,116760,7254,252142,11368,"0%"
"Nevada","White Pine",859,3403,107,4369,-2544,"0%"
"New York","Albany",99474,51081,3031,153586,48393,"0%"
"New York","Allegany",6048,14135,533,20716,-8087,"0%"
"New York","Bronx",355374,67740,2769,425883,287634,"0%"
"New York","Brooklyn",703310,202772,7608,913690,500538,"0%"
"New York","Broome",47010,43800,1984,92794,3210,"0%"
"New York","Cattaraugus",11879,22155,726,34760,-10276,"0%"
"New York","Cayuga",16149,19512,760,36421,-3363,"0%"
"New York","Chautauqua",23087,34853,1255,59195,-11766,"0%"
"New York","Chemung",16636,21922,852,39410,-5286,"0%"
"New York","Chenango",8290,13482,510,22282,-5192,"0%"
"New York","Clinton",18364,16514,559,35437,1850,"0%"
"New York","Columbia",20386,14464,672,35522,5922,"0%"
"New York","Cortland",10369,10789,520,21678,-420,"0%"
"New York","Delaware",9143,13387,441,22971,-4244,"0%"
"New York","Dutchess",81443,66872,2430,150745,14571,"0%"
"New York","Erie",267174,197527,8320,473021,69647,"0%"
"New York","Essex",9947,8976,348,19271,971,"0%"
"New York","Franklin",9253,9668,347,19268,-415,"0%"
"New York","Fulton",7931,15378,409,23718,-7447,"0%"
"New York","Genesee",9625,18876,716,29217,-9251,"0%"
"New York","Greene",10346,14271,520,25137,-3925,"0%"
"New York","Hamilton",1178,2225,57,3460,-1047,"0%"
"New York","Herkimer",9937,18870,512,29319,-8933,"0%"
"New York","Jefferson",17307,25629,919,43855,-8322,"0%"
"New York","Lewis",3824,8894,226,12944,-5070,"0%"
"New York","Livingston",12477,18182,742,31401,-5705,"0%"
"New York","Madison",14807,18408,823,34038,-3601,"0%"
"New York","Manhattan",603040,85185,7038,695263,517855,"0%"
"New York","Monroe",225746,145661,8457,379864,80085,"0%"
"New York","Montgomery",7977,12745,412,21134,-4768,"0%"
"New York","Nassau",396504,326716,7763,730983,69788,"0%"
"New York","Niagara",46029,56068,2026,104123,-10039,"0%"
"New York","Oneida",41567,57180,1999,100746,-15613,"0%"
"New York","Onondaga",138894,90619,5222,234735,48275,"0%"
"New York","Ontario",29025,29039,1610,59674,-14,"0%"
"New York","Orange",84684,84996,2516,172196,-312,"0%"
"New York","Orleans",5587,12126,441,18154,-6539,"0%"
"New York","Oswego",21143,32138,1210,54491,-10995,"0%"
"New York","Otsego",12975,14382,653,28010,-1407,"0%"
"New York","Putnam",24953,29283,753,54989,-4330,"0%"
"New York","Queens",569038,212665,6559,788262,356373,"0%"
"New York","Rensselaer",40969,36500,1817,79286,4469,"0%"
"New York","Rockland",75802,73186,1381,150369,2616,"0%"
"New York","Saint Lawrence",19361,24608,831,44800,-5247,"0%"
"New York","Saratoga",68471,61305,2879,132655,7166,"0%"
"New York","Schenectady",42465,30741,1656,74862,11724,"0%"
"New York","Schoharie",5345,9903,437,15685,-4558,"0%"
"New York","Schuyler",3903,5621,216,9740,-1718,"0%"
"New York","Seneca",6914,8329,365,15608,-1415,"0%"
"New York","Staten Island",90997,123320,1961,216278,-32323,"0%"
"New York","Steuben",15790,29474,915,46179,-13684,"0%"
"New York","Suffolk",381021,381253,9267,771541,-232,"0%"
"New York","Sullivan",15489,18665,493,34647,-3176,"0%"
"New York","Tioga",9634,14791,611,25036,-5157,"0%"
"New York","Tompkins",33619,11096,1020,45735,22523,"0%"
"New York","Ulster",57970,37590,1860,97420,20380,"0%"
"New York","Warren",17642,17699,808,36149,-57,"0%"
"New York","Washington",11565,15941,595,28101,-4376,"0%"
"New York","Wayne",17456,26204,1067,44727,-8748,"0%"
"New York","Westchester",312371,144713,5181,462265,167658,"0%"
"New York","Wyoming",5073,13898,428,19399,-8825,"0%"
"New York","Yates",4219,6208,274,10701,-1989,"0%"
"Ohio","Adams",2156,9870,119,12145,-7714,"0%"
"Ohio","Allen",14149,33116,741,48006,-18967,"0%"
"Ohio","Ashland",6541,19407,457,26405,-12866,"0%"
"Ohio","Ashtabula",16497,26890,760,44147,-10393,"0%"
"Ohio","Athens",14772,10862,425,26059,3910,"0%"
"Ohio","Auglaize",4651,20798,328,25777,-16147,"0%"
"Ohio","Belmont",9138,23560,390,33088,-14422,"0%"
"Ohio","Brown",4380,16480,236,21096,-12100,"0%"
"Ohio","Butler",69613,114392,2732,186737,-44779,"0%"
"Ohio","Carroll",3251,10745,216,14212,-7494,"0%"
"Ohio","Champaign",5062,14589,321,19972,-9527,"0%"
"Ohio","Clark",24076,39032,1104,64212,-14956,"0%"
"Ohio","Clermont",34092,74570,1818,110480,-40478,"0%"
"Ohio","Clinton",4697,15488,342,20527,-10791,"0%"
"Ohio","Columbiana",13359,35726,775,49860,-22367,"0%"
"Ohio","Coshocton",4125,12325,289,16739,-8200,"0%"
"Ohio","Crawford",4916,15436,334,20686,-10520,"0%"
"Ohio","Cuyahoga",416176,202699,6795,625670,213477,"0%"
"Ohio","Darke",4731,22004,399,27134,-17273,"0%"
"Ohio","Defiance",5981,13038,362,19381,-7057,"0%"
"Ohio","Delaware",57735,66356,1979,126070,-8621,"0%"
"Ohio","Erie",17493,22160,682,40335,-4667,"0%"
"Ohio","Fairfield",31224,50797,1290,83311,-19573,"0%"
"Ohio","Fayette",2975,9473,164,12612,-6498,"0%"
"Ohio","Franklin",409144,211237,10196,630577,197907,"0%"
"Ohio","Fulton",6664,15731,375,22770,-9067,"0%"
"Ohio","Gallia",2990,10645,164,13799,-7655,"0%"
"Ohio","Geauga",21201,34143,677,56021,-12942,"0%"
"Ohio","Greene",34798,52072,1773,88643,-17274,"0%"
"Ohio","Guernsey",4577,13407,246,18230,-8830,"0%"
"Ohio","Hamilton",246266,177886,6777,430929,68380,"0%"
"Ohio","Hancock",11757,26310,704,38771,-14553,"0%"
"Ohio","Hardin",3062,9949,236,13247,-6887,"0%"
"Ohio","Harrison",1768,5792,95,7655,-4024,"0%"
"Ohio","Henry",4062,10479,223,14764,-6417,"0%"
"Ohio","Highland",3799,15678,199,19676,-11879,"0%"
"Ohio","Hocking",3880,9737,207,13824,-5857,"0%"
"Ohio","Holmes",1994,10796,157,12947,-8802,"0%"
"Ohio","Huron",7759,18956,475,27190,-11197,"0%"
"Ohio","Jackson",3311,11309,174,14794,-7998,"0%"
"Ohio","Jefferson",10018,22828,516,33362,-12810,"0%"
"Ohio","Knox",8589,22340,469,31398,-13751,"0%"
"Ohio","Lake",55514,73278,1717,130509,-17764,"0%"
"Ohio","Lawrence",7489,20306,332,28127,-12817,"0%"
"Ohio","Licking",33055,59514,1641,94210,-26459,"0%"
"Ohio","Logan",5055,17964,349,23368,-12909,"0%"
"Ohio","Lorain",75667,79520,2250,157437,-3853,"0%"
"Ohio","Lucas",115411,81763,3449,200623,33648,"0%"
"Ohio","Madison",5698,13835,322,19855,-8137,"0%"
"Ohio","Mahoning",57641,59903,1422,118966,-2262,"0%"
"Ohio","Marion",8269,19023,526,27818,-10754,"0%"
"Ohio","Medina",39800,64598,1427,105825,-24798,"0%"
"Ohio","Meigs",2492,8316,143,10951,-5824,"0%"
"Ohio","Mercer",4030,19452,279,23761,-15422,"0%"
"Ohio","Miami",15663,41371,938,57972,-25708,"0%"
"Ohio","Monroe",1605,5463,80,7148,-3858,"0%"
"Ohio","Montgomery",135064,129034,4407,268505,6030,"0%"
"Ohio","Morgan",1725,5041,81,6847,-3316,"0%"
"Ohio","Morrow",4048,14077,332,18457,-10029,"0%"
"Ohio","Muskingum",11971,27867,627,40465,-15896,"0%"
"Ohio","Noble",1170,5135,38,6343,-3965,"0%"
"Ohio","Ottawa",9008,14628,371,24007,-5620,"0%"
"Ohio","Paulding",2213,7086,168,9467,-4873,"0%"
"Ohio","Perry",4098,12357,220,16675,-8259,"0%"
"Ohio","Pickaway",7304,20593,374,28271,-13289,"0%"
"Ohio","Pike",3110,9157,145,12412,-6047,"0%"
"Ohio","Portage",35661,45990,1221,82872,-10329,"0%"
"Ohio","Preble",4493,17022,294,21809,-12529,"0%"
"Ohio","Putnam",3195,16412,314,19921,-13217,"0%"
"Ohio","Richland",17640,41472,863,59975,-23832,"0%"
"Ohio","Ross",10557,22278,464,33299,-11721,"0%"
"Ohio","Sandusky",10596,18896,582,30074,-8300,"0%"
"Ohio","Scioto",9080,22609,358,32047,-13529,"0%"
"Ohio","Seneca",8266,17086,458,25810,-8820,"0%"
"Ohio","Shelby",4465,20422,371,25258,-15957,"0%"
"Ohio","Stark",75904,111097,2878,189879,-35193,"0%"
"Ohio","Summit",151668,124833,3972,280473,26835,"0%"
"Ohio","Trumbull",44519,55194,1288,101001,-10675,"0%"
"Ohio","Tuscarawas",12889,30458,668,44015,-17569,"0%"
"Ohio","Union",11141,21669,635,33445,-10528,"0%"
"Ohio","Van Wert",3067,11650,248,14965,-8583,"0%"
"Ohio","Vinton",1331,4632,67,6030,-3301,"0%"
"Ohio","Warren",46069,87988,2043,136100,-41919,"0%"
"Ohio","Washington",9243,22307,481,32031,-13064,"0%"
"Ohio","Wayne",16660,36759,864,54283,-20099,"0%"
"Ohio","Williams",4842,13452,357,18651,-8610,"0%"
"Ohio","Wood",30617,35757,1223,67597,-5140,"0%"
"Ohio","Wyandot",2733,8462,195,11390,-5729,"0%"
"Oklahoma","Adair",1387,5585,136,7108,-4198,"0%"
"Oklahoma","Alfalfa",232,1978,52,2262,-1746,"0%"
"Oklahoma","Atoka",765,4557,67,5389,-3792,"0%"
"Oklahoma","Beaver",190,1968,20,2178,-1778,"0%"
"Oklahoma","Beckham",1048,6767,133,7948,-5719,"0%"
"Oklahoma","Blaine",688,3136,77,3901,-2448,"0%"
"Oklahoma","Bryan",3323,12344,309,15976,-9021,"0%"
"Oklahoma","Caddo",2670,7013,176,9859,-4343,"0%"
"Oklahoma","Canadian",16742,43550,1648,61940,-26808,"0%"
"Oklahoma","Carter",4470,14699,310,19479,-10229,"0%"
"Oklahoma","Cherokee",6027,11223,464,17714,-5196,"0%"
"Oklahoma","Choctaw",1082,4698,52,5832,-3616,"0%"
"Oklahoma","Cimarron",70,970,14,1054,-900,"0%"
"Oklahoma","Cleveland",49827,66677,3274,119778,-16850,"0%"
"Oklahoma","Coal",374,2091,59,2524,-1717,"0%"
"Oklahoma","Comanche",13747,20905,979,35631,-7158,"0%"
"Oklahoma","Cotton",393,2117,62,2572,-1724,"0%"
"Oklahoma","Craig",1217,4686,129,6032,-3469,"0%"
"Oklahoma","Creek",6577,23294,634,30505,-16717,"0%"
"Oklahoma","Custer",2369,8060,262,10691,-5691,"0%"
"Oklahoma","Delaware",3472,13557,216,17245,-10085,"0%"
"Oklahoma","Dewey",214,2124,21,2359,-1910,"0%"
"Oklahoma","Ellis",162,1688,23,1873,-1526,"0%"
"Oklahoma","Garfield",4919,16970,541,22430,-12051,"0%"
"Oklahoma","Garvin",1865,8878,179,10922,-7013,"0%"
"Oklahoma","Grady",4144,18538,419,23101,-14394,"0%"
"Oklahoma","Grant",280,1916,30,2226,-1636,"0%"
"Oklahoma","Greer",328,1605,40,1973,-1277,"0%"
"Oklahoma","Harmon",177,747,9,933,-570,"0%"
"Oklahoma","Harper",136,1327,24,1487,-1191,"0%"
"Oklahoma","Haskell",783,4165,66,5014,-3382,"0%"
"Oklahoma","Hughes",919,3875,63,4857,-2956,"0%"
"Oklahoma","Jackson",1646,6392,183,8221,-4746,"0%"
"Oklahoma","Jefferson",319,2026,40,2385,-1707,"0%"
"Oklahoma","Johnston",738,3441,72,4251,-2703,"0%"
"Oklahoma","Kay",4040,12834,375,17249,-8794,"0%"
"Oklahoma","Kingfisher",854,5521,90,6465,-4667,"0%"
"Oklahoma","Kiowa",699,2673,55,3427,-1974,"0%"
"Oklahoma","Latimer",762,3437,50,4249,-2675,"0%"
"Oklahoma","LeFlore",3299,15213,293,18805,-11914,"0%"
"Oklahoma","Lincoln",2609,12013,266,14888,-9404,"0%"
"Oklahoma","Logan",5455,15608,511,21574,-10153,"0%"
"Oklahoma","Love",711,3305,60,4076,-2594,"0%"
"Oklahoma","Major",320,3084,63,3467,-2764,"0%"
"Oklahoma","Marshall",1100,4891,73,6064,-3791,"0%"
"Oklahoma","Mayes",3581,12749,296,16626,-9168,"0%"
"Oklahoma","McClain",3582,15295,359,19236,-11713,"0%"
"Oklahoma","McCurtain",1858,9485,124,11467,-7627,"0%"
"Oklahoma","McIntosh",2031,6172,132,8335,-4141,"0%"
"Oklahoma","Murray",1156,4612,126,5894,-3456,"0%"
"Oklahoma","Muskogee",8027,16526,528,25081,-8499,"0%"
"Oklahoma","Noble",1003,3821,114,4938,-2818,"0%"
"Oklahoma","Nowata",712,3610,69,4391,-2898,"0%"
"Oklahoma","Okfuskee",896,3058,84,4038,-2162,"0%"
"Oklahoma","Oklahoma",141724,145050,7966,294740,-3326,"0%"
"Oklahoma","Okmulgee",4357,9668,288,14313,-5311,"0%"
"Oklahoma","Osage",6002,14121,415,20538,-8119,"0%"
"Oklahoma","Ottawa",2686,8545,207,11438,-5859,"0%"
"Oklahoma","Pawnee",1363,5267,156,6786,-3904,"0%"
"Oklahoma","Payne",10904,17813,926,29643,-6909,"0%"
"Oklahoma","Pittsburg",3768,13851,305,17924,-10083,"0%"
"Oklahoma","Pontotoc",4117,10805,398,15320,-6688,"0%"
"Oklahoma","Pottawatomie",7275,20240,670,28185,-12965,"0%"
"Oklahoma","Pushmataha",668,4016,55,4739,-3348,"0%"
"Oklahoma","Roger Mills",168,1629,37,1834,-1461,"0%"
"Oklahoma","Rogers",9589,34031,933,44553,-24442,"0%"
"Oklahoma","Seminole",2150,6011,176,8337,-3861,"0%"
"Oklahoma","Sequoyah",3035,12113,238,15386,-9078,"0%"
"Oklahoma","Stephens",3154,15560,343,19057,-12406,"0%"
"Oklahoma","Texas",894,4505,122,5521,-3611,"0%"
"Oklahoma","Tillman",597,2076,35,2708,-1479,"0%"
"Oklahoma","Tulsa",108996,150574,7108,266678,-41578,"0%"
"Oklahoma","Wagoner",8464,26165,709,35338,-17701,"0%"
"Oklahoma","Washington",5790,17076,635,23501,-11286,"0%"
"Oklahoma","Washita",598,4086,93,4777,-3488,"0%"
"Oklahoma","Woods",591,2993,94,3678,-2402,"0%"
"Oklahoma","Woodward",1005,6611,169,7785,-5606,"0%"
"Oregon","Baker",2346,7352,234,9932,-5006,"0%"
"Oregon","Benton",35827,14878,2094,52799,20949,"0%"
"Oregon","Clackamas",139043,110509,8127,257679,28534,"0%"
"Oregon","Clatsop",12916,10218,776,23910,2698,"0%"
"Oregon","Columbia",13835,17150,1236,32221,-3315,"0%"
"Oregon","Coos",14243,21829,1003,37075,-7586,"0%"
"Oregon","Crook",3801,11287,360,15448,-7486,"0%"
"Oregon","Curry",6058,8484,383,14925,-2426,"0%"
"Oregon","Deschutes",65962,55646,3626,125234,10316,"0%"
"Oregon","Douglas",19160,43298,1891,64349,-24138,"0%"
"Oregon","Gilliam",324,834,20,1178,-510,"0%"
"Oregon","Grant",929,3545,122,4596,-2616,"0%"
"Oregon","Harney",894,3475,112,4481,-2581,"0%"
"Oregon","Hood River",8764,3955,371,13090,4809,"0%"
"Oregon","Jackson",59478,63869,3818,127165,-4391,"0%"
"Oregon","Jefferson",4393,7189,331,11913,-2796,"0%"
"Oregon","Josephine",18451,31751,1439,51641,-13300,"0%"
"Oregon","Klamath",10388,25308,1030,36726,-14920,"0%"
"Oregon","Lake",792,3470,101,4363,-2678,"0%"
"Oregon","Lane",134366,80336,7551,222253,54030,"0%"
"Oregon","Lincoln",17385,12460,881,30726,4925,"0%"
"Oregon","Linn",26512,43486,2642,72640,-16974,"0%"
"Oregon","Malheur",3260,8187,357,11804,-4927,"0%"
"Oregon","Marion",80872,79002,5660,165534,1870,"0%"
"Oregon","Morrow",1371,3586,161,5118,-2215,"0%"
"Oregon","Multnomah",367249,82995,13415,463659,284254,"0%"
"Oregon","Polk",22917,23732,1642,48291,-815,"0%"
"Oregon","Sherman",260,921,27,1208,-661,"0%"
"Oregon","Tillamook",8066,8354,468,16888,-288,"0%"
"Oregon","Umatilla",10707,21270,1061,33038,-10563,"0%"
"Oregon","Union",4254,10298,392,14944,-6044,"0%"
"Oregon","Wallowa",1625,3404,120,5149,-1779,"0%"
"Oregon","Wasco",6604,7035,491,14130,-431,"0%"
"Oregon","Washington",209940,99073,11313,320326,110867,"0%"
"Oregon","Wheeler",217,711,37,965,-494,"0%"
"Oregon","Yamhill",27174,29551,2198,58923,-2377,"0%"
"Pennsylvania","Adams",18207,37523,984,56714,-19316,"0%"
"Pennsylvania","Allegheny",430759,282913,11128,724800,147846,"0%"
"Pennsylvania","Armstrong",8457,27489,424,36370,-19032,"0%"
"Pennsylvania","Beaver",38122,54759,1241,94122,-16637,"0%"
"Pennsylvania","Bedford",4367,23025,NA,27574,-18658,"0%"
"Pennsylvania","Berks",92895,109736,2909,205540,-16841,"0%"
"Pennsylvania","Blair",17636,45306,NA,63595,-27670,"0%"
"Pennsylvania","Bradford",8046,21600,NA,30159,-13554,"0%"
"Pennsylvania","Bucks",204712,187367,4155,396234,17345,"0%"
"Pennsylvania","Butler",37508,74359,NA,113305,-36851,"0%"
"Pennsylvania","Cambria",21730,48085,759,70574,-26355,"0%"
"Pennsylvania","Cameron",634,1771,NA,2434,-1137,"0%"
"Pennsylvania","Carbon",11212,21984,NA,33629,-10772,"0%"
"Pennsylvania","Centre",40055,36372,1066,77493,3683,"0%"
"Pennsylvania","Chester",182372,128565,4816,315753,53807,"0%"
"Pennsylvania","Clarion",4678,14578,237,19493,-9900,"0%"
"Pennsylvania","Clearfield",9673,29203,620,39496,-19530,"0%"
"Pennsylvania","Clinton",5502,11902,NA,17625,-6400,"0%"
"Pennsylvania","Columbia",10532,20098,541,31171,-9566,"0%"
"Pennsylvania","Crawford",12924,28559,521,42004,-15635,"0%"
"Pennsylvania","Cumberland",62245,77212,NA,141595,-14967,"0%"
"Pennsylvania","Dauphin",78983,66408,1977,147368,12575,"0%"
"Pennsylvania","Delaware",206423,118532,4051,329006,87891,"0%"
"Pennsylvania","Elk",4522,12140,NA,16906,-7618,"0%"
"Pennsylvania","Erie",68286,66869,1928,137083,1417,"0%"
"Pennsylvania","Fayette",20444,41227,468,62139,-20783,"0%"
"Pennsylvania","Forest",728,1882,NA,2646,-1154,"0%"
"Pennsylvania","Franklin",22422,57245,1116,80783,-34823,"0%"
"Pennsylvania","Fulton",1085,6824,68,7977,-5739,"0%"
"Pennsylvania","Greene",4911,12579,NA,17669,-7668,"0%"
"Pennsylvania","Huntingdon",5445,17061,286,22792,-11616,"0%"
"Pennsylvania","Indiana",12634,28089,475,41198,-15455,"0%"
"Pennsylvania","Jefferson",4527,17960,NA,22824,-13433,"0%"
"Pennsylvania","Juniata",2253,9649,NA,12043,-7396,"0%"
"Pennsylvania","Lackawanna",61991,52334,1085,115410,9657,"0%"
"Pennsylvania","Lancaster",115847,160209,5319,281375,-44362,"0%"
"Pennsylvania","Lawrence",15978,29597,501,46076,-13619,"0%"
"Pennsylvania","Lebanon",23932,46731,1195,71858,-22799,"0%"
"Pennsylvania","Lehigh",98288,84259,2166,184713,14029,"0%"
"Pennsylvania","Luzerne",64873,86929,1519,153321,-22056,"0%"
"Pennsylvania","Lycoming",16971,41462,NA,59254,-24491,"0%"
"Pennsylvania","McKean",5098,14083,NA,19466,-8985,"0%"
"Pennsylvania","Mercer",21067,36143,NA,57954,-15076,"0%"
"Pennsylvania","Mifflin",4603,16670,NA,21502,-12067,"0%"
"Pennsylvania","Monroe",44060,38726,1043,83829,5334,"0%"
"Pennsylvania","Montgomery",319511,185460,NA,510157,134051,"0%"
"Pennsylvania","Montour",3771,5844,202,9817,-2073,"0%"
"Pennsylvania","Northampton",85087,83854,2458,171399,1233,"0%"
"Pennsylvania","Northumberland",12677,28952,654,42283,-16275,"0%"
"Pennsylvania","Perry",5950,18293,NA,24652,-12343,"0%"
"Pennsylvania","Philadelphia",603790,132740,4847,741377,471050,"0%"
"Pennsylvania","Pike",13019,19213,322,32554,-6194,"0%"
"Pennsylvania","Potter",1726,7239,NA,9064,-5513,"0%"
"Pennsylvania","Schuylkill",20727,48871,1005,70603,-28144,"0%"
"Pennsylvania","Snyder",4910,13983,NA,19140,-9073,"0%"
"Pennsylvania","Somerset",8654,31466,423,40543,-22812,"0%"
"Pennsylvania","Sullivan",921,2619,55,3595,-1698,"0%"
"Pennsylvania","Susquehanna",6236,15207,NA,21752,-8971,"0%"
"Pennsylvania","Tioga",4955,15742,378,21075,-10787,"0%"
"Pennsylvania","Union",7475,12356,NA,20115,-4881,"0%"
"Pennsylvania","Venango",7585,18569,374,26528,-10984,"0%"
"Pennsylvania","Warren",6066,14237,347,20650,-8171,"0%"
"Pennsylvania","Washington",45088,72080,NA,118478,-26992,"0%"
"Pennsylvania","Wayne",9191,18637,NA,28089,-9446,"0%"
"Pennsylvania","Westmoreland",72129,130218,2836,205183,-58089,"0%"
"Pennsylvania","Wyoming",4704,9936,218,14858,-5232,"0%"
"Pennsylvania","York",88114,146733,NA,238471,-58619,"0%"
"Rhode Island","Bristol",18050,9745,620,28415,8305,"NA%"
"Rhode Island","Kent",49113,42001,1979,93093,7112,"NA%"
"Rhode Island","Newport",29486,15722,940,46148,13764,"NA%"
"Rhode Island","Providence",165012,102551,5104,272667,62461,"NA%"
"Rhode Island","Washington",44549,29818,1693,76060,14731,"NA%"
"South Carolina","Abbeville",4101,8215,117,12433,-4114,"0%"
"South Carolina","Aiken",32275,51589,1321,85185,-19314,"0%"
"South Carolina","Allendale",2718,835,40,3593,1883,"1%"
"South Carolina","Anderson",27169,67565,1359,96093,-40396,"0%"
"South Carolina","Bamberg",4010,2417,55,6482,1593,"0%"
"South Carolina","Barnwell",4720,5492,109,10321,-772,"0%"
"South Carolina","Beaufort",43419,53194,1222,97835,-9775,"0%"
"South Carolina","Berkeley",45223,57397,1838,104458,-12174,"0%"
"South Carolina","Calhoun",3905,4305,81,8291,-400,"0%"
"South Carolina","Charleston",121485,93297,4075,218857,28188,"0%"
"South Carolina","Cherokee",6983,18043,244,25270,-11060,"0%"
"South Carolina","Chester",6941,8660,156,15757,-1719,"0%"
"South Carolina","Chesterfield",7431,11297,148,18876,-3866,"0%"
"South Carolina","Clarendon",8250,8361,122,16733,-111,"0%"
"South Carolina","Colleton",8602,10440,241,19283,-1838,"0%"
"South Carolina","Darlington",15220,16832,365,32417,-1612,"0%"
"South Carolina","Dillon",6436,6582,83,13101,-146,"0%"
"South Carolina","Dorchester",33824,41913,1541,77278,-8089,"0%"
"South Carolina","Edgefield",4953,8184,167,13304,-3231,"0%"
"South Carolina","Fairfield",7382,4625,129,12136,2757,"0%"
"South Carolina","Florence",31153,32615,742,64510,-1462,"0%"
"South Carolina","Georgetown",15822,20487,359,36668,-4665,"0%"
"South Carolina","Greenville",103030,150021,5104,258155,-46991,"0%"
"South Carolina","Greenwood",12145,19431,430,32006,-7286,"0%"
"South Carolina","Hampton",5323,3906,76,9305,1417,"0%"
"South Carolina","Horry",59180,118821,1743,179744,-59641,"0%"
"South Carolina","Jasper",7185,7078,131,14394,107,"0%"
"South Carolina","Kershaw",12699,20471,459,33629,-7772,"0%"
"South Carolina","Lancaster",18937,30312,619,49868,-11375,"0%"
"South Carolina","Laurens",10159,20004,325,30488,-9845,"0%"
"South Carolina","Lee",5329,3008,94,8431,2321,"0%"
"South Carolina","Lexington",49301,92817,2450,144568,-43516,"0%"
"South Carolina","Marion",8872,5711,121,14704,3161,"0%"
"South Carolina","Marlboro",6290,5044,112,11446,1246,"0%"
"South Carolina","McCormick",2687,2958,52,5697,-271,"0%"
"South Carolina","Newberry",6958,11443,230,18631,-4485,"0%"
"South Carolina","Oconee",10414,29698,556,40668,-19284,"0%"
"South Carolina","Orangeburg",27295,13603,307,41205,13692,"0%"
"South Carolina","Pickens",13645,42907,994,57546,-29262,"0%"
"South Carolina","Richland",132570,58313,2939,193822,74257,"0%"
"South Carolina","Saluda",2963,6210,101,9274,-3247,"0%"
"South Carolina","Spartanburg",52926,93560,2169,148655,-40634,"0%"
"South Carolina","Sumter",27379,21000,541,48920,6379,"0%"
"South Carolina","Union",4935,8183,139,13257,-3248,"0%"
"South Carolina","Williamsburg",10289,5532,164,15985,4757,"0%"
"South Carolina","York",59008,82727,2315,144050,-23719,"0%"
"South Dakota","Aurora",317,1052,36,1405,-735,"0%"
"South Dakota","Beadle",2107,4808,166,7081,-2701,"0%"
"South Dakota","Bennett",466,694,23,1183,-228,"0%"
"South Dakota","Bon Homme",721,2235,45,3001,-1514,"0%"
"South Dakota","Brookings",6110,8000,457,14567,-1890,"0%"
"South Dakota","Brown",6538,10580,429,17547,-4042,"0%"
"South Dakota","Brule",673,1750,67,2490,-1077,"0%"
"South Dakota","Buffalo",352,183,14,549,169,"0%"
"South Dakota","Butte",939,3731,132,4802,-2792,"0%"
"South Dakota","Campbell",117,747,9,873,-630,"0%"
"South Dakota","Charles Mix",1177,2552,54,3783,-1375,"0%"
"South Dakota","Clark",437,1373,40,1850,-936,"0%"
"South Dakota","Clay",3083,2456,159,5698,627,"0%"
"South Dakota","Codington",3837,8958,366,13161,-5121,"0%"
"South Dakota","Corson",622,647,14,1283,-25,"0%"
"South Dakota","Custer",1522,3852,120,5494,-2330,"0%"
"South Dakota","Davison",2648,5613,193,8454,-2965,"0%"
"South Dakota","Day",1052,1869,43,2964,-817,"0%"
"South Dakota","Deuel",609,1699,42,2350,-1090,"0%"
"South Dakota","Dewey",1131,790,45,1966,341,"0%"
"South Dakota","Douglas",216,1468,23,1707,-1252,"0%"
"South Dakota","Edmunds",417,1538,30,1985,-1121,"0%"
"South Dakota","Fall River",1053,2878,111,4042,-1825,"0%"
"South Dakota","Faulk",198,964,20,1182,-766,"1%"
"South Dakota","Grant",1056,2618,71,3745,-1562,"0%"
"South Dakota","Gregory",455,1771,32,2258,-1316,"0%"
"South Dakota","Haakon",105,1026,6,1137,-921,"0%"
"South Dakota","Hamlin",647,2372,64,3083,-1725,"0%"
"South Dakota","Hand",373,1433,30,1836,-1060,"1%"
"South Dakota","Hanson",557,1793,38,2388,-1236,"0%"
"South Dakota","Harding",49,748,16,813,-699,"0%"
"South Dakota","Hughes",2953,5522,248,8723,-2569,"0%"
"South Dakota","Hutchinson",762,2944,61,3767,-2182,"0%"
"South Dakota","Hyde",136,564,10,710,-428,"0%"
"South Dakota","Jackson",359,738,18,1115,-379,"0%"
"South Dakota","Jerauld",270,721,15,1006,-451,"0%"
"South Dakota","Jones",90,498,11,599,-408,"0%"
"South Dakota","Kingsbury",819,1904,56,2779,-1085,"0%"
"South Dakota","Lake",2068,3681,124,5873,-1613,"0%"
"South Dakota","Lawrence",4537,8753,538,13828,-4216,"0%"
"South Dakota","Lincoln",11981,19617,798,32396,-7636,"0%"
"South Dakota","Lyman",525,1042,30,1597,-517,"0%"
"South Dakota","Marshall",858,1287,33,2178,-429,"0%"
"South Dakota","McCook",769,2068,63,2900,-1299,"0%"
"South Dakota","McPherson",222,1075,27,1324,-853,"0%"
"South Dakota","Meade",3285,9875,510,13670,-6590,"0%"
"South Dakota","Mellette",298,449,22,769,-151,"0%"
"South Dakota","Miner",320,787,31,1138,-467,"1%"
"South Dakota","Minnehaha",40482,49249,2595,92326,-8767,"0%"
"South Dakota","Moody",1179,1951,76,3206,-772,"0%"
"South Dakota","Oglala Lakota",2829,297,74,3200,2532,"0%"
"South Dakota","Pennington",20606,35063,1849,57518,-14457,"0%"
"South Dakota","Perkins",239,1401,29,1669,-1162,"0%"
"South Dakota","Potter",227,1139,14,1380,-912,"0%"
"South Dakota","Roberts",1828,2404,75,4307,-576,"0%"
"South Dakota","Sanborn",257,905,23,1185,-648,"0%"
"South Dakota","Spink",998,2104,61,3163,-1106,"0%"
"South Dakota","Stanley",421,1203,28,1652,-782,"0%"
"South Dakota","Sully",185,726,19,930,-541,"0%"
"South Dakota","Todd",1963,532,44,2539,1431,"0%"
"South Dakota","Tripp",495,2161,40,2696,-1666,"0%"
"South Dakota","Turner",1139,3290,119,4548,-2151,"0%"
"South Dakota","Union",2725,5944,186,8855,-3219,"0%"
"South Dakota","Walworth",565,1966,49,2580,-1401,"0%"
"South Dakota","Yankton",4016,6581,303,10900,-2565,"0%"
"South Dakota","Ziebach",481,404,21,906,77,"0%"
"Tennessee","Anderson",11741,23184,645,35570,-11443,"0%"
"Tennessee","Bedford",4453,14354,281,19088,-9901,"0%"
"Tennessee","Benton",1529,5668,63,7260,-4139,"0%"
"Tennessee","Bledsoe",971,4725,62,5758,-3754,"0%"
"Tennessee","Blount",17932,47369,1308,66609,-29437,"0%"
"Tennessee","Bradley",9851,35204,810,45865,-25353,"0%"
"Tennessee","Campbell",2441,12331,161,14933,-9890,"0%"
"Tennessee","Cannon",1261,5190,106,6557,-3929,"0%"
"Tennessee","Carroll",2559,9205,141,11905,-6646,"0%"
"Tennessee","Carter",4529,19584,379,24492,-15055,"0%"
"Tennessee","Cheatham",5514,14438,308,20260,-8924,"0%"
"Tennessee","Chester",1412,5952,220,7584,-4540,"0%"
"Tennessee","Claiborne",2202,10604,139,12945,-8402,"0%"
"Tennessee","Clay",735,2733,38,3506,-1998,"0%"
"Tennessee","Cocke",2533,12162,164,14859,-9629,"0%"
"Tennessee","Coffee",5705,17883,694,24282,-12178,"0%"
"Tennessee","Crockett",1382,4673,59,6114,-3291,"0%"
"Tennessee","Cumberland",6728,25168,383,32279,-18440,"0%"
"Tennessee","Davidson",199703,100218,9737,309658,99485,"0%"
"Tennessee","DeKalb",1750,6672,91,8513,-4922,"0%"
"Tennessee","Decatur",904,4229,108,5241,-3325,"0%"
"Tennessee","Dickson",6106,17643,574,24323,-11537,"0%"
"Tennessee","Dyer",3158,11768,153,15079,-8610,"0%"
"Tennessee","Fayette",7027,15690,267,22984,-8663,"0%"
"Tennessee","Fentress",1214,7441,74,8729,-6227,"0%"
"Tennessee","Franklin",4864,13987,281,19132,-9123,"0%"
"Tennessee","Gibson",5771,16259,305,22335,-10488,"0%"
"Tennessee","Giles",3298,9784,121,13203,-6486,"0%"
"Tennessee","Grainger",1467,8565,102,10134,-7098,"0%"
"Tennessee","Greene",5199,22259,629,28087,-17060,"0%"
"Tennessee","Grundy",988,4802,65,5855,-3814,"0%"
"Tennessee","Hamblen",5500,18811,320,24631,-13311,"0%"
"Tennessee","Hamilton",75522,92108,3483,171113,-16586,"0%"
"Tennessee","Hancock",362,2372,10,2744,-2010,"0%"
"Tennessee","Hardeman",4180,5760,123,10063,-1580,"0%"
"Tennessee","Hardin",1775,9559,204,11538,-7784,"0%"
"Tennessee","Hawkins",4083,20405,336,24824,-16322,"0%"
"Tennessee","Haywood",4012,3343,84,7439,669,"0%"
"Tennessee","Henderson",2092,9797,131,12020,-7705,"0%"
"Tennessee","Henry",3548,11239,260,15047,-7691,"0%"
"Tennessee","Hickman",2130,7577,125,9832,-5447,"0%"
"Tennessee","Houston",871,2718,97,3686,-1847,"0%"
"Tennessee","Humphreys",2017,6120,99,8236,-4103,"0%"
"Tennessee","Jackson",1135,4118,70,5323,-2983,"0%"
"Tennessee","Jefferson",4654,18651,311,23616,-13997,"0%"
"Tennessee","Johnson",1246,6468,87,7801,-5222,"0%"
"Tennessee","Knox",91422,124540,4594,220556,-33118,"0%"
"Tennessee","Lake",526,1492,16,2034,-966,"0%"
"Tennessee","Lauderdale",3193,5674,98,8965,-2481,"0%"
"Tennessee","Lawrence",3195,15334,189,18718,-12139,"0%"
"Tennessee","Lewis",1072,4474,63,5609,-3402,"0%"
"Tennessee","Lincoln",2919,12281,408,15608,-9362,"0%"
"Tennessee","Loudon",6948,21713,686,29347,-14765,"0%"
"Tennessee","Macon",1307,8096,84,9487,-6789,"0%"
"Tennessee","Madison",18390,23943,617,42950,-5553,"0%"
"Tennessee","Marion",3177,9911,168,13256,-6734,"0%"
"Tennessee","Marshall",3605,11043,230,14878,-7438,"0%"
"Tennessee","Maury",14418,31464,775,46657,-17046,"0%"
"Tennessee","McMinn",4361,18198,285,22844,-13837,"0%"
"Tennessee","McNairy",1943,9093,239,11275,-7150,"0%"
"Tennessee","Meigs",1008,4467,57,5532,-3459,"0%"
"Tennessee","Monroe",3764,16783,250,20797,-13019,"0%"
"Tennessee","Montgomery",32472,42187,2099,76758,-9715,"0%"
"Tennessee","Moore",573,2888,78,3539,-2315,"0%"
"Tennessee","Morgan",1167,6930,131,8228,-5763,"0%"
"Tennessee","Obion",2589,10790,142,13521,-8201,"0%"
"Tennessee","Overton",2033,7918,86,10037,-5885,"0%"
"Tennessee","Perry",615,2775,38,3428,-2160,"0%"
"Tennessee","Pickett",525,2381,25,2931,-1856,"0%"
"Tennessee","Polk",1492,6792,76,8360,-5300,"0%"
"Tennessee","Putnam",9185,23759,649,33593,-14574,"0%"
"Tennessee","Rhea",2369,11050,218,13637,-8681,"0%"
"Tennessee","Roane",6043,19230,644,25917,-13187,"0%"
"Tennessee","Robertson",8692,24536,489,33717,-15844,"0%"
"Tennessee","Rutherford",59341,81480,3057,143878,-22139,"0%"
"Tennessee","Scott",986,8004,62,9052,-7018,"0%"
"Tennessee","Sequatchie",1298,5855,99,7252,-4557,"0%"
"Tennessee","Sevier",8721,33783,1031,43535,-25062,"0%"
"Tennessee","Shelby",246105,129815,6135,382055,116290,"0%"
"Tennessee","Smith",1802,7136,113,9051,-5334,"0%"
"Tennessee","Stewart",1232,4950,114,6296,-3718,"0%"
"Tennessee","Sullivan",17272,55860,1225,74357,-38588,"0%"
"Tennessee","Sumner",27680,63454,1496,92630,-35774,"0%"
"Tennessee","Tipton",6837,20070,401,27308,-13233,"0%"
"Tennessee","Trousdale",1012,2936,50,3998,-1924,"0%"
"Tennessee","Unicoi",1615,6599,93,8307,-4984,"0%"
"Tennessee","Union",1249,6803,71,8123,-5554,"0%"
"Tennessee","Van Buren",544,2342,35,2921,-1798,"0%"
"Tennessee","Warren",4126,12323,NA,16692,-8197,"0%"
"Tennessee","Washington",18638,40444,1121,60203,-21806,"0%"
"Tennessee","Wayne",820,5795,54,6669,-4975,"0%"
"Tennessee","Weakley",3020,10396,319,13735,-7376,"0%"
"Tennessee","White",2143,9606,146,11895,-7463,"0%"
"Tennessee","Williamson",50161,86469,2386,139016,-36308,"0%"
"Tennessee","Wilson",22254,50296,1780,74330,-28042,"0%"
"Texas","Anderson",3955,15110,162,19227,-11155,"0%"
"Texas","Andrews",850,4943,70,5863,-4093,"0%"
"Texas","Angelina",9143,25076,355,34574,-15933,"0%"
"Texas","Aransas",2916,9239,135,12290,-6323,"0%"
"Texas","Archer",446,4300,50,4796,-3854,"0%"
"Texas","Armstrong",75,1035,2,1112,-960,"0%"
"Texas","Atascosa",5876,12039,203,18118,-6163,"0%"
"Texas","Austin",2951,11447,156,14554,-8496,"0%"
"Texas","Bailey",409,1434,17,1860,-1025,"0%"
"Texas","Bandera",2505,10057,153,12715,-7552,"0%"
"Texas","Bastrop",15474,20516,675,36665,-5042,"0%"
"Texas","Baylor",183,1494,25,1702,-1311,"0%"
"Texas","Bee",3288,6006,126,9420,-2718,"0%"
"Texas","Bell",57014,67893,2468,127375,-10879,"0%"
"Texas","Bexar",448452,308618,11882,768952,139834,"0%"
"Texas","Blanco",1911,5443,87,7441,-3532,"0%"
"Texas","Borden",16,397,3,416,-381,"0%"
"Texas","Bosque",1561,7469,96,9126,-5908,"0%"
"Texas","Bowie",10747,27116,398,38261,-16369,"0%"
"Texas","Brazoria",62228,90433,2323,154984,-28205,"0%"
"Texas","Brazos",35349,47530,2182,85061,-12181,"0%"
"Texas","Brewster",2258,2461,103,4822,-203,"0%"
"Texas","Briscoe",78,639,8,725,-561,"0%"
"Texas","Brooks",1470,998,16,2484,472,"0%"
"Texas","Brown",2107,13698,164,15969,-11591,"0%"
"Texas","Burleson",1788,6743,78,8609,-4955,"0%"
"Texas","Burnet",5639,18767,311,24717,-13128,"0%"
"Texas","Caldwell",6672,8031,270,14973,-1359,"0%"
"Texas","Calhoun",2148,5641,67,7856,-3493,"0%"
"Texas","Callahan",734,6012,86,6832,-5278,"0%"
"Texas","Cameron",64063,49032,1079,114174,15031,"0%"
"Texas","Camp",1394,3626,40,5060,-2232,"0%"
"Texas","Carson",297,2779,46,3122,-2482,"0%"
"Texas","Cass",2795,11033,99,13927,-8238,"0%"
"Texas","Castro",466,1602,NA,2083,-1136,"0%"
"Texas","Chambers",3997,17353,302,21652,-13356,"0%"
"Texas","Cherokee",4210,15101,NA,19508,-10891,"0%"
"Texas","Childress",310,1943,NA,2279,-1633,"0%"
"Texas","Clay",614,5069,NA,5741,-4455,"0%"
"Texas","Cochran",177,809,NA,1000,-632,"0%"
"Texas","Coke",178,1586,15,1779,-1408,"0%"
"Texas","Coleman",451,3641,32,4124,-3190,"0%"
"Texas","Collin",230945,252318,8953,492216,-21373,"0%"
"Texas","Collingsworth",155,1048,15,1218,-893,"0%"
"Texas","Colorado",2420,7472,83,9975,-5052,"0%"
"Texas","Comal",24826,62740,NA,88863,-37914,"0%"
"Texas","Comanche",853,5177,56,6086,-4324,"0%"
"Texas","Concho",197,1058,NA,1268,-861,"0%"
"Texas","Cooke",3210,15596,NA,18988,-12386,"0%"
"Texas","Coryell",7565,15438,NA,23490,-7873,"0%"
"Texas","Cottle",113,540,9,662,-427,"0%"
"Texas","Crane",241,1247,15,1503,-1006,"0%"
"Texas","Crockett",344,1220,NA,1574,-876,"0%"
"Texas","Crosby",527,1396,NA,1953,-869,"0%"
"Texas","Culberson",438,415,NA,864,23,"0%"
"Texas","Dallam",197,1389,NA,1609,-1192,"0%"
"Texas","Dallas",598576,307076,15986,921638,291500,"0%"
"Texas","Dawson",808,2951,NA,3789,-2143,"0%"
"Texas","De Witt",1494,6567,57,8118,-5073,"0%"
"Texas","Deaf Smith",1264,3294,NA,4610,-2030,"0%"
"Texas","Delta",403,2162,NA,2592,-1759,"0%"
"Texas","Denton",188695,222480,6789,417964,-33785,"0%"
"Texas","Dickens",130,853,NA,988,-723,"0%"
"Texas","Dimmit",2264,1384,NA,3666,880,"0%"
"Texas","Donley",198,1438,NA,1648,-1240,"0%"
"Texas","Duval",2575,2443,NA,5053,132,"0%"
"Texas","Eastland",983,7237,NA,8292,-6254,"0%"
"Texas","Ector",11367,32697,NA,44581,-21330,"0%"
"Texas","Edwards",168,893,NA,1066,-725,"0%"
"Texas","El Paso",178126,84331,4758,267215,93795,"0%"
"Texas","Ellis",27565,56717,1211,85493,-29152,"0%"
"Texas","Erath",2916,13684,NA,16853,-10768,"0%"
"Texas","Falls",1899,4177,NA,6133,-2278,"0%"
"Texas","Fannin",2655,12171,NA,15004,-9516,"0%"
"Texas","Fayette",2661,10171,NA,12941,-7510,"0%"
"Texas","Fisher",352,1448,NA,1826,-1096,"0%"
"Texas","Floyd",438,1584,NA,2039,-1146,"0%"
"Texas","Foard",99,445,NA,551,-346,"0%"
"Texas","Fort Bend",195552,157718,4244,357514,37834,"0%"
"Texas","Franklin",804,4161,NA,5009,-3357,"0%"
"Texas","Freestone",1635,6991,NA,8711,-5356,"0%"
"Texas","Frio",2422,2823,NA,5279,-401,"0%"
"Texas","Gaines",576,5355,NA,5995,-4779,"0%"
"Texas","Galveston",58842,93911,2307,155060,-35069,"0%"
"Texas","Garza",231,1413,NA,1653,-1182,"0%"
"Texas","Gillespie",3176,12514,NA,15846,-9338,"0%"
"Texas","Glasscock",39,611,NA,653,-572,"0%"
"Texas","Goliad",877,3085,NA,3988,-2208,"0%"
"Texas","Gonzales",1948,5627,NA,7647,-3679,"0%"
"Texas","Gray",829,6840,NA,7782,-6011,"0%"
"Texas","Grayson",14506,44163,NA,59439,-29657,"0%"
"Texas","Gregg",14796,32493,693,47982,-17697,"0%"
"Texas","Grimes",2833,9432,NA,12413,-6599,"0%"
"Texas","Guadalupe",28805,47553,NA,77592,-18748,"0%"
"Texas","Hale",2279,7177,NA,9584,-4898,"0%"
"Texas","Hall",168,995,NA,1168,-827,"0%"
"Texas","Hamilton",641,3616,NA,4349,-2975,"0%"
"Texas","Hansford",166,1849,32,2047,-1683,"0%"
"Texas","Hardeman",241,1330,NA,1580,-1089,"0%"
"Texas","Hardin",3474,23858,NA,27635,-20384,"0%"
"Texas","Harris",918193,700630,21995,1640818,217563,"0%"
"Texas","Harrison",7908,21466,NA,29710,-13558,"0%"
"Texas","Hartley",195,1868,NA,2078,-1673,"0%"
"Texas","Haskell",353,1840,NA,2214,-1487,"0%"
"Texas","Hays",59524,47680,NA,109357,11844,"0%"
"Texas","Hemphill",206,1486,28,1720,-1280,"0%"
"Texas","Henderson",7060,28911,NA,36310,-21851,"0%"
"Texas","Hidalgo",128199,90527,2158,220884,37672,"0%"
"Texas","Hill",2860,11926,NA,14931,-9066,"0%"
"Texas","Hockley",1482,6536,NA,8095,-5054,"0%"
"Texas","Hood",5648,26496,397,32541,-20848,"0%"
"Texas","Hopkins",3046,12719,NA,15939,-9673,"0%"
"Texas","Houston",2314,7060,NA,9437,-4746,"0%"
"Texas","Howard",2069,8054,NA,10240,-5985,"0%"
"Texas","Hudspeth",371,779,NA,1165,-408,"0%"
"Texas","Hunt",8906,29163,NA,38574,-20257,"0%"
"Texas","Hutchinson",965,7681,NA,8771,-6716,"0%"
"Texas","Irion",120,759,NA,889,-639,"0%"
"Texas","Jack",331,3418,NA,3782,-3087,"0%"
"Texas","Jackson",1033,5231,NA,6340,-4198,"0%"
"Texas","Jasper",2954,12542,NA,15608,-9588,"0%"
"Texas","Jeff Davis",501,784,NA,1305,-283,"0%"
"Texas","Jefferson",46073,47570,NA,94739,-1497,"0%"
"Texas","Jim Hogg",1197,833,NA,2036,364,"0%"
"Texas","Jim Wells",6119,7453,NA,13669,-1334,"0%"
"Texas","Johnson",16464,54628,NA,72005,-38164,"0%"
"Texas","Jones",999,5660,NA,6741,-4661,"0%"
"Texas","Karnes",1234,3968,NA,5249,-2734,"0%"
"Texas","Kaufman",18405,37624,NA,56703,-19219,"0%"
"Texas","Kendall",6020,20083,NA,26438,-14063,"0%"
"Texas","Kenedy",65,127,NA,194,-62,"0%"
"Texas","Kent",47,411,NA,462,-364,"0%"
"Texas","Kerr",6524,20879,342,27745,-14355,"0%"
"Texas","Kimble",284,1987,NA,2292,-1703,"0%"
"Texas","King",8,151,0,159,-143,"0%"
"Texas","Kinney",446,1144,NA,1603,-698,"0%"
"Texas","Kleberg",5314,5504,126,10944,-190,"0%"
"Texas","Knox",265,1180,NA,1456,-915,"0%"
"Texas","La Salle",1052,1335,NA,2406,-283,"0%"
"Texas","La Vaca",1333,8804,60,10197,-7471,"0%"
"Texas","Lamar",4458,16760,NA,21418,-12302,"0%"
"Texas","Lamb",840,3521,NA,4408,-2681,"0%"
"Texas","Lampasas",2144,8086,NA,10399,-5942,"0%"
"Texas","Lee",1750,6255,NA,8086,-4505,"0%"
"Texas","Leon",1072,7523,79,8674,-6451,"0%"
"Texas","Liberty",5785,23302,NA,29334,-17517,"0%"
"Texas","Limestone",2213,6789,NA,9095,-4576,"0%"
"Texas","Lipscomb",131,1205,NA,1353,-1074,"0%"
"Texas","Live Oak",819,4199,NA,5054,-3380,"0%"
"Texas","Llano",2465,10079,116,12660,-7614,"0%"
"Texas","Loving",4,60,NA,66,-56,"0%"
"Texas","Lubbock",40017,78861,NA,120771,-38844,"0%"
"Texas","Lynn",428,1853,12,2293,-1425,"0%"
"Texas","Madison",1088,4169,NA,5297,-3081,"0%"
"Texas","Marion",1339,3470,NA,4864,-2131,"0%"
"Texas","Martin",288,1857,NA,2160,-1569,"0%"
"Texas","Mason",457,1991,26,2474,-1534,"3%"
"Texas","Matagorda",3733,9845,NA,13726,-6112,"0%"
"Texas","Maverick",8332,6881,NA,15346,1451,"0%"
"Texas","McCulloch",490,2904,NA,3436,-2414,"0%"
"Texas","McLennan",36688,59543,NA,97771,-22855,"0%"
"Texas","McMullen",53,460,NA,516,-407,"0%"
"Texas","Medina",6773,15642,NA,22644,-8869,"0%"
"Texas","Menard",197,823,NA,1028,-626,"0%"
"Texas","Midland",12329,45624,NA,58856,-33295,"0%"
"Texas","Milam",2496,7984,NA,10576,-5488,"0%"
"Texas","Mills",271,2217,NA,2505,-1946,"0%"
"Texas","Mitchell",397,2170,NA,2579,-1773,"0%"
"Texas","Montague",1097,8615,NA,9814,-7518,"0%"
"Texas","Montgomery",74377,193382,NA,271451,-119005,"0%"
"Texas","Moore",1062,4359,NA,5508,-3297,"0%"
"Texas","Morris",1669,3872,NA,5587,-2203,"0%"
"Texas","Motley",46,604,NA,652,-558,"0%"
"Texas","Nacogdoches",9000,17378,NA,26763,-8378,"0%"
"Texas","Navarro",5101,13800,NA,19121,-8699,"0%"
"Texas","Newton",1173,4882,39,6094,-3709,"0%"
"Texas","Nolan",1162,4131,NA,5356,-2969,"0%"
"Texas","Nueces",60925,64617,NA,127314,-3692,"0%"
"Texas","Ochiltree",302,2812,42,3156,-2510,"0%"
"Texas","Oldham",81,917,NA,1009,-836,"0%"
"Texas","Orange",6357,29186,451,35994,-22829,"0%"
"Texas","Palo Pinto",2178,10179,NA,12485,-8001,"0%"
"Texas","Panola",2057,9326,68,11451,-7269,"0%"
"Texas","Parker",13017,62045,1066,76128,-49028,"0%"
"Texas","Parmer",488,2135,NA,2650,-1647,"0%"
"Texas","Pecos",1382,3215,NA,4668,-1833,"0%"
"Texas","Polk",5387,18573,NA,24181,-13186,"0%"
"Texas","Potter",9921,22820,NA,33321,-12899,"0%"
"Texas","Presidio",1463,721,33,2217,742,"0%"
"Texas","Rains",842,5155,NA,6053,-4313,"0%"
"Texas","Randall",12802,50796,1076,64674,-37994,"0%"
"Texas","Reagan",172,942,NA,1124,-770,"0%"
"Texas","Real",320,1643,NA,1982,-1323,"0%"
"Texas","Red River",1246,4517,NA,5806,-3271,"0%"
"Texas","Reeves",1395,2254,NA,3687,-859,"0%"
"Texas","Refugio",1108,2210,48,3366,-1102,"0%"
"Texas","Roberts",17,529,NA,550,-512,"0%"
"Texas","Robertson",2374,5646,NA,8099,-3272,"0%"
"Texas","Rockwall",16412,36726,753,53891,-20314,"7%"
"Texas","Runnels",552,3807,NA,4409,-3255,"0%"
"Texas","Rusk",4629,16534,NA,21368,-11905,"0%"
"Texas","Sabine",669,4784,NA,5487,-4115,"0%"
"Texas","San Augustine",980,3007,NA,4002,-2027,"0%"
"Texas","San Jacinto",2337,10161,NA,12638,-7824,"0%"
"Texas","San Patricio",8988,16516,NA,25888,-7528,"0%"
"Texas","San Saba",287,2308,NA,2602,-2021,"0%"
"Texas","Schleicher",211,940,NA,1159,-729,"0%"
"Texas","Scurry",818,4983,NA,5869,-4165,"0%"
"Texas","Shackelford",130,1484,14,1628,-1354,"0%"
"Texas","Shelby",2068,7975,NA,10084,-5907,"0%"
"Texas","Sherman",91,886,NA,991,-795,"0%"
"Texas","Smith",29615,69080,NA,100075,-39465,"0%"
"Texas","Somervell",768,4105,74,4947,-3337,"0%"
"Texas","Starr",9123,8247,NA,17525,876,"0%"
"Texas","Stephens",397,3385,NA,3800,-2988,"0%"
"Texas","Sterling",51,584,NA,639,-533,"0%"
"Texas","Stonewall",116,615,NA,736,-499,"0%"
"Texas","Sutton",322,1222,NA,1557,-900,"0%"
"Texas","Swisher",478,1845,NA,2355,-1367,"0%"
"Texas","Tarrant",411567,409741,13389,834697,1826,"0%"
"Texas","Taylor",14588,39547,NA,55112,-24959,"0%"
"Texas","Terrell",119,334,NA,458,-215,"0%"
"Texas","Terry",757,2812,NA,3612,-2055,"0%"
"Texas","Throckmorton",82,806,11,899,-724,"0%"
"Texas","Titus",2856,7570,NA,10539,-4714,"0%"
"Texas","Tom Green",12239,32313,658,45210,-20074,"0%"
"Texas","Travis",435860,161337,13152,610349,274523,"0%"
"Texas","Trinity",1323,5579,NA,6938,-4256,"0%"
"Texas","Tyler",1403,8194,NA,9660,-6791,"0%"
"Texas","Upshur",2877,15809,NA,18887,-12932,"0%"
"Texas","Upton",170,1178,NA,1368,-1008,"0%"
"Texas","Uvalde",4073,6174,NA,10342,-2101,"0%"
"Texas","Val Verde",6771,8284,NA,15272,-1513,"0%"
"Texas","Van Zandt",3516,22270,NA,25994,-18754,"0%"
"Texas","Victoria",10380,23358,450,34188,-12978,"0%"
"Texas","Walker",7884,15375,353,23612,-7491,"0%"
"Texas","Waller",8191,14260,NA,22734,-6069,"0%"
"Texas","Ward",764,3241,NA,4060,-2477,"0%"
"Texas","Washington",4261,12959,NA,17418,-8698,"0%"
"Texas","Webb",41820,25898,NA,68397,15922,"0%"
"Texas","Wharton",4694,11926,NA,16761,-7232,"0%"
"Texas","Wheeler",168,2159,NA,2337,-1991,"0%"
"Texas","Wichita",13161,32069,NA,46030,-18908,"0%"
"Texas","Wilbarger",956,3524,NA,4524,-2568,"0%"
"Texas","Willacy",3108,2441,0,5549,667,"0%"
"Texas","Williamson",143795,139729,NA,289312,4066,"0%"
"Texas","Wilson",6350,18463,200,25013,-12113,"0%"
"Texas","Winkler",358,1753,NA,2126,-1395,"0%"
"Texas","Wise",4973,27032,NA,32362,-22059,"0%"
"Texas","Wood",3509,19049,221,22779,-15540,"0%"
"Texas","Yoakum",420,2174,37,2631,-1754,"0%"
"Texas","Young",1034,7110,95,8239,-6076,"0%"
"Texas","Zapata",1826,2033,NA,3874,-207,"0%"
"Texas","Zavala",2864,1490,NA,4379,1374,"0%"
"Utah","Beaver",357,2695,NA,3100,-2338,"0%"
"Utah","Box Elder",4473,21548,1006,27027,-17075,"0%"
"Utah","Cache",16650,38032,2889,57571,-21382,"0%"
"Utah","Carbon",2392,6693,284,9369,-4301,"0%"
"Utah","Daggett",111,496,NA,619,-385,"0%"
"Utah","Davis",57411,104135,8349,169895,-46724,"0%"
"Utah","Duchesne",843,7513,NA,8524,-6670,"0%"
"Utah","Emery",572,4207,86,4865,-3635,"0%"
"Utah","Garfield",514,2158,NA,2732,-1644,"0%"
"Utah","Grand",2806,2248,131,5185,558,"0%"
"Utah","Iron",4892,18989,NA,24890,-14097,"0%"
"Utah","Juab",645,5087,134,5866,-4442,"0%"
"Utah","Kane",1083,2998,99,4180,-1915,"0%"
"Utah","Millard",624,5404,132,6160,-4780,"0%"
"Utah","Morgan",1086,5181,NA,6512,-4095,"0%"
"Utah","Piute",86,773,NA,871,-687,"0%"
"Utah","Rich",180,1157,NA,1363,-977,"0%"
"Utah","Salt Lake",289906,230174,21095,541175,59732,"0%"
"Utah","San Juan",3113,3535,230,6878,-422,"0%"
"Utah","Sanpete",1794,10459,378,12631,-8665,"0%"
"Utah","Sevier",1084,9052,227,10363,-7968,"0%"
"Utah","Summit",15244,10252,592,26088,4992,"0%"
"Utah","Tooele",8943,21014,1561,31518,-12071,"0%"
"Utah","Uintah",1663,13261,383,15307,-11598,"0%"
"Utah","Utah",76033,192812,15635,284480,-116779,"0%"
"Utah","Wasatch",6187,10795,599,17581,-4608,"0%"
"Utah","Washington",20530,67294,2652,90476,-46764,"0%"
"Utah","Wayne",365,1229,NA,1621,-864,"0%"
"Utah","Weber",40695,65949,4798,111442,-25254,"0%"
"Virginia","Accomack",7578,9172,212,16962,-1594,"29%"
"Virginia","Albemarle",42466,20804,1387,64657,21662,"0%"
"Virginia","Alexandria",66240,14544,1724,82508,51696,"0%"
"Virginia","Alleghany",2243,5859,101,8203,-3616,"0%"
"Virginia","Amelia",2411,5390,92,7893,-2979,"0%"
"Virginia","Amherst",5672,11041,292,17005,-5369,"0%"
"Virginia","Appomattox",2418,6702,148,9268,-4284,"0%"
"Virginia","Arlington",105344,22318,3037,130699,83026,"0%"
"Virginia","Augusta",10840,30714,724,42278,-19874,"0%"
"Virginia","Bath",646,1834,21,2501,-1188,"0%"
"Virginia","Bedford",12176,35600,893,48669,-23424,"0%"
"Virginia","Bland",532,2903,44,3479,-2371,"0%"
"Virginia","Botetourt",5700,15099,321,21120,-9399,"0%"
"Virginia","Bristol",2313,5347,146,7806,-3034,"0%"
"Virginia","Brunswick",4552,3357,39,7948,1195,"0%"
"Virginia","Buchanan",1587,8311,55,9953,-6724,"0%"
"Virginia","Buckingham",3471,4544,111,8126,-1073,"0%"
"Virginia","Buena Vista",825,1863,88,2776,-1038,"0%"
"Virginia","Campbell",8070,21245,577,29892,-13175,"0%"
"Virginia","Caroline",7657,8336,295,16288,-679,"0%"
"Virginia","Carroll",2842,12659,150,15651,-9817,"0%"
"Virginia","Charles City",2624,1761,56,4441,863,"0%"
"Virginia","Charlotte",2317,3815,59,6191,-1498,"0%"
"Virginia","Charlottesville",20696,3094,415,24205,17602,"0%"
"Virginia","Chesapeake",66377,58180,2551,127108,8197,"0%"
"Virginia","Chesterfield",106935,93326,3623,203884,13609,"0%"
"Virginia","Clarke",3920,5192,225,9337,-1272,"0%"
"Virginia","Colonial Heights",2972,6007,167,9146,-3035,"0%"
"Virginia","Covington",964,1580,59,2603,-616,"0%"
"Virginia","Craig",587,2536,46,3169,-1949,"0%"
"Virginia","Culpeper",10617,16012,487,27116,-5395,"0%"
"Virginia","Cumberland",2227,3019,64,5310,-792,"0%"
"Virginia","Danville",11710,7428,251,19389,4282,"0%"
"Virginia","Dickenson",1503,5748,52,7303,-4245,"0%"
"Virginia","Dinwiddie",6224,8695,173,15092,-2471,"0%"
"Virginia","Emporia",1612,754,15,2381,858,"0%"
"Virginia","Essex",3038,3075,65,6178,-37,"0%"
"Virginia","Fairfax",419943,168401,12479,600823,251542,"0%"
"Virginia","Fairfax City",9174,4007,302,13483,5167,"0%"
"Virginia","Falls Church",7146,1490,183,8819,5656,"0%"
"Virginia","Fauquier",17565,25106,990,43661,-7541,"0%"
"Virginia","Floyd",3004,6225,179,9408,-3221,"0%"
"Virginia","Fluvanna",7414,8155,271,15840,-741,"0%"
"Virginia","Franklin",8381,20895,426,29702,-12514,"0%"
"Virginia","Franklin City",2525,1487,46,4058,1038,"0%"
"Virginia","Frederick",17207,30558,938,48703,-13351,"0%"
"Virginia","Fredericksburg",8517,4037,308,12862,4480,"25%"
"Virginia","Galax",777,1838,23,2638,-1061,"0%"
"Virginia","Giles",2156,6876,144,9176,-4720,"0%"
"Virginia","Gloucester",6964,14875,443,22282,-7911,"0%"
"Virginia","Goochland",6685,9966,299,16950,-3281,"0%"
"Virginia","Grayson",1535,6529,67,8131,-4994,"0%"
"Virginia","Greene",4163,6866,282,11311,-2703,"0%"
"Virginia","Greensville",2627,1914,33,4574,713,"0%"
"Virginia","Halifax",7666,10418,164,18248,-2752,"0%"
"Virginia","Hampton",46220,18430,1251,65901,27790,"0%"
"Virginia","Hanover",25307,44318,1342,70967,-19011,"0%"
"Virginia","Harrisonburg",11022,5591,473,17086,5431,"0%"
"Virginia","Henrico",116572,63440,3140,183152,53132,"0%"
"Virginia","Henry",9127,16725,253,26105,-7598,"0%"
"Virginia","Highland",417,1092,24,1533,-675,"0%"
"Virginia","Hopewell",5430,4020,158,9608,1410,"0%"
"Virginia","Isle of Wight",9399,13707,350,23456,-4308,"0%"
"Virginia","James City",25553,23153,916,49622,2400,"0%"
"Virginia","King George",5404,8446,374,14224,-3042,"0%"
"Virginia","King William",3260,7320,156,10736,-4060,"0%"
"Virginia","King and Queen",1590,2450,75,4115,-860,"0%"
"Virginia","Lancaster",3368,3697,87,7152,-329,"0%"
"Virginia","Lee",1489,8365,92,9946,-6876,"0%"
"Virginia","Lexington",1791,906,65,2762,885,"0%"
"Virginia","Loudoun",138372,82088,4402,224862,56284,"0%"
"Virginia","Louisa",8269,13294,352,21915,-5025,"0%"
"Virginia","Lunenburg",2418,3537,45,6000,-1119,"0%"
"Virginia","Lynchburg",18048,17097,1218,36363,951,"0%"
"Virginia","Madison",2698,5300,131,8129,-2602,"0%"
"Virginia","Manassas",10356,6256,356,16968,4100,"0%"
"Virginia","Manassas Park",3992,1979,116,6087,2013,"0%"
"Virginia","Martinsville",3766,2165,82,6013,1601,"0%"
"Virginia","Mathews",1825,3901,100,5826,-2076,"0%"
"Virginia","Mecklenburg",6803,9266,135,16204,-2463,"12%"
"Virginia","Middlesex",2491,4196,98,6785,-1705,"0%"
"Virginia","Montgomery",23218,20629,1190,45037,2589,"0%"
"Virginia","Nelson",4327,4812,177,9316,-485,"0%"
"Virginia","New Kent",4621,9631,211,14463,-5010,"0%"
"Virginia","Newport News",53099,26377,1727,81203,26722,"0%"
"Virginia","Norfolk",64440,23443,1998,89881,40997,"0%"
"Virginia","Northampton",3667,2955,110,6732,712,"0%"
"Virginia","Northumberland",3252,4485,78,7815,-1233,"1%"
"Virginia","Norton",464,1109,28,1601,-645,"0%"
"Virginia","Nottoway",2971,4027,80,7078,-1056,"0%"
"Virginia","Orange",7995,12426,321,20742,-4431,"0%"
"Virginia","Page",3007,9345,162,12514,-6338,"0%"
"Virginia","Patrick",1954,7485,95,9534,-5531,"0%"
"Virginia","Petersburg",12389,1584,145,14118,10805,"0%"
"Virginia","Pittsylvania",10115,23751,361,34227,-13636,"0%"
"Virginia","Poquoson",2054,5605,198,7857,-3551,"0%"
"Virginia","Portsmouth",30948,12755,879,44582,18193,"0%"
"Virginia","Powhatan",5320,14055,355,19730,-8735,"0%"
"Virginia","Prince Edward",4973,4434,167,9574,539,"0%"
"Virginia","Prince George",7103,10103,226,17432,-3000,"0%"
"Virginia","Prince William",142863,81222,3971,228056,61641,"0%"
"Virginia","Pulaski",4925,12127,324,17376,-7202,"0%"
"Virginia","Radford",3358,2786,176,6320,572,"0%"
"Virginia","Rappahannock",2096,2812,70,4978,-716,"0%"
"Virginia","Richmond",1513,2547,42,4102,-1034,"0%"
"Virginia","Richmond City",92175,16603,2381,111159,75572,"0%"
"Virginia","Roanoke",21801,34268,1115,57184,-12467,"0%"
"Virginia","Roanoke City",26773,15607,943,43323,11166,"0%"
"Virginia","Rockbridge",4086,8088,199,12373,-4002,"0%"
"Virginia","Rockingham",12644,30349,818,43811,-17705,"0%"
"Virginia","Russell",2373,10879,134,13386,-8506,"0%"
"Virginia","Salem",5148,7683,220,13051,-2535,"0%"
"Virginia","Scott",1692,9063,114,10869,-7371,"0%"
"Virginia","Shenandoah",6836,16463,385,23684,-9627,"0%"
"Virginia","Smyth",3008,10963,165,14136,-7955,"0%"
"Virginia","Southampton",3969,5730,87,9786,-1761,"0%"
"Virginia","Spotsylvania",34307,39411,1599,75317,-5104,"0%"
"Virginia","Stafford",40245,37636,1744,79625,2609,"0%"
"Virginia","Staunton",6981,5695,314,12990,1286,"0%"
"Virginia","Suffolk",28676,20082,884,49642,8594,"0%"
"Virginia","Surry",2397,2025,49,4471,372,"0%"
"Virginia","Sussex",2827,2219,42,5088,608,"0%"
"Virginia","Tazewell",3205,16731,198,20134,-13526,"0%"
"Virginia","Virginia Beach",117393,105087,5081,227561,12306,"0%"
"Virginia","Warren",6603,14069,475,21147,-7466,"0%"
"Virginia","Washington",6617,21679,389,28685,-15062,"0%"
"Virginia","Waynesboro",4961,5507,249,10717,-546,"0%"
"Virginia","Westmoreland",4501,5318,114,9933,-817,"0%"
"Virginia","Williamsburg",4790,1963,130,6883,2827,"0%"
"Virginia","Winchester",6610,5221,275,12106,1389,"0%"
"Virginia","Wise",3110,13366,139,16615,-10256,"0%"
"Virginia","Wythe",3143,11733,196,15072,-8590,"0%"
"Virginia","York",17683,20241,863,38787,-2558,"0%"
"Vermont","Addison",14967,6292,763,22022,8675,"NA%"
"Vermont","Bennington",12705,7114,643,20462,5591,"NA%"
"Vermont","Caledonia",9011,6551,607,16169,2460,"NA%"
"Vermont","Chittenden",74961,21017,2937,98915,53944,"NA%"
"Vermont","Essex",1405,1773,110,3288,-368,"NA%"
"Vermont","Franklin",13611,11274,945,25830,2337,"NA%"
"Vermont","Grand Isle",2905,1810,136,4851,1095,"NA%"
"Vermont","Lamoille",10240,4163,512,14915,6077,"NA%"
"Vermont","Orange",10304,6187,631,17122,4117,"NA%"
"Vermont","Orleans",7147,6512,437,14096,635,"NA%"
"Vermont","Rutland",18230,14672,1068,33970,3558,"NA%"
"Vermont","Washington",25191,8928,1188,35307,16263,"NA%"
"Vermont","Windham",18767,6440,828,26035,12327,"NA%"
"Vermont","Windsor",23376,9971,1099,34446,13405,"NA%"
"Washington","Adams",1814,3907,141,5862,-2093,"0%"
"Washington","Asotin",4250,7319,382,11951,-3069,"0%"
"Washington","Benton",38706,60365,3962,103033,-21659,"0%"
"Washington","Chelan",19349,22746,1211,43306,-3397,"0%"
"Washington","Clallam",24721,23062,1481,49264,1659,"0%"
"Washington","Clark",140324,126303,8776,275403,14021,"0%"
"Washington","Columbia",668,1754,73,2495,-1086,"0%"
"Washington","Cowlitz",23938,34424,1918,60280,-10486,"0%"
"Washington","Douglas",7811,12955,542,21308,-5144,"0%"
"Washington","Ferry",1486,2771,110,4367,-1285,"0%"
"Washington","Franklin",13340,18039,1025,32404,-4699,"0%"
"Washington","Garfield",366,1069,54,1489,-703,"0%"
"Washington","Grant",11819,24764,1097,37680,-12945,"0%"
"Washington","Grays Harbor",17354,19877,1210,38441,-2523,"0%"
"Washington","Island",29213,22746,1966,53925,6467,"0%"
"Washington","Jefferson",17204,6931,657,24792,10273,"0%"
"Washington","King",907310,269167,34030,1210507,638143,"0%"
"Washington","Kitsap",90277,61563,6832,158672,28714,"0%"
"Washington","Kittitas",11421,14105,838,26364,-2684,"0%"
"Washington","Klickitat",5959,7237,364,13560,-1278,"0%"
"Washington","Lewis",14520,29391,1398,45309,-14871,"0%"
"Washington","Lincoln",1713,5150,170,7033,-3437,"0%"
"Washington","Mason",17269,18710,1324,37303,-1441,"0%"
"Washington","Okanogan",8900,11840,542,21282,-2940,"0%"
"Washington","Pacific",6794,6953,317,14064,-159,"0%"
"Washington","Pend Oreille",2593,5728,232,8553,-3135,"0%"
"Washington","Pierce",249506,197730,16845,464081,51776,"0%"
"Washington","San Juan",9725,3057,415,13197,6668,"0%"
"Washington","Skagit",38252,32762,2409,73423,5490,"0%"
"Washington","Skamania",3192,3885,235,7312,-693,"0%"
"Washington","Snohomish",256728,166428,15640,438796,90300,"0%"
"Washington","Spokane",135765,148576,11089,295430,-12811,"0%"
"Washington","Stevens",7839,19808,783,28430,-11969,"0%"
"Washington","Thurston",96608,65277,6249,168134,31331,"0%"
"Washington","Wahkiakum",1165,1741,75,2981,-576,"0%"
"Washington","Walla Walla",13690,16400,1171,31261,-2710,"0%"
"Washington","Whatcom",83660,50489,4471,138620,33171,"0%"
"Washington","Whitman",11184,9067,875,21126,2117,"0%"
"Washington","Yakima",43179,50555,2459,96193,-7376,"0%"
"Wisconsin","Adams",4329,7362,127,11818,-3033,"0%"
"Wisconsin","Ashland",4801,3841,115,8757,960,"0%"
"Wisconsin","Barron",9194,15803,349,25346,-6609,"0%"
"Wisconsin","Bayfield",6147,4617,116,10880,1530,"0%"
"Wisconsin","Brown",65511,75871,2635,144017,-10360,"0%"
"Wisconsin","Buffalo",2860,4834,122,7816,-1974,"0%"
"Wisconsin","Burnett",3569,6462,110,10141,-2893,"0%"
"Wisconsin","Calumet",12116,18156,502,30774,-6040,"0%"
"Wisconsin","Chippewa",13983,21317,638,35938,-7334,"0%"
"Wisconsin","Clark",4524,10002,372,14898,-5478,"0%"
"Wisconsin","Columbia",16410,16927,532,33869,-517,"0%"
"Wisconsin","Crawford",3953,4620,122,8695,-667,"0%"
"Wisconsin","Dane",260185,78800,5806,344791,181385,"0%"
"Wisconsin","Dodge",16356,31355,725,48436,-14999,"0%"
"Wisconsin","Door",10044,9752,321,20117,292,"0%"
"Wisconsin","Douglas",13218,10923,536,24677,2295,"0%"
"Wisconsin","Dunn",9897,13173,454,23524,-3276,"0%"
"Wisconsin","Eau Claire",31620,25341,1314,58275,6279,"0%"
"Wisconsin","Florence",781,2133,26,2940,-1352,"0%"
"Wisconsin","Fond du Lac",20588,35754,909,57251,-15166,"0%"
"Wisconsin","Forest",1721,3285,47,5053,-1564,"0%"
"Wisconsin","Grant",10998,14142,468,25608,-3144,"0%"
"Wisconsin","Green",10851,10169,386,21406,682,"0%"
"Wisconsin","Green Lake",3344,7168,159,10671,-3824,"0%"
"Wisconsin","Iowa",7828,5909,255,13992,1919,"0%"
"Wisconsin","Iron",1533,2438,39,4010,-905,"0%"
"Wisconsin","Jackson",4256,5791,137,10184,-1535,"0%"
"Wisconsin","Jefferson",19904,27208,867,47979,-7304,"0%"
"Wisconsin","Juneau",4746,8749,214,13709,-4003,"0%"
"Wisconsin","Kenosha",42193,44972,1573,88738,-2779,"0%"
"Wisconsin","Kewaunee",3976,7927,192,12095,-3951,"0%"
"Wisconsin","La Crosse",37846,28684,1354,67884,9162,"0%"
"Wisconsin","Lafayette",3647,4821,87,8555,-1174,"0%"
"Wisconsin","Langlade",3704,7330,131,11165,-3626,"0%"
"Wisconsin","Lincoln",6261,10017,219,16497,-3756,"0%"
"Wisconsin","Manitowoc",16818,27218,793,44829,-10400,"0%"
"Wisconsin","Marathon",30808,44624,1319,76751,-13816,"0%"
"Wisconsin","Marinette",7366,15304,309,22979,-7938,"0%"
"Wisconsin","Marquette",3239,5719,107,9065,-2480,"0%"
"Wisconsin","Menominee",1303,278,9,1590,1025,"0%"
"Wisconsin","Milwaukee",317270,134357,7344,458971,182913,"0%"
"Wisconsin","Monroe",8433,13775,403,22611,-5342,"0%"
"Wisconsin","Oconto",6715,16226,274,23215,-9511,"0%"
"Wisconsin","Oneida",10105,13671,383,24159,-3566,"0%"
"Wisconsin","Outagamie",47667,58385,1970,108022,-10718,"0%"
"Wisconsin","Ozaukee",26517,33912,1057,61486,-7395,"0%"
"Wisconsin","Pepin",1489,2584,71,4144,-1095,"0%"
"Wisconsin","Pierce",9796,12815,706,23317,-3019,"1%"
"Wisconsin","Polk",9370,16611,390,26371,-7241,"0%"
"Wisconsin","Portage",20428,19299,876,40603,1129,"0%"
"Wisconsin","Price",3032,5394,120,8546,-2362,"0%"
"Wisconsin","Racine",50159,54479,1813,106451,-4320,"0%"
"Wisconsin","Richland",3995,4871,148,9014,-876,"0%"
"Wisconsin","Rock",46658,37138,1564,85360,9520,"0%"
"Wisconsin","Rusk",2517,5257,112,7886,-2740,"0%"
"Wisconsin","Sauk",18108,17493,602,36203,615,"0%"
"Wisconsin","Sawyer",4498,5909,103,10510,-1411,"0%"
"Wisconsin","Shawano",7131,15173,311,22615,-8042,"0%"
"Wisconsin","Sheboygan",27101,37609,1301,66011,-10508,"0%"
"Wisconsin","St. Croix",23190,32199,1318,56707,-9009,"0%"
"Wisconsin","Taylor",2693,7657,336,10686,-4964,"0%"
"Wisconsin","Trempealeau",6285,8833,262,15380,-2548,"0%"
"Wisconsin","Vernon",7457,8218,248,15923,-761,"0%"
"Wisconsin","Vilas",5903,9261,205,15369,-3358,"0%"
"Wisconsin","Walworth",22789,33851,960,57600,-11062,"0%"
"Wisconsin","Washburn",3867,6334,177,10378,-2467,"0%"
"Wisconsin","Washington",26650,60237,1183,88070,-33587,"0%"
"Wisconsin","Waukesha",103906,159649,4441,267996,-55743,"0%"
"Wisconsin","Waupaca",9703,18952,475,29130,-9249,"0%"
"Wisconsin","Waushara",4388,9016,164,13568,-4628,"0%"
"Wisconsin","Winnebago",44060,47796,2176,94032,-3736,"0%"
"Wisconsin","Wood",16365,24308,625,41298,-7943,"0%"
"West Virginia","Barbour",1457,5116,NA,6677,-3659,"0%"
"West Virginia","Berkeley",17186,33279,NA,51535,-16093,"0%"
"West Virginia","Boone",2041,6816,155,9012,-4775,"0%"
"West Virginia","Braxton",1457,4120,NA,5664,-2663,"0%"
"West Virginia","Brooke",2947,7545,NA,10656,-4598,"0%"
"West Virginia","Cabell",14994,21721,NA,37360,-6727,"0%"
"West Virginia","Calhoun",568,2364,NA,2971,-1796,"0%"
"West Virginia","Clay",641,2679,NA,3365,-2038,"0%"
"West Virginia","Doddridge",435,2619,47,3101,-2184,"0%"
"West Virginia","Fayette",5063,11580,219,16862,-6517,"0%"
"West Virginia","Gilmer",599,2012,51,2662,-1413,"0%"
"West Virginia","Grant",607,4871,31,5509,-4264,"0%"
"West Virginia","Greenbrier",4655,10925,NA,15850,-6270,"0%"
"West Virginia","Hampshire",1939,8033,NA,10086,-6094,"0%"
"West Virginia","Hancock",3790,9806,204,13800,-6016,"0%"
"West Virginia","Hardy",1381,4859,NA,6331,-3478,"0%"
"West Virginia","Harrison",9215,20683,567,30465,-11468,"0%"
"West Virginia","Jackson",3207,10093,208,13508,-6886,"0%"
"West Virginia","Jefferson",12127,15033,NA,27703,-2906,"0%"
"West Virginia","Kanawha",34344,46398,1502,82244,-12054,"0%"
"West Virginia","Lewis",1538,5782,137,7457,-4244,"0%"
"West Virginia","Lincoln",1711,6012,NA,7830,-4301,"0%"
"West Virginia","Logan",2333,10534,159,13026,-8201,"0%"
"West Virginia","Marion",8901,16300,NA,25794,-7399,"0%"
"West Virginia","Marshall",3455,10435,190,14080,-6980,"0%"
"West Virginia","Mason",2526,8491,NA,11203,-5965,"0%"
"West Virginia","McDowell",1333,5148,46,6527,-3815,"0%"
"West Virginia","Mercer",5556,19237,341,25134,-13681,"0%"
"West Virginia","Mineral",2660,10040,NA,12872,-7380,"0%"
"West Virginia","Mingo",1397,8544,81,10022,-7147,"0%"
"West Virginia","Monongalia",20282,20803,NA,42072,-521,"0%"
"West Virginia","Monroe",1345,5068,NA,6490,-3723,"0%"
"West Virginia","Morgan",1998,6537,NA,8695,-4539,"0%"
"West Virginia","Nicholas",2226,8279,NA,10630,-6053,"0%"
"West Virginia","Ohio",7223,12354,NA,19898,-5131,"0%"
"West Virginia","Pendleton",820,2782,NA,3659,-1962,"0%"
"West Virginia","Pleasants",699,2742,NA,3491,-2043,"0%"
"West Virginia","Pocahontas",1047,2895,66,4008,-1848,"0%"
"West Virginia","Preston",3163,11190,NA,14572,-8027,"0%"
"West Virginia","Putnam",7878,20034,NA,28501,-12156,"0%"
"West Virginia","Raleigh",7982,24673,NA,33106,-16691,"0%"
"West Virginia","Randolph",3362,8673,165,12200,-5311,"0%"
"West Virginia","Ritchie",586,3649,48,4283,-3063,"0%"
"West Virginia","Roane",1455,4213,NA,5763,-2758,"0%"
"West Virginia","Summers",1448,4074,NA,5585,-2626,"0%"
"West Virginia","Taylor",1796,5477,NA,7383,-3681,"0%"
"West Virginia","Tucker",938,2841,NA,3844,-1903,"0%"
"West Virginia","Tyler",631,3226,65,3922,-2595,"0%"
"West Virginia","Upshur",2256,7771,NA,10221,-5515,"0%"
"West Virginia","Wayne",4088,12585,274,16947,-8497,"0%"
"West Virginia","Webster",610,2759,NA,3402,-2149,"0%"
"West Virginia","Wetzel",1539,4993,135,6667,-3454,"0%"
"West Virginia","Wirt",466,2134,NA,2653,-1668,"0%"
"West Virginia","Wood",10926,27202,634,38762,-16276,"0%"
"West Virginia","Wyoming",1157,7353,82,8592,-6196,"0%"
"Wyoming","Albany",9092,8579,946,18617,513,"0%"
"Wyoming","Big Horn",788,4806,158,5752,-4018,"0%"
"Wyoming","Campbell",1935,16975,656,19566,-15040,"0%"
"Wyoming","Carbon",1427,5014,223,6664,-3587,"0%"
"Wyoming","Converse",861,5917,192,6970,-5056,"0%"
"Wyoming","Crook",378,3651,90,4119,-3273,"0%"
"Wyoming","Fremont",5519,12007,585,18111,-6488,"0%"
"Wyoming","Goshen",1203,4878,160,6241,-3675,"0%"
"Wyoming","Hot Springs",482,1999,96,2577,-1517,"0%"
"Wyoming","Johnson",897,3881,136,4914,-2984,"0%"
"Wyoming","Laramie",15217,27891,1874,44982,-12674,"0%"
"Wyoming","Lincoln",1509,8643,316,10468,-7134,"0%"
"Wyoming","Natrona",8530,25271,1401,35202,-16741,"0%"
"Wyoming","Niobrara",155,1118,35,1308,-963,"0%"
"Wyoming","Park",3410,12813,494,16717,-9403,"0%"
"Wyoming","Platte",890,3898,135,4923,-3008,"0%"
"Wyoming","Sheridan",4043,11843,542,16428,-7800,"0%"
"Wyoming","Sublette",882,3957,131,4970,-3075,"0%"
"Wyoming","Sweetwater",3823,12229,551,16603,-8406,"0%"
"Wyoming","Teton",9848,4341,488,14677,5507,"0%"
"Wyoming","Uinta",1591,7496,315,9402,-5905,"0%"
"Wyoming","Washakie",651,3245,116,4012,-2594,"0%"
"Wyoming","Weston",360,3107,75,3542,-2747,"0%"
