"state","name","dem","rep","other","totalvotes","margin","remainingvote"
"Alaska","ED 1",3476,3509,326,7311,-33,"4%"
"Alaska","ED 10",2724,8069,397,11190,-5345,"0%"
"Alaska","ED 11",3129,7092,402,10623,-3963,"5%"
"Alaska","ED 12",2954,7871,388,11213,-4917,"0%"
"Alaska","ED 13",2663,4649,395,7707,-1986,"0%"
"Alaska","ED 14",4260,6711,466,11437,-2451,"5%"
"Alaska","ED 15",2614,2658,266,5538,-44,"3%"
"Alaska","ED 16",4273,3519,329,8121,754,"5%"
"Alaska","ED 17",4095,2774,290,7159,1321,"8%"
"Alaska","ED 18",4679,2754,278,7711,1925,"9%"
"Alaska","ED 19",3115,1971,208,5294,1144,"4%"
"Alaska","ED 2",2102,3671,358,6131,-1569,"3%"
"Alaska","ED 20",4834,2350,226,7410,2484,"10%"
"Alaska","ED 21",5409,3685,325,9419,1724,"5%"
"Alaska","ED 22",4541,4662,281,9484,-121,"1%"
"Alaska","ED 23",3796,3636,273,7705,160,"3%"
"Alaska","ED 24",4734,5374,314,10422,-640,"2%"
"Alaska","ED 25",4592,4385,317,9294,207,"1%"
"Alaska","ED 26",4557,5241,310,10108,-684,"1%"
"Alaska","ED 27",4843,4319,337,9499,524,"6%"
"Alaska","ED 28",6259,6154,323,12736,105,"3%"
"Alaska","ED 29",2984,7455,298,10737,-4471,"1%"
"Alaska","ED 3",1902,6070,403,8375,-4168,"4%"
"Alaska","ED 30",2637,7182,358,10177,-4545,"1%"
"Alaska","ED 31",5032,6956,401,12389,-1924,"0%"
"Alaska","ED 32",3496,4429,388,8313,-933,"3%"
"Alaska","ED 33",7534,3058,360,10952,4476,"4%"
"Alaska","ED 34",5762,4542,423,10727,1220,"1%"
"Alaska","ED 35",5010,4768,322,10100,242,"3%"
"Alaska","ED 36",3795,5112,382,9289,-1317,"2%"
"Alaska","ED 37",2522,2324,220,5066,198,"13%"
"Alaska","ED 38",3202,1737,360,5299,1465,"10%"
"Alaska","ED 39",3550,1896,365,5811,1654,"10%"
"Alaska","ED 4",5769,4660,464,10893,1109,"1%"
"Alaska","ED 40",2308,1993,289,4590,315,"13%"
"Alaska","ED 5",4203,4077,373,8653,126,"5%"
"Alaska","ED 6",3264,5750,416,9430,-2486,"3%"
"Alaska","ED 7",2212,7023,379,9614,-4811,"0%"
"Alaska","ED 8",1952,7590,341,9883,-5638,"0%"
"Alaska","ED 9",2768,7781,437,10986,-5013,"0%"
"Alabama","Autauga",7450,19764,425,27639,-12314,"0%"
"Alabama","Baldwin",24344,83055,1546,108945,-58711,"0%"
"Alabama","Barbour",4772,5605,80,10457,-833,"0%"
"Alabama","Bibb",1982,7508,83,9573,-5526,"0%"
"Alabama","Blount",2627,24595,237,27459,-21968,"0%"
"Alabama","Bullock",3439,1143,21,4603,2296,"0%"
"Alabama","Butler",3953,5448,65,9466,-1495,"0%"
"Alabama","Calhoun",15118,34964,661,50743,-19846,"0%"
"Alabama","Chambers",6356,8748,165,15269,-2392,"0%"
"Alabama","Cherokee",1619,10562,94,12275,-8943,"0%"
"Alabama","Chilton",3056,16052,152,19260,-12996,"2%"
"Alabama","Choctaw",3126,4294,41,7461,-1168,"0%"
"Alabama","Clarke",5730,7310,62,13102,-1580,"0%"
"Alabama","Clay",1262,5589,62,6913,-4327,"0%"
"Alabama","Cleburne",672,6472,66,7210,-5800,"0%"
"Alabama","Coffee",5050,16832,298,22180,-11782,"0%"
"Alabama","Colbert",7057,17311,300,24668,-10254,"0%"
"Alabama","Conecuh",2951,3435,33,6419,-484,"0%"
"Alabama","Coosa",1794,3626,52,5472,-1832,"0%"
"Alabama","Covington",2717,14579,122,17418,-11862,"0%"
"Alabama","Crenshaw",1700,4864,53,6617,-3164,"0%"
"Alabama","Cullman",4454,36804,493,41751,-32350,"0%"
"Alabama","Dale",5154,14281,264,19699,-9127,"0%"
"Alabama","Dallas",12228,5523,110,17861,6705,"6%"
"Alabama","DeKalb",4271,24744,307,29322,-20473,"0%"
"Alabama","Elmore",10304,30089,498,40891,-19785,"0%"
"Alabama","Escambia",4894,10844,123,15861,-5950,"0%"
"Alabama","Etowah",11487,35343,630,47460,-23856,"0%"
"Alabama","Fayette",1390,7295,71,8756,-5905,"0%"
"Alabama","Franklin",2085,10364,115,12564,-8279,"0%"
"Alabama","Geneva",1592,10844,102,12538,-9252,"0%"
"Alabama","Greene",3880,875,16,4771,3005,"1%"
"Alabama","Hale",4687,3190,45,7922,1497,"0%"
"Alabama","Henry",2589,6593,84,9266,-4004,"0%"
"Alabama","Houston",12738,32384,628,45750,-19646,"0%"
"Alabama","Jackson",3709,19644,249,23602,-15935,"0%"
"Alabama","Jefferson",180936,138443,5296,324675,42493,"0%"
"Alabama","Lamar",978,6168,41,7187,-5190,"0%"
"Alabama","Lauderdale",11872,31578,699,44149,-19706,"0%"
"Alabama","Lawrence",3544,12266,147,15957,-8722,"0%"
"Alabama","Lee",27600,42019,1361,70980,-14419,"0%"
"Alabama","Limestone",13510,34337,907,48754,-20827,"1%"
"Alabama","Lowndes",4968,1835,27,6830,3133,"0%"
"Alabama","Macon",7084,1539,74,8697,5545,"0%"
"Alabama","Madison",86885,102395,4675,193955,-15510,"1%"
"Alabama","Marengo",5476,5337,69,10882,139,"0%"
"Alabama","Marion",1457,12190,139,13786,-10733,"0%"
"Alabama","Marshall",5880,33094,518,39492,-27214,"0%"
"Alabama","Mobile",78754,100605,2424,181783,-21851,"7%"
"Alabama","Monroe",4425,6129,66,10620,-1704,"0%"
"Alabama","Montgomery",64065,33122,1289,98476,30943,"0%"
"Alabama","Morgan",13159,39504,819,53482,-26345,"1%"
"Alabama","Perry",3849,1336,30,5215,2513,"0%"
"Alabama","Pickens",4017,5590,52,9659,-1573,"0%"
"Alabama","Pike",5613,8020,163,13796,-2407,"0%"
"Alabama","Randolph",2203,8548,73,10824,-6345,"0%"
"Alabama","Russell",11078,9796,234,21108,1282,"0%"
"Alabama","Shelby",33036,79428,1975,114439,-46392,"0%"
"Alabama","St. Clair",7698,36119,529,44346,-28421,"0%"
"Alabama","Sumter",4639,1598,45,6282,3041,"0%"
"Alabama","Talladega",13092,22210,289,35591,-9118,"0%"
"Alabama","Tallapoosa",5815,14905,168,20888,-9090,"0%"
"Alabama","Tuscaloosa",37514,50961,1285,89760,-13447,"3%"
"Alabama","Walker",4826,25947,333,31106,-21121,"1%"
"Alabama","Washington",2253,6554,54,8861,-4301,"0%"
"Alabama","Wilcox",4036,1826,22,5884,2210,"1%"
"Alabama","Winston",974,10187,112,11273,-9213,"0%"
"Arkansas","Arkansas",1818,4304,170,6292,-2486,"6%"
"Arkansas","Ashley",2125,5548,253,7926,-3423,"0%"
"Arkansas","Baxter",4635,15836,536,21007,-11201,"5%"
"Arkansas","Benton",42249,73965,3698,119912,-31716,"0%"
"Arkansas","Boone",3064,13652,398,17114,-10588,"0%"
"Arkansas","Bradley",1214,2335,105,3654,-1121,"3%"
"Arkansas","Calhoun",479,1636,67,2182,-1157,"7%"
"Arkansas","Carroll",4023,7424,350,11797,-3401,"0%"
"Arkansas","Chicot",2260,1752,91,4103,508,"16%"
"Arkansas","Clark",3438,4616,341,8395,-1178,"0%"
"Arkansas","Clay",962,4086,135,5183,-3124,"3%"
"Arkansas","Cleburne",1988,10328,364,12680,-8340,"0%"
"Arkansas","Cleveland",651,2867,82,3600,-2216,"0%"
"Arkansas","Columbia",2814,5500,302,8616,-2686,"0%"
"Arkansas","Conway",2615,5694,376,8685,-3079,"0%"
"Arkansas","Craighead",11921,25558,1032,38511,-13637,"0%"
"Arkansas","Crawford",4959,18607,525,24091,-13648,"4%"
"Arkansas","Crittenden",8514,7333,520,16367,1181,"13%"
"Arkansas","Cross",1772,4946,224,6942,-3174,"2%"
"Arkansas","Dallas",963,1573,113,2649,-610,"23%"
"Arkansas","Desha",2016,1921,227,4164,95,"16%"
"Arkansas","Drew",2426,4349,133,6908,-1923,"0%"
"Arkansas","Faulkner",18347,34421,1660,54428,-16074,"0%"
"Arkansas","Franklin",1300,5677,152,7129,-4377,"0%"
"Arkansas","Fulton",1035,3961,123,5119,-2926,"0%"
"Arkansas","Garland",14045,29069,1085,44199,-15024,"3%"
"Arkansas","Grant",1268,6794,138,8200,-5526,"0%"
"Arkansas","Greene",3045,12651,370,16066,-9606,"2%"
"Arkansas","Hempstead",2138,4470,240,6848,-2332,"6%"
"Arkansas","Hot Spring",3082,9202,273,12557,-6120,"6%"
"Arkansas","Howard",1340,3367,127,4834,-2027,"0%"
"Arkansas","Independence",2806,11250,456,14512,-8444,"0%"
"Arkansas","Izard",1021,4631,158,5810,-3610,"0%"
"Arkansas","Jackson",1365,3593,133,5091,-2228,"0%"
"Arkansas","Jefferson",14882,9500,648,25030,5382,"18%"
"Arkansas","Johnson",2283,6938,277,9498,-4655,"0%"
"Arkansas","Lafayette",839,1757,83,2679,-918,"18%"
"Arkansas","Lawrence",1080,4569,208,5857,-3489,"0%"
"Arkansas","Lee",1423,1286,139,2848,137,"26%"
"Arkansas","Lincoln",1032,2729,114,3875,-1697,"0%"
"Arkansas","Little River",1226,3715,236,5177,-2489,"0%"
"Arkansas","Logan",1544,6441,240,8225,-4897,"0%"
"Arkansas","Lonoke",6686,22884,1092,30662,-16198,"0%"
"Arkansas","Madison",1563,5658,130,7351,-4095,"0%"
"Arkansas","Marion",1531,5783,189,7503,-4252,"0%"
"Arkansas","Miller",4245,11920,364,16529,-7675,"8%"
"Arkansas","Mississippi",4542,7262,483,12287,-2720,"11%"
"Arkansas","Monroe",1147,1545,124,2816,-398,"22%"
"Arkansas","Montgomery",731,3046,96,3873,-2315,"0%"
"Arkansas","Nevada",775,1275,69,2119,-500,"37%"
"Arkansas","Newton",709,3192,97,3998,-2483,"0%"
"Arkansas","Ouachita",3995,5294,340,9629,-1299,"17%"
"Arkansas","Perry",1012,3479,136,4627,-2467,"0%"
"Arkansas","Phillips",3623,2417,202,6242,1206,"0%"
"Arkansas","Pike",644,3519,83,4246,-2875,"0%"
"Arkansas","Poinsett",1424,5918,179,7521,-4494,"6%"
"Arkansas","Polk",1246,7035,209,8490,-5789,"0%"
"Arkansas","Pope",5772,18081,579,24432,-12309,"3%"
"Arkansas","Prairie",654,2786,55,3495,-2132,"2%"
"Arkansas","Pulaski",101947,63687,4322,169956,38260,"5%"
"Arkansas","Randolph",1215,5355,242,6812,-4140,"0%"
"Arkansas","Saint Francis",3604,3242,262,7108,362,"24%"
"Arkansas","Saline",16060,39556,1343,56959,-23496,"0%"
"Arkansas","Scott",483,2962,106,3551,-2479,"5%"
"Arkansas","Searcy",588,3365,66,4019,-2777,"0%"
"Arkansas","Sebastian",14487,31198,1455,47140,-16711,"6%"
"Arkansas","Sevier",1116,3884,202,5202,-2768,"0%"
"Arkansas","Sharp",1398,5938,230,7566,-4540,"0%"
"Arkansas","Stone",1180,4616,142,5938,-3436,"0%"
"Arkansas","Union",5584,10478,545,16607,-4894,"6%"
"Arkansas","Van Buren",1593,6034,180,7807,-4441,"0%"
"Arkansas","Washington",43824,47504,2938,94266,-3680,"0%"
"Arkansas","White",5978,24182,725,30885,-18204,"2%"
"Arkansas","Woodruff",856,1543,77,2476,-687,"11%"
"Arkansas","Yell",1284,5226,231,6741,-3942,"0%"
"Arizona","Apache",23293,11442,NA,35172,11851,"0%"
"Arizona","Cochise",23732,35557,NA,60442,-11825,"0%"
"Arizona","Coconino",44698,27052,NA,73272,17646,"0%"
"Arizona","Gila",8943,18377,NA,27662,-9434,"0%"
"Arizona","Graham",4034,10749,NA,14995,-6715,"0%"
"Arizona","Greenlee",1182,2433,NA,3685,-1251,"0%"
"Arizona","La Paz",2236,5129,NA,7458,-2893,"0%"
"Arizona","Maricopa",1040774,995665,NA,2068144,45109,"0%"
"Arizona","Mohave",24831,78535,NA,104668,-53704,"0%"
"Arizona","Navajo",23383,27657,NA,51767,-4274,"0%"
"Arizona","Pima",304981,207758,NA,520397,97223,"0%"
"Arizona","Pinal",75106,107077,3342,185525,-31971,"0%"
"Arizona","Santa Cruz",13138,6194,NA,19556,6944,"0%"
"Arizona","Yavapai",49602,91527,NA,143221,-41925,"0%"
"Arizona","Yuma",32210,36534,NA,69881,-4324,"0%"
"California","Alameda",617486,136238,NA,769617,481248,"0%"
"California","Alpine",473,238,25,736,235,"0%"
"California","Amador",8153,13585,NA,22302,-5432,"0%"
"California","Butte",50416,48723,NA,102024,1693,"6%"
"California","Calaveras",9845,16287,NA,26717,-6442,"0%"
"California","Colusa",3218,4539,NA,7919,-1321,"0%"
"California","Contra Costa",415573,152497,NA,579996,263076,"0%"
"California","Del Norte",4659,6444,NA,11416,-1785,"0%"
"California","El Dorado",51606,61820,NA,116101,-10214,"0%"
"California","Fresno",192118,163880,NA,363271,28238,"0%"
"California","Glenn",3939,7000,NA,11170,-3061,"0%"
"California","Humboldt",43633,21069,NA,66914,22564,"1%"
"California","Imperial",32165,18720,NA,51966,13445,"5%"
"California","Inyo",4623,4611,NA,9460,12,"0%"
"California","Kern",128957,159846,NA,295916,-30889,"0%"
"California","Kings",17898,23372,NA,42315,-5474,"0%"
"California","Lake",6874,3955,NA,11038,2919,"60%"
"California","Lassen",2775,8814,NA,11800,-6039,"3%"
"California","Los Angeles",3020546,1142225,NA,4251487,1878321,"0%"
"California","Madera",23154,29361,NA,53690,-6207,"0%"
"California","Marin",128262,24610,NA,155771,103652,"2%"
"California","Mariposa",4088,5950,NA,10280,-1862,"0%"
"California","Mendocino",18303,6312,NA,25171,11991,"41%"
"California","Merced",48685,39132,NA,89953,9553,"0%"
"California","Modoc",1150,3109,NA,4338,-1959,"4%"
"California","Mono",4013,2513,NA,6737,1500,"0%"
"California","Monterey",113893,46274,NA,163797,67619,"0%"
"California","Napa",46962,19388,NA,67847,27574,"3%"
"California","Nevada",36332,26753,NA,64683,9579,"0%"
"California","Orange",813918,676430,NA,1521562,137488,"0%"
"California","Placer",103942,118709,NA,228108,-14767,"0%"
"California","Plumas",4465,6247,238,10950,-1782,"4%"
"California","Riverside",524445,445461,NA,989262,78984,"0%"
"California","Sacramento",436059,255577,NA,709436,180482,"0%"
"California","San Benito",17315,10412,NA,28317,6903,"0%"
"California","San Bernardino",447924,359658,NA,825978,88266,"0%"
"California","San Diego",963797,599539,NA,1600272,364258,"0%"
"California","San Francisco",377772,56329,NA,442969,321443,"4%"
"California","San Joaquin",152722,114039,NA,272536,38683,"0%"
"California","San Luis Obispo",87491,66661,NA,158035,20830,"0%"
"California","San Mateo",290901,75404,NA,373374,215497,"0%"
"California","Santa Barbara",126419,63583,NA,194378,62836,"4%"
"California","Santa Clara",617824,214538,NA,850297,403286,"0%"
"California","Santa Cruz",113487,26688,NA,143757,86799,"2%"
"California","Shasta",29312,58886,NA,90225,-29574,"1%"
"California","Sierra",730,1142,NA,1930,-412,"7%"
"California","Siskiyou",9591,13288,NA,23446,-3697,"0%"
"California","Solano",131571,69263,NA,205716,62308,"0%"
"California","Sonoma",199929,61821,NA,268238,138108,"0%"
"California","Stanislaus",105028,103189,NA,213057,1839,"0%"
"California","Sutter",17364,24372,NA,42634,-7008,"0%"
"California","Tehama",8802,18865,NA,28319,-10063,"0%"
"California","Trinity",2848,3185,NA,6252,-337,"4%"
"California","Tulare",65056,76315,3077,144448,-11259,"0%"
"California","Tuolumne",11808,17302,NA,29820,-5494,"0%"
"California","Ventura",250784,161773,NA,421612,89011,"0%"
"California","Yolo",58328,22422,NA,82624,35906,"12%"
"California","Yuba",10343,16210,NA,27329,-5867,"0%"
"Colorado","Adams",134202,95657,NA,236735,38545,"0%"
"Colorado","Alamosa",3759,3813,NA,7808,-54,"0%"
"Colorado","Arapahoe",213673,127356,NA,350283,86317,"0%"
"Colorado","Archuleta",3738,5189,NA,9144,-1451,"0%"
"Colorado","Baca",317,1867,NA,2225,-1550,"0%"
"Colorado","Bent",732,1503,NA,2274,-771,"0%"
"Colorado","Boulder",159089,42501,NA,206111,116588,"0%"
"Colorado","Broomfield",29077,16295,NA,46632,12782,"0%"
"Colorado","Chaffee",7160,6222,335,13717,938,"0%"
"Colorado","Cheyenne",131,993,NA,1136,-862,"0%"
"Colorado","Clear Creek",3604,2754,NA,6548,850,"0%"
"Colorado","Conejos",1959,2286,NA,4333,-327,"0%"
"Colorado","Costilla",1311,741,NA,2094,570,"0%"
"Colorado","Crowley",437,1271,NA,1750,-834,"0%"
"Colorado","Custer",1111,2471,NA,3630,-1360,"0%"
"Colorado","Delta",5887,13081,NA,19370,-7194,"0%"
"Colorado","Denver",313292,71617,NA,393824,241675,"0%"
"Colorado","Dolores",341,1089,NA,1449,-748,"0%"
"Colorado","Douglas",104653,121270,5676,231599,-16617,"0%"
"Colorado","Eagle",18588,9891,NA,29139,8697,"0%"
"Colorado","El Paso",161636,202560,NA,378234,-40924,"0%"
"Colorado","Elbert",4490,14027,NA,18983,-9537,"0%"
"Colorado","Fremont",7369,17517,NA,25557,-10148,"0%"
"Colorado","Garfield",15427,14717,NA,30904,710,"0%"
"Colorado","Gilpin",2222,1833,NA,4185,389,"0%"
"Colorado","Grand",4709,4883,NA,9869,-174,"0%"
"Colorado","Gunnison",6976,3599,312,10887,3377,"0%"
"Colorado","Hinsdale",255,353,NA,632,-98,"0%"
"Colorado","Huerfano",2076,2203,NA,4406,-127,"0%"
"Colorado","Jackson",175,681,NA,876,-506,"0%"
"Colorado","Jefferson",218396,148417,NA,377357,69979,"0%"
"Colorado","Kiowa",98,795,NA,903,-697,"0%"
"Colorado","Kit Carson",662,3143,NA,3870,-2481,"0%"
"Colorado","La Plata",20548,14233,NA,35667,6315,"0%"
"Colorado","Lake",2303,1497,NA,3961,806,"0%"
"Colorado","Larimer",126120,91489,NA,224338,34631,"0%"
"Colorado","Las Animas",3497,4284,NA,7961,-787,"0%"
"Colorado","Lincoln",470,2135,NA,2651,-1665,"0%"
"Colorado","Logan",2218,8087,NA,10532,-5869,"0%"
"Colorado","Mesa",31536,56894,NA,90622,-25358,"0%"
"Colorado","Mineral",317,427,NA,756,-110,"0%"
"Colorado","Moffat",1203,5670,NA,7026,-4467,"0%"
"Colorado","Montezuma",5836,9306,NA,15500,-3470,"0%"
"Colorado","Montrose",7687,16770,NA,24922,-9083,"0%"
"Colorado","Morgan",3876,9593,NA,13744,-5717,"0%"
"Colorado","Otero",3605,5756,NA,9576,-2151,"0%"
"Colorado","Ouray",2365,1577,NA,4020,788,"0%"
"Colorado","Park",4903,6990,NA,12289,-2087,"0%"
"Colorado","Phillips",486,1958,NA,2485,-1472,"0%"
"Colorado","Pitkin",8989,2780,NA,11957,6209,"0%"
"Colorado","Prowers",1458,4008,NA,5561,-2550,"0%"
"Colorado","Pueblo",43772,42252,NA,88299,1520,"0%"
"Colorado","Rio Blanco",561,3061,NA,3691,-2500,"0%"
"Colorado","Rio Grande",2495,3660,NA,6305,-1165,"0%"
"Colorado","Routt",10582,5925,NA,16876,4657,"0%"
"Colorado","Saguache",1884,1413,NA,3389,471,"0%"
"Colorado","San Juan",342,202,19,563,140,"0%"
"Colorado","San Miguel",3923,1136,NA,5146,2787,"0%"
"Colorado","Sedgwick",301,1121,NA,1446,-820,"0%"
"Colorado","Summit",12620,5319,NA,18465,7301,"0%"
"Colorado","Teller",5278,11241,NA,16939,-5963,"0%"
"Colorado","Washington",369,2595,NA,3008,-2226,"0%"
"Colorado","Weld",66060,96145,NA,166968,-30085,"0%"
"Colorado","Yuma",785,4107,NA,4981,-3322,"0%"
"Connecticut","Fairfield",296239,168499,6612,471350,127740,"NA%"
"Connecticut","Hartford",284341,159370,7040,450751,124971,"NA%"
"Connecticut","Litchfield",50164,55609,1784,107557,-5445,"NA%"
"Connecticut","Middlesex",56848,40665,1685,99198,16183,"NA%"
"Connecticut","New Haven",242816,170438,5488,418742,72378,"NA%"
"Connecticut","New London",79459,57110,3035,139604,22349,"NA%"
"Connecticut","Tolland",44006,34819,1721,80546,9187,"NA%"
"Connecticut","Windham",26702,29141,1235,57078,-2439,"NA%"
"District of Columbia","Ward 1",38037,1703,891,40631,36334,"10%"
"District of Columbia","Ward 2",28185,2874,870,31929,25311,"14%"
"District of Columbia","Ward 3",38436,3638,1114,43188,34798,"9%"
"District of Columbia","Ward 4",41604,1885,872,44361,39719,"3%"
"District of Columbia","Ward 5",42453,1725,998,45176,40728,"0%"
"District of Columbia","Ward 6",52357,4176,1782,58315,48181,"0%"
"District of Columbia","Ward 7",35861,1116,859,37836,34745,"0%"
"District of Columbia","Ward 8",30332,1055,859,32246,29277,"1%"
"Delaware","Kent",44552,41009,1464,87025,3543,"0%"
"Delaware","New Castle",195034,88364,4235,287633,106670,"0%"
"Delaware","Sussex",56682,71230,1440,129352,-14548,"0%"
"Florida","Alachua",89704,50972,1928,142604,38732,"0%"
"Florida","Baker",2037,11911,111,14059,-9874,"0%"
"Florida","Bay",25614,66097,1313,93024,-40483,"0%"
"Florida","Bradford",3160,10334,138,13632,-7174,"0%"
"Florida","Brevard",148549,207883,4332,360764,-59334,"0%"
"Florida","Broward",618752,333409,5511,957672,285343,"0%"
"Florida","Calhoun",1209,5274,43,6526,-4065,"0%"
"Florida","Charlotte",42273,73243,824,116340,-30970,"0%"
"Florida","Citrus",27092,65352,764,93208,-38260,"0%"
"Florida","Clay",38317,84480,1608,124405,-46163,"0%"
"Florida","Collier",77621,128950,1247,207818,-51329,"0%"
"Florida","Columbia",8914,23836,292,33042,-14922,"0%"
"Florida","DeSoto",4259,8313,87,12659,-4054,"0%"
"Florida","Dixie",1365,6759,NA,8167,-5394,"0%"
"Florida","Duval",252556,233762,6502,492820,18794,"0%"
"Florida","Escambia",70929,96674,2769,170372,-25745,"0%"
"Florida","Flagler",28161,43043,512,71716,-14882,"0%"
"Florida","Franklin",2120,4675,NA,6849,-2555,"0%"
"Florida","Gadsden",16153,7465,NA,23762,8688,"0%"
"Florida","Gilchrist",1700,7895,90,9685,-6195,"0%"
"Florida","Glades",1385,3782,NA,5193,-2397,"0%"
"Florida","Gulf",1985,6113,65,8163,-4128,"0%"
"Florida","Hamilton",1963,3815,52,5830,-1852,"0%"
"Florida","Hardee",2298,6122,NA,8485,-3824,"0%"
"Florida","Hendry",4929,7906,105,12940,-2977,"0%"
"Florida","Hernando",37519,70412,991,108922,-32893,"0%"
"Florida","Highlands",16938,34873,359,52170,-17935,"0%"
"Florida","Hillsborough",376367,327398,8298,712063,48969,"0%"
"Florida","Holmes",924,8080,NA,9068,-7156,"0%"
"Florida","Indian River",37844,58872,768,97484,-21028,"0%"
"Florida","Jackson",6766,15488,165,22419,-8722,"0%"
"Florida","Jefferson",3897,4479,75,8451,-582,"0%"
"Florida","Lafayette",510,3128,NA,3658,-2618,"0%"
"Florida","Lake",83505,125859,1950,211314,-42354,"0%"
"Florida","Lee",157695,233247,2957,393899,-75552,"0%"
"Florida","Leon",103517,57453,1959,162929,46064,"0%"
"Florida","Levy",6205,16749,191,23145,-10544,"0%"
"Florida","Liberty",694,2846,NA,3561,-2152,"0%"
"Florida","Madison",3747,5576,57,9380,-1829,"0%"
"Florida","Manatee",90166,124987,1805,216958,-34821,"0%"
"Florida","Marion",74858,127826,1692,204376,-52968,"0%"
"Florida","Martin",36893,61168,665,98726,-24275,"0%"
"Florida","Miami-Dade",617864,532833,6119,1156816,85031,"0%"
"Florida","Monroe",21881,25693,455,48029,-3812,"0%"
"Florida","Nassau",15564,42566,681,58811,-27002,"0%"
"Florida","Okaloosa",34248,79798,2327,116373,-45550,"0%"
"Florida","Okeechobee",4390,11470,94,15954,-7080,"0%"
"Florida","Orange",395014,245398,6991,647403,149616,"0%"
"Florida","Osceola",97297,73480,1659,172436,23817,"0%"
"Florida","Palm Beach",433572,334711,4875,773158,98861,"0%"
"Florida","Pasco",119073,179621,3276,301970,-60548,"0%"
"Florida","Pinellas",277450,276209,6056,559715,1241,"0%"
"Florida","Polk",145049,194586,3621,343256,-49537,"0%"
"Florida","Putnam",10527,25514,332,36373,-14987,"0%"
"Florida","Santa Rosa",27612,77385,1931,106928,-49773,"0%"
"Florida","Sarasota",120110,148370,2095,270575,-28260,"0%"
"Florida","Seminole",132528,125241,3046,260815,7287,"0%"
"Florida","St. Johns",63850,110946,1826,176622,-47096,"0%"
"Florida","St. Lucie",84137,86831,1201,172169,-2694,"0%"
"Florida","Sumter",29341,62761,383,92485,-33420,"0%"
"Florida","Suwannee",4485,16410,NA,21057,-11925,"0%"
"Florida","Taylor",2299,7751,77,10127,-5452,"0%"
"Florida","Union",1053,5133,59,6245,-4080,"0%"
"Florida","Volusia",130575,173821,3043,307439,-43246,"0%"
"Florida","Wakulla",5351,12874,NA,18404,-7523,"0%"
"Florida","Walton",10338,32947,426,43711,-22609,"0%"
"Florida","Washington",2347,9876,NA,12327,-7529,"0%"
"Georgia","Appling",1779,6526,36,8341,-4747,"0%"
"Georgia","Atkinson",825,2300,30,3155,-1475,"0%"
"Georgia","Bacon",625,4018,25,4668,-3393,"0%"
"Georgia","Baker",652,897,6,1555,-245,"0%"
"Georgia","Baldwin",9140,8903,208,18251,237,"0%"
"Georgia","Banks",932,7795,74,8801,-6863,"0%"
"Georgia","Barrow",10453,26804,664,37921,-16351,"0%"
"Georgia","Bartow",12092,37674,NA,50467,-25582,"0%"
"Georgia","Ben Hill",2392,4110,58,6560,-1718,"0%"
"Georgia","Berrien",1269,6419,55,7743,-5150,"0%"
"Georgia","Bibb",43468,26585,749,70802,16883,"0%"
"Georgia","Bleckley",1311,4328,67,5706,-3017,"0%"
"Georgia","Brantley",699,6991,56,7746,-6292,"0%"
"Georgia","Brooks",2790,4260,50,7100,-1470,"0%"
"Georgia","Bryan",6739,14244,NA,21340,-7505,"0%"
"Georgia","Bulloch",11243,18386,455,30084,-7143,"0%"
"Georgia","Burke",5209,5400,NA,10684,-191,"0%"
"Georgia","Butts",3274,8406,106,11786,-5132,"0%"
"Georgia","Calhoun",1260,923,NA,2194,337,"0%"
"Georgia","Camden",7967,15251,470,23688,-7284,"0%"
"Georgia","Candler",1269,3133,29,4431,-1864,"0%"
"Georgia","Carroll",16238,37476,760,54474,-21238,"0%"
"Georgia","Catoosa",6932,25167,552,32651,-18235,"0%"
"Georgia","Charlton",1103,3419,44,4566,-2316,"0%"
"Georgia","Chatham",78254,53237,1929,133420,25017,"0%"
"Georgia","Chattahoochee",667,880,35,1582,-213,"1%"
"Georgia","Chattooga",1854,8064,132,10050,-6210,"0%"
"Georgia","Cherokee",42794,99587,NA,144830,-56793,"0%"
"Georgia","Clarke",36048,14446,NA,51333,21602,"0%"
"Georgia","Clay",790,637,7,1434,153,"0%"
"Georgia","Clayton",95476,15813,NA,112344,79663,"0%"
"Georgia","Clinch",747,2105,12,2864,-1358,"0%"
"Georgia","Cobb",221846,165459,NA,393746,56387,"0%"
"Georgia","Coffee",4511,10578,125,15214,-6067,"0%"
"Georgia","Colquitt",4187,11777,119,16083,-7590,"0%"
"Georgia","Columbia",29236,50013,1330,80579,-20777,"0%"
"Georgia","Cook",2059,4900,76,7035,-2841,"0%"
"Georgia","Coweta",24210,51501,1088,76799,-27291,"0%"
"Georgia","Crawford",1615,4428,59,6102,-2813,"0%"
"Georgia","Crisp",2986,4987,77,8050,-2001,"0%"
"Georgia","Dade",1261,6066,107,7434,-4805,"0%"
"Georgia","Dawson",2486,13398,197,16081,-10912,"0%"
"Georgia","DeKalb",308227,58373,4204,370804,249854,"0%"
"Georgia","Decatur",4780,6758,89,11627,-1978,"0%"
"Georgia","Dodge",2171,5843,56,8070,-3672,"0%"
"Georgia","Dooly",1911,2159,35,4105,-248,"0%"
"Georgia","Dougherty",24577,10454,280,35311,14123,"0%"
"Georgia","Douglas",42809,25451,837,69097,17358,"0%"
"Georgia","Early",2437,2722,28,5187,-285,"0%"
"Georgia","Echols",167,1256,18,1441,-1089,"0%"
"Georgia","Effingham",7720,23358,NA,31570,-15638,"0%"
"Georgia","Elbert",2879,6226,66,9171,-3347,"0%"
"Georgia","Emanuel",2884,6551,66,9501,-3667,"0%"
"Georgia","Evans",1324,2888,35,4247,-1564,"0%"
"Georgia","Fannin",2571,12169,NA,14850,-9598,"0%"
"Georgia","Fayette",33065,37952,976,71993,-4887,"0%"
"Georgia","Floyd",12008,29123,NA,41648,-17115,"0%"
"Georgia","Forsyth",42203,85122,NA,129305,-42919,"0%"
"Georgia","Franklin",1593,9069,103,10765,-7476,"0%"
"Georgia","Fulton",381144,137240,6275,524659,243904,"0%"
"Georgia","Gilmer",2932,13429,164,16525,-10497,"0%"
"Georgia","Glascock",155,1403,8,1566,-1248,"0%"
"Georgia","Glynn",15879,25616,489,41984,-9737,"0%"
"Georgia","Gordon",4384,19405,244,24033,-15021,"0%"
"Georgia","Grady",3619,7034,NA,10707,-3415,"0%"
"Georgia","Greene",4088,7068,91,11247,-2980,"0%"
"Georgia","Gwinnett",241827,166413,5625,413865,75414,"0%"
"Georgia","Habersham",3563,16637,232,20432,-13074,"0%"
"Georgia","Hall",25031,64170,1322,90523,-39139,"0%"
"Georgia","Hancock",2985,1159,21,4165,1826,"0%"
"Georgia","Haralson",1792,12331,125,14248,-10539,"0%"
"Georgia","Harris",5457,14319,215,19991,-8862,"0%"
"Georgia","Hart",3157,9464,106,12727,-6307,"0%"
"Georgia","Heard",824,4516,51,5391,-3692,"0%"
"Georgia","Henry",73276,48187,1279,122742,25089,"0%"
"Georgia","Houston",32232,41534,1057,74823,-9302,"0%"
"Georgia","Irwin",1008,3134,26,4168,-2126,"0%"
"Georgia","Jackson",7642,29497,531,37670,-21855,"0%"
"Georgia","Jasper",1761,5822,61,7644,-4061,"0%"
"Georgia","Jeff Davis",1028,4695,48,5771,-3667,"0%"
"Georgia","Jefferson",4061,3537,44,7642,524,"0%"
"Georgia","Jenkins",1266,2161,28,3455,-895,"0%"
"Georgia","Johnson",1222,2850,28,4100,-1628,"0%"
"Georgia","Jones",4888,9965,113,14966,-5077,"0%"
"Georgia","Lamar",2615,6330,94,9039,-3715,"0%"
"Georgia","Lanier",1019,2509,48,3576,-1490,"0%"
"Georgia","Laurens",8073,14493,163,22729,-6420,"0%"
"Georgia","Lee",4558,12007,149,16714,-7449,"0%"
"Georgia","Liberty",13099,7959,331,21389,5140,"0%"
"Georgia","Lincoln",1435,3179,NA,4650,-1744,"0%"
"Georgia","Long",2033,3528,95,5656,-1495,"0%"
"Georgia","Lowndes",20117,25691,547,46355,-5574,"0%"
"Georgia","Lumpkin",3126,12163,242,15531,-9037,"0%"
"Georgia","Macon",2857,1783,22,4662,1074,"0%"
"Georgia","Madison",3411,11326,200,14937,-7915,"0%"
"Georgia","Marion",1311,2275,38,3624,-964,"0%"
"Georgia","McDuffie",4168,6169,118,10455,-2001,"0%"
"Georgia","McIntosh",2612,4016,68,6696,-1404,"0%"
"Georgia","Meriwether",4287,6524,66,10877,-2237,"0%"
"Georgia","Miller",749,2066,20,2835,-1317,"0%"
"Georgia","Mitchell",3995,4935,33,8963,-940,"0%"
"Georgia","Monroe",4384,11060,148,15592,-6676,"0%"
"Georgia","Montgomery",979,2960,27,3966,-1981,"0%"
"Georgia","Morgan",3355,8230,122,11707,-4875,"0%"
"Georgia","Murray",2302,12943,144,15389,-10641,"0%"
"Georgia","Muscogee",49529,30049,965,80543,19480,"0%"
"Georgia","Newton",29794,23869,576,54239,5925,"0%"
"Georgia","Oconee",8162,16595,411,25168,-8433,"0%"
"Georgia","Oglethorpe",2436,5593,102,8131,-3157,"0%"
"Georgia","Paulding",29704,54525,1156,85385,-24821,"0%"
"Georgia","Peach",5920,6502,123,12545,-582,"0%"
"Georgia","Pickens",2808,14075,233,17116,-11267,"0%"
"Georgia","Pierce",1100,7899,49,9048,-6799,"0%"
"Georgia","Pike",1505,9127,NA,10720,-7622,"0%"
"Georgia","Polk",3658,13589,152,17399,-9931,"0%"
"Georgia","Pulaski",1217,2805,37,4059,-1588,"0%"
"Georgia","Putnam",3448,8291,116,11855,-4843,"0%"
"Georgia","Quitman",497,604,5,1106,-107,"0%"
"Georgia","Rabun",1984,7474,110,9568,-5490,"0%"
"Georgia","Randolph",1671,1391,12,3074,280,"0%"
"Georgia","Richmond",59124,26781,1111,87016,32343,"0%"
"Georgia","Rockdale",31244,13012,430,44686,18232,"0%"
"Georgia","Schley",462,1800,13,2275,-1338,"0%"
"Georgia","Screven",2661,3916,51,6628,-1255,"0%"
"Georgia","Seminole",1254,2611,19,3884,-1357,"0%"
"Georgia","Spalding",11784,18057,275,30116,-6273,"0%"
"Georgia","Stephens",2385,9368,132,11885,-6983,"0%"
"Georgia","Stewart",1182,801,7,1990,381,"0%"
"Georgia","Sumter",6318,5732,100,12150,586,"0%"
"Georgia","Talbot",2114,1392,16,3522,722,"0%"
"Georgia","Taliaferro",561,360,7,928,201,"0%"
"Georgia","Tattnall",2061,6053,69,8183,-3992,"0%"
"Georgia","Taylor",1387,2418,34,3839,-1031,"0%"
"Georgia","Telfair",1487,2825,21,4333,-1338,"0%"
"Georgia","Terrell",2376,2004,36,4416,372,"0%"
"Georgia","Thomas",8708,12954,191,21853,-4246,"0%"
"Georgia","Tift",5322,10784,NA,16283,-5462,"0%"
"Georgia","Toombs",2939,7872,103,10914,-4933,"0%"
"Georgia","Towns",1550,6384,45,7979,-4834,"0%"
"Georgia","Treutlen",952,2101,24,3077,-1149,"0%"
"Georgia","Troup",11578,18143,328,30049,-6565,"0%"
"Georgia","Turner",1410,2349,33,3792,-939,"0%"
"Georgia","Twiggs",2044,2370,30,4444,-326,"0%"
"Georgia","Union",2801,12651,108,15560,-9850,"0%"
"Georgia","Upson",4201,8608,96,12905,-4407,"0%"
"Georgia","Walker",5769,23174,411,29354,-17405,"0%"
"Georgia","Walton",12682,37842,571,51095,-25160,"0%"
"Georgia","Ware",4211,9865,116,14192,-5654,"1%"
"Georgia","Warren",1469,1166,16,2651,303,"1%"
"Georgia","Washington",4730,4663,66,9459,67,"0%"
"Georgia","Wayne",2687,9987,104,12778,-7300,"0%"
"Georgia","Webster",639,748,3,1390,-109,"0%"
"Georgia","Wheeler",689,1583,13,2285,-894,"0%"
"Georgia","White",2411,12222,183,14816,-9811,"0%"
"Georgia","Whitfield",10670,25636,440,36746,-14966,"0%"
"Georgia","Wilcox",862,2403,16,3281,-1541,"0%"
"Georgia","Wilkes",2160,2823,46,5029,-663,"0%"
"Georgia","Wilkinson",2075,2664,31,4770,-589,"0%"
"Georgia","Worth",2395,6830,60,9285,-4435,"0%"
"Hawaii","Hawaii",58731,26897,2186,87814,31834,"0%"
"Hawaii","Honolulu",238869,136259,6986,382114,102610,"0%"
"Hawaii","Kauai",21225,11582,690,33497,9643,"0%"
"Hawaii","Maui",47305,22126,1613,71044,25179,"0%"
"Iowa","Adair",1197,2917,69,4183,-1720,"0%"
"Iowa","Adams",590,1528,40,2158,-938,"0%"
"Iowa","Allamakee",2575,4733,151,7459,-2158,"0%"
"Iowa","Appanoose",1891,4512,NA,6506,-2621,"0%"
"Iowa","Audubon",1071,2295,NA,3416,-1224,"4%"
"Iowa","Benton",5156,9179,292,14627,-4023,"1%"
"Iowa","Black Hawk",35621,29623,1305,66549,5998,"14%"
"Iowa","Boone",6303,8695,NA,15306,-2392,"0%"
"Iowa","Bremer",5954,8287,293,14534,-2333,"7%"
"Iowa","Buchanan",4169,6420,NA,10764,-2251,"2%"
"Iowa","Buena Vista",2961,5056,NA,8149,-2095,"7%"
"Iowa","Butler",2424,5542,NA,8084,-3118,"0%"
"Iowa","Calhoun",1470,3689,NA,5249,-2219,"4%"
"Iowa","Carroll",3454,7737,NA,11306,-4283,"0%"
"Iowa","Cass",2201,4969,NA,7266,-2768,"0%"
"Iowa","Cedar",4337,6161,205,10703,-1824,"0%"
"Iowa","Cerro Gordo",10941,12435,418,23794,-1494,"5%"
"Iowa","Cherokee",1936,4495,NA,6503,-2559,"3%"
"Iowa","Chickasaw",2233,4308,NA,6617,-2075,"0%"
"Iowa","Clarke",1466,3140,60,4666,-1674,"0%"
"Iowa","Clay",2662,6137,NA,8948,-3475,"1%"
"Iowa","Clayton",3340,6106,NA,9581,-2766,"0%"
"Iowa","Clinton",10806,13349,514,24669,-2543,"6%"
"Iowa","Crawford",2220,4854,NA,7146,-2634,"0%"
"Iowa","Dallas",26879,27987,NA,55847,-1108,"0%"
"Iowa","Davis",1013,3032,NA,4099,-2019,"0%"
"Iowa","Decatur",1120,2615,NA,3801,-1495,"0%"
"Iowa","Delaware",3157,6666,NA,9981,-3509,"0%"
"Iowa","Des Moines",8887,10589,471,19947,-1702,"7%"
"Iowa","Dickinson",3661,7438,NA,11230,-3777,"7%"
"Iowa","Dubuque",25655,27214,1055,53924,-1559,"8%"
"Iowa","Emmet",1520,3265,NA,4850,-1745,"3%"
"Iowa","Fayette",3834,6145,205,10184,-2311,"0%"
"Iowa","Floyd",3168,4730,128,8026,-1562,"7%"
"Iowa","Franklin",1626,3422,NA,5119,-1796,"4%"
"Iowa","Fremont",1078,2711,66,3855,-1633,"0%"
"Iowa","Greene",1768,3221,65,5054,-1453,"0%"
"Iowa","Grundy",2206,4929,NA,7260,-2723,"0%"
"Iowa","Guthrie",1985,4272,112,6369,-2287,"0%"
"Iowa","Hamilton",2842,4956,718,8516,-2114,"0%"
"Iowa","Hancock",1683,4390,NA,6161,-2707,"1%"
"Iowa","Hardin",2976,5850,NA,8975,-2874,"4%"
"Iowa","Harrison",2440,5569,NA,8144,-3129,"0%"
"Iowa","Henry",3275,6507,NA,9964,-3232,"2%"
"Iowa","Howard",1772,3127,NA,4952,-1355,"0%"
"Iowa","Humboldt",1442,3819,NA,5321,-2377,"1%"
"Iowa","Ida",917,2876,52,3845,-1959,"0%"
"Iowa","Iowa",3547,6009,NA,9716,-2462,"0%"
"Iowa","Jackson",4029,6940,NA,11118,-2911,"0%"
"Iowa","Jasper",7737,12082,362,20181,-4345,"2%"
"Iowa","Jefferson",4314,4442,196,8952,-128,"9%"
"Iowa","Johnson",59177,22925,NA,83570,36252,"6%"
"Iowa","Jones",4213,6572,NA,10965,-2359,"0%"
"Iowa","Keokuk",1414,3797,NA,5291,-2383,"0%"
"Iowa","Kossuth",2696,6275,NA,9077,-3579,"1%"
"Iowa","Lee",6539,9763,419,16721,-3224,"14%"
"Iowa","Linn",70874,53364,NA,127078,17510,"7%"
"Iowa","Louisa",1726,3500,NA,5326,-1774,"0%"
"Iowa","Lucas",1284,3287,59,4630,-2003,"0%"
"Iowa","Lyon",1067,5707,NA,6852,-4640,"0%"
"Iowa","Madison",3134,6507,NA,9806,-3373,"0%"
"Iowa","Mahaska",2894,8297,NA,11381,-5403,"0%"
"Iowa","Marion",6170,12657,390,19217,-6487,"0%"
"Iowa","Marshall",8171,9564,387,18122,-1393,"9%"
"Iowa","Mills",2500,5572,175,8247,-3072,"0%"
"Iowa","Mitchell",2053,3677,NA,5815,-1624,"0%"
"Iowa","Monona",1407,3248,NA,4714,-1841,"3%"
"Iowa","Monroe",1078,2975,NA,4085,-1897,"0%"
"Iowa","Montgomery",1583,3659,NA,5320,-2076,"0%"
"Iowa","Muscatine",9372,10823,NA,20629,-1451,"1%"
"Iowa","O'Brien",1569,5861,NA,7541,-4292,"3%"
"Iowa","Osceola",600,2688,37,3325,-2088,"0%"
"Iowa","Page",2086,5319,NA,7519,-3233,"0%"
"Iowa","Palo Alto",1519,3370,NA,4950,-1851,"3%"
"Iowa","Plymouth",3494,10492,NA,14165,-6998,"0%"
"Iowa","Pocahontas",932,2825,64,3821,-1893,"8%"
"Iowa","Polk",146250,106800,NA,257991,39450,"4%"
"Iowa","Pottawattamie",18570,26241,922,45733,-7671,"0%"
"Iowa","Poweshiek",4306,5657,NA,10124,-1351,"3%"
"Iowa","Ringgold",708,1964,37,2709,-1256,"5%"
"Iowa","Sac",1389,4061,NA,5527,-2672,"0%"
"Iowa","Scott",46890,43661,2088,92639,3229,"11%"
"Iowa","Shelby",1959,4697,NA,6781,-2738,"0%"
"Iowa","Sioux",3019,15680,NA,18956,-12661,"0%"
"Iowa","Story",29175,20340,NA,50837,8835,"0%"
"Iowa","Tama",3577,5303,NA,9026,-1726,"0%"
"Iowa","Taylor",746,2463,NA,3242,-1717,"0%"
"Iowa","Union",2061,4010,NA,6171,-1949,"0%"
"Iowa","Van Buren",875,2859,54,3788,-1984,"0%"
"Iowa","Wapello",5821,9516,NA,15613,-3695,"4%"
"Iowa","Warren",12537,17738,680,30955,-5201,"2%"
"Iowa","Washington",4558,6966,233,11757,-2408,"0%"
"Iowa","Wayne",727,2338,NA,3103,-1611,"0%"
"Iowa","Webster",6604,10927,271,17802,-4323,"7%"
"Iowa","Winnebago",2135,3707,NA,5951,-1572,"0%"
"Iowa","Winneshiek",5617,6235,NA,12036,-618,"9%"
"Iowa","Woodbury",18704,25736,NA,45172,-7032,"4%"
"Iowa","Worth",1596,2738,NA,4414,-1142,"0%"
"Iowa","Wright",1996,4136,NA,6242,-2140,"3%"
"Idaho","Ada",120539,130699,NA,259389,-10160,"0%"
"Idaho","Adams",591,1941,54,2586,-1350,"2%"
"Idaho","Bannock",14682,23331,NA,39553,-8649,"0%"
"Idaho","Bear Lake",350,2914,NA,3315,-2564,"0%"
"Idaho","Benewah",977,3878,NA,4973,-2901,"2%"
"Idaho","Bingham",4124,15295,675,20094,-11171,"0%"
"Idaho","Blaine",8919,4031,NA,13288,4888,"0%"
"Idaho","Boise",1204,3485,131,4820,-2281,"0%"
"Idaho","Bonner",8310,18369,673,27352,-10059,"0%"
"Idaho","Bonneville",14254,37805,NA,53995,-23551,"0%"
"Idaho","Boundary",1220,4937,156,6313,-3717,"0%"
"Idaho","Butte",188,1202,NA,1415,-1014,"7%"
"Idaho","Camas",149,507,98,754,-358,"0%"
"Idaho","Canyon",25881,61759,2798,90438,-35878,"0%"
"Idaho","Caribou",431,2906,NA,3416,-2475,"0%"
"Idaho","Cassia",1464,7907,NA,9629,-6443,"5%"
"Idaho","Clark",41,264,6,311,-223,"8%"
"Idaho","Clearwater",877,3453,NA,4419,-2576,"4%"
"Idaho","Custer",603,2089,NA,2739,-1486,"7%"
"Idaho","Elmore",2601,7246,NA,10205,-4645,"3%"
"Idaho","Franklin",657,5845,162,6664,-5188,"0%"
"Idaho","Fremont",998,5548,NA,6719,-4550,"0%"
"Idaho","Gem",1803,7951,NA,9958,-6148,"0%"
"Idaho","Gooding",1256,4659,NA,6050,-3403,"6%"
"Idaho","Idaho County",1561,7826,NA,9602,-6265,"4%"
"Idaho","Jefferson",1661,12099,NA,14173,-10438,"0%"
"Idaho","Jerome",1893,5734,NA,7812,-3841,"6%"
"Idaho","Kootenai",24312,62837,2729,89878,-38525,"0%"
"Idaho","Latah",10236,9472,NA,20570,764,"0%"
"Idaho","Lemhi",1032,3592,114,4738,-2560,"5%"
"Idaho","Lewis",349,1489,NA,1870,-1140,"3%"
"Idaho","Lincoln",414,1469,NA,1940,-1055,"10%"
"Idaho","Madison",2666,13559,NA,17112,-10893,"3%"
"Idaho","Minidoka",1550,6265,NA,7993,-4715,"0%"
"Idaho","Nez Perce",6686,13738,NA,20967,-7052,"0%"
"Idaho","Oneida",249,2148,NA,2451,-1899,"0%"
"Idaho","Owyhee",816,3819,NA,4742,-3003,"2%"
"Idaho","Payette",2161,8862,NA,11293,-6701,"0%"
"Idaho","Power",865,2116,105,3086,-1251,"3%"
"Idaho","Shoshone",1693,4216,NA,6049,-2523,"3%"
"Idaho","Teton",3318,2858,NA,6347,460,"0%"
"Idaho","Twin Falls",9391,25897,1392,36680,-16506,"1%"
"Idaho","Valley",2976,3947,NA,7063,-971,"0%"
"Idaho","Washington",1073,4154,117,5344,-3081,"3%"
"Illinois","Adams",8569,24131,734,33434,-15562,"0%"
"Illinois","Alexander",1114,1486,25,2625,-372,"13%"
"Illinois","Bond",2275,5612,222,8109,-3337,"0%"
"Illinois","Boone",10372,13762,538,24672,-3390,"0%"
"Illinois","Brown",485,1930,108,2523,-1445,"3%"
"Illinois","Bureau",6545,10296,341,17182,-3751,"5%"
"Illinois","Calhoun",674,2043,50,2767,-1369,"2%"
"Illinois","Carroll",2737,5098,171,8006,-2361,"0%"
"Illinois","Cass",1615,3624,86,5325,-2009,"5%"
"Illinois","Champaign",56596,35122,3193,94911,21474,"6%"
"Illinois","Christian",4286,11505,303,16094,-7219,"5%"
"Illinois","Clark",1990,6215,135,8340,-4225,"4%"
"Illinois","Clay",1129,5626,141,6896,-4497,"1%"
"Illinois","Clinton",4459,14264,416,19139,-9805,"0%"
"Illinois","Coles",7997,13981,492,22470,-5984,"0%"
"Illinois","Cook",1714792,555001,36882,2306675,1159791,"5%"
"Illinois","Crawford",2198,7025,196,9419,-4827,"2%"
"Illinois","Cumberland",1141,4595,107,5843,-3454,"4%"
"Illinois","DeKalb",24643,21905,1441,47989,2738,"0%"
"Illinois","DeWitt",2171,5623,200,7994,-3452,"0%"
"Illinois","Douglas",2327,6221,198,8746,-3894,"2%"
"Illinois","DuPage",281222,193611,10231,485064,87611,"0%"
"Illinois","Edgar",1869,6169,114,8152,-4300,"6%"
"Illinois","Edwards",488,2833,47,3368,-2345,"8%"
"Illinois","Effingham",3700,14983,358,19041,-11283,"0%"
"Illinois","Fayette",1815,8025,193,10033,-6210,"0%"
"Illinois","Ford",1691,4956,162,6809,-3265,"3%"
"Illinois","Franklin",4690,13514,284,18488,-8824,"10%"
"Illinois","Fulton",6371,9798,348,16517,-3427,"4%"
"Illinois","Gallatin",621,2019,33,2673,-1398,"10%"
"Illinois","Greene",1349,4767,108,6224,-3418,"0%"
"Illinois","Grundy",9445,16372,583,26400,-6927,"0%"
"Illinois","Hamilton",821,3429,66,4316,-2608,"6%"
"Illinois","Hancock",1114,5309,142,6565,-4195,"28%"
"Illinois","Hardin",0,0,0,0,0,"100%"
"Illinois","Henderson",1186,2391,75,3652,-1205,"6%"
"Illinois","Henry",9762,15266,596,25624,-5504,"0%"
"Illinois","Iroquois",2895,10858,258,14011,-7963,"2%"
"Illinois","Jackson",11104,10835,636,22575,269,"17%"
"Illinois","Jasper",1006,4492,84,5582,-3486,"1%"
"Illinois","Jefferson",4597,12461,351,17409,-7864,"7%"
"Illinois","Jersey",2956,8699,287,11942,-5743,"1%"
"Illinois","JoDaviess",5097,7161,219,12477,-2064,"0%"
"Illinois","Johnson",1280,5052,110,6442,-3772,"0%"
"Illinois","Kane",130166,96775,4935,231876,33391,"0%"
"Illinois","Kankakee",20112,28410,1207,49729,-8298,"0%"
"Illinois","Kendall",33168,29492,1545,64205,3676,"0%"
"Illinois","Knox",10421,11818,477,22716,-1397,"10%"
"Illinois","LaSalle",21491,29482,1080,52053,-7991,"4%"
"Illinois","Lake",204032,123594,6530,334156,80438,"0%"
"Illinois","Lawrence",1414,4849,116,6379,-3435,"5%"
"Illinois","Lee",6368,9584,399,16351,-3216,"3%"
"Illinois","Livingston",4568,12134,347,17049,-7566,"0%"
"Illinois","Logan",3769,9042,306,13117,-5273,"0%"
"Illinois","Macon",19633,28373,928,48934,-8740,"0%"
"Illinois","Macoupin",7313,16058,548,23919,-8745,"3%"
"Illinois","Madison",56845,75272,3569,135686,-18427,"0%"
"Illinois","Marion",4396,12540,278,17214,-8144,"8%"
"Illinois","Marshall",2004,4196,143,6343,-2192,"3%"
"Illinois","Mason",1984,4645,127,6756,-2661,"0%"
"Illinois","Massac",1719,4989,95,6803,-3270,"0%"
"Illinois","McDonough",4973,7009,308,12290,-2036,"6%"
"Illinois","McHenry",78138,82241,4164,164543,-4103,"0%"
"Illinois","McLean",43719,40365,2929,87013,3354,"3%"
"Illinois","Menard",2022,4764,168,6954,-2742,"0%"
"Illinois","Mercer",3212,5328,210,8750,-2116,"6%"
"Illinois","Monroe",6489,14046,489,21024,-7557,"0%"
"Illinois","Montgomery",3889,9504,308,13701,-5615,"4%"
"Illinois","Morgan",5020,9903,306,15229,-4883,"6%"
"Illinois","Moultrie",1645,4938,115,6698,-3293,"3%"
"Illinois","Ogle",9300,16092,648,26040,-6792,"1%"
"Illinois","Peoria",42600,37612,2052,82264,4988,"0%"
"Illinois","Perry",2609,7305,146,10060,-4696,"7%"
"Illinois","Piatt",3302,6219,270,9791,-2917,"0%"
"Illinois","Pike",1458,6235,143,7836,-4777,"0%"
"Illinois","Pope",432,1720,20,2172,-1288,"9%"
"Illinois","Pulaski",891,1699,41,2631,-808,"19%"
"Illinois","Putnam",1309,1978,58,3345,-669,"0%"
"Illinois","Randolph",3590,11065,241,14896,-7475,"4%"
"Illinois","Richland",1355,7988,0,9343,-6633,"0%"
"Illinois","Rock Island",36647,28585,1518,66750,8062,"0%"
"Illinois","Saline",2786,8096,197,11079,-5310,"11%"
"Illinois","Sangamon",48756,53303,2336,104395,-4547,"4%"
"Illinois","Schuyler",1064,2767,77,3908,-1703,"0%"
"Illinois","Scott",569,2104,57,2730,-1535,"5%"
"Illinois","Shelby",2488,9396,165,12049,-6908,"0%"
"Illinois","St. Clair",66698,56000,2522,125220,10698,"0%"
"Illinois","Stark",814,2000,67,2881,-1186,"4%"
"Illinois","Stephenson",8756,12253,437,21446,-3497,"0%"
"Illinois","Tazewell",24486,42194,1678,68358,-17708,"0%"
"Illinois","Union",2575,6157,164,8896,-3582,"0%"
"Illinois","Vermilion",10313,20710,594,31617,-10397,"6%"
"Illinois","Wabash",1248,4228,116,5592,-2980,"7%"
"Illinois","Warren",3087,4671,158,7916,-1584,"0%"
"Illinois","Washington",1639,6110,165,7914,-4471,"3%"
"Illinois","Wayne",1185,7172,135,8492,-5987,"7%"
"Illinois","White",1517,5788,123,7428,-4271,"8%"
"Illinois","Whiteside",12195,14472,587,27254,-2277,"2%"
"Illinois","Will",183903,155004,7234,346141,28899,"0%"
"Illinois","Williamson",10107,22681,715,33503,-12574,"0%"
"Illinois","Winnebago",64056,60861,2793,127710,3195,"0%"
"Illinois","Woodford",5976,14590,513,21079,-8614,"0%"
"Indiana","Adams",3236,10685,317,14238,-7449,"0%"
"Indiana","Allen",73189,92083,NA,169000,-18894,"0%"
"Indiana","Bartholomew",12934,22409,956,36299,-9475,"0%"
"Indiana","Benton",1009,3007,99,4115,-1998,"0%"
"Indiana","Blackford",1376,3838,140,5354,-2462,"0%"
"Indiana","Boone",15244,22351,NA,38500,-7107,"0%"
"Indiana","Brown",3036,5777,NA,8981,-2741,"0%"
"Indiana","Carroll",2224,7086,204,9514,-4862,"0%"
"Indiana","Cass",4304,10552,NA,15189,-6248,"0%"
"Indiana","Clark",23088,33656,1296,58040,-10568,"0%"
"Indiana","Clay",2549,9498,230,12277,-6949,"0%"
"Indiana","Clinton",3361,9334,266,12961,-5973,"0%"
"Indiana","Crawford",1369,3499,NA,4975,-2130,"0%"
"Indiana","Daviess",2169,9576,226,11971,-7407,"0%"
"Indiana","DeKalb",4966,14237,453,19656,-9271,"0%"
"Indiana","Dearborn",5446,19528,NA,25361,-14082,"4%"
"Indiana","Decatur",2436,9570,290,12296,-7134,"0%"
"Indiana","Delaware",20474,26827,NA,48191,-6353,"3%"
"Indiana","Dubois",6292,15032,481,21805,-8740,"0%"
"Indiana","Elkhart",26108,46972,NA,74321,-20864,"0%"
"Indiana","Fayette",2237,7755,154,10146,-5518,"1%"
"Indiana","Floyd",17511,23400,NA,41761,-5889,"0%"
"Indiana","Fountain",1629,6154,NA,7983,-4525,"1%"
"Indiana","Franklin",2137,9691,190,12018,-7554,"0%"
"Indiana","Fulton",2280,6694,NA,9144,-4414,"0%"
"Indiana","Gibson",4027,11817,321,16165,-7790,"0%"
"Indiana","Grant",8015,18543,672,27230,-10528,"0%"
"Indiana","Greene",3389,11103,NA,14782,-7714,"0%"
"Indiana","Hamilton",88390,101587,NA,193871,-13197,"0%"
"Indiana","Hancock",12895,28996,NA,42907,-16101,"0%"
"Indiana","Harrison",5343,14565,NA,20231,-9222,"0%"
"Indiana","Hendricks",32604,53802,NA,88458,-21198,"0%"
"Indiana","Henry",5544,15043,NA,21021,-9499,"0%"
"Indiana","Howard",13270,26400,949,40619,-13130,"0%"
"Indiana","Huntington",4255,13147,NA,17810,-8892,"0%"
"Indiana","Jackson",4302,14555,381,19238,-10253,"0%"
"Indiana","Jasper",3798,11383,314,15495,-7585,"0%"
"Indiana","Jay",1926,6361,179,8466,-4435,"0%"
"Indiana","Jefferson",4731,9659,335,14725,-4928,"0%"
"Indiana","Jennings",2523,9490,NA,12251,-6967,"0%"
"Indiana","Johnson",24729,51209,1846,77784,-26480,"0%"
"Indiana","Knox",4067,11654,306,16027,-7587,"0%"
"Indiana","Kosciusko",8350,26476,1020,35846,-18126,"0%"
"Indiana","LaGrange",2355,8110,NA,10633,-5755,"0%"
"Indiana","LaPorte",22419,25991,1059,49469,-3572,"0%"
"Indiana","Lake",124801,91733,3699,220233,33068,"2%"
"Indiana","Lawrence",4961,15601,509,21071,-10640,"0%"
"Indiana","Madison",19524,31215,NA,51765,-11691,"11%"
"Indiana","Marion",247265,133968,9172,390405,113297,"4%"
"Indiana","Marshall",5712,13844,NA,19918,-8132,"0%"
"Indiana","Martin",1011,4029,115,5155,-3018,"0%"
"Indiana","Miami",3235,10925,333,14493,-7690,"0%"
"Indiana","Monroe",39861,22071,NA,63037,17790,"4%"
"Indiana","Montgomery",4213,12659,NA,17198,-8446,"0%"
"Indiana","Morgan",7777,27510,927,36214,-19733,"0%"
"Indiana","Newton",1509,4942,NA,6591,-3433,"0%"
"Indiana","Noble",4660,14195,362,19217,-9535,"0%"
"Indiana","Ohio",750,2392,22,3164,-1642,"0%"
"Indiana","Orange",2224,6432,NA,8830,-4208,"0%"
"Indiana","Owen",2419,7285,211,9915,-4866,"0%"
"Indiana","Parke",1503,5398,119,7020,-3895,"0%"
"Indiana","Perry",3202,5343,189,8734,-2141,"0%"
"Indiana","Pike",1415,4692,NA,6220,-3277,"3%"
"Indiana","Porter",39746,45008,NA,86410,-5262,"0%"
"Indiana","Posey",3811,9206,247,13264,-5395,"0%"
"Indiana","Pulaski",1463,4246,104,5813,-2783,"0%"
"Indiana","Putnam",3946,12278,NA,16595,-8332,"0%"
"Indiana","Randolph",2512,8312,254,11078,-5800,"1%"
"Indiana","Ripley",2774,11261,NA,14264,-8487,"0%"
"Indiana","Rush",1754,6035,NA,7932,-4281,"0%"
"Indiana","Scott",2698,7328,150,10176,-4630,"0%"
"Indiana","Shelby",5023,14568,426,20017,-9545,"0%"
"Indiana","Spencer",3208,7354,219,10781,-4146,"0%"
"Indiana","St. Joseph",59870,53152,2525,115547,6718,"6%"
"Indiana","Starke",2650,7466,193,10309,-4816,"0%"
"Indiana","Steuben",4509,11322,344,16175,-6813,"0%"
"Indiana","Sullivan",2153,6687,164,9004,-4534,"0%"
"Indiana","Switzerland",964,3133,NA,4152,-2169,"0%"
"Indiana","Tippecanoe",35017,34581,NA,71430,436,"0%"
"Indiana","Tipton",1834,6110,180,8124,-4276,"0%"
"Indiana","Union",736,2687,68,3491,-1951,"1%"
"Indiana","Vanderburgh",34415,41844,NA,77581,-7429,"3%"
"Indiana","Vermillion",2145,5184,NA,7480,-3039,"0%"
"Indiana","Vigo",18080,24512,1001,43593,-6432,"1%"
"Indiana","Wabash",3494,10762,342,14598,-7268,"0%"
"Indiana","Warren",974,3401,98,4473,-2427,"0%"
"Indiana","Warrick",11919,21324,641,33884,-9405,"0%"
"Indiana","Washington",2784,9114,NA,12131,-6330,"1%"
"Indiana","Wayne",9524,17567,NA,27662,-8043,"0%"
"Indiana","Wells",2928,10855,297,14080,-7927,"0%"
"Indiana","White",3032,7957,NA,11159,-4925,"0%"
"Indiana","Whitley",4233,12856,492,17581,-8623,"0%"
"Kansas","Allen",1559,4155,128,5842,-2596,"21%"
"Kansas","Anderson",765,2874,NA,3720,-2109,"0%"
"Kansas","Atchison",2314,4826,NA,7312,-2512,"0%"
"Kansas","Barber",284,1992,NA,2313,-1708,"8%"
"Kansas","Barton",2302,8480,NA,10961,-6178,"0%"
"Kansas","Bourbon",1505,4910,135,6550,-3405,"3%"
"Kansas","Brown",1088,3206,NA,4396,-2118,"0%"
"Kansas","Butler",9003,22250,NA,31946,-13247,"0%"
"Kansas","Chase",341,1114,NA,1478,-773,"0%"
"Kansas","Chautauqua",212,1397,NA,1634,-1185,"8%"
"Kansas","Cherokee",2163,6622,NA,8945,-4459,"0%"
"Kansas","Cheyenne",220,1158,NA,1400,-938,"14%"
"Kansas","Clark",143,885,NA,1048,-742,"9%"
"Kansas","Clay",883,3129,122,4134,-2246,"5%"
"Kansas","Cloud",893,3182,NA,4174,-2289,"9%"
"Kansas","Coffey",928,3407,113,4448,-2479,"0%"
"Kansas","Comanche",126,745,33,904,-619,"10%"
"Kansas","Cowley",4171,9442,NA,13911,-5271,"0%"
"Kansas","Crawford",5971,9752,NA,16125,-3781,"0%"
"Kansas","Decatur",208,1232,NA,1458,-1024,"16%"
"Kansas","Dickinson",2040,7045,NA,9246,-5005,"0%"
"Kansas","Doniphan",678,2949,NA,3674,-2271,"0%"
"Kansas","Douglas",39436,16737,NA,57540,22699,"0%"
"Kansas","Edwards",267,1127,NA,1413,-860,"6%"
"Kansas","Elk",191,1130,NA,1347,-939,"9%"
"Kansas","Ellis",3633,9569,NA,13501,-5936,"0%"
"Kansas","Ellsworth",646,2106,NA,2806,-1460,"5%"
"Kansas","Finney",4155,7079,NA,11466,-2924,"0%"
"Kansas","Ford",2926,5763,161,8850,-2837,"2%"
"Kansas","Franklin",3623,8326,NA,12247,-4703,"0%"
"Kansas","Geary",3825,5193,NA,9311,-1368,"0%"
"Kansas","Gove",163,1256,NA,1433,-1093,"9%"
"Kansas","Graham",222,1052,NA,1302,-830,"15%"
"Kansas","Grant",497,1910,NA,2452,-1413,"5%"
"Kansas","Gray",337,1871,NA,2240,-1534,"0%"
"Kansas","Greeley",77,537,15,629,-460,"17%"
"Kansas","Greenwood",562,2404,NA,3030,-1842,"2%"
"Kansas","Hamilton",134,684,NA,837,-550,"12%"
"Kansas","Harper",453,2128,NA,2626,-1675,"6%"
"Kansas","Harvey",6652,10015,NA,17034,-3363,"0%"
"Kansas","Haskell",261,1103,NA,1383,-842,"9%"
"Kansas","Hodgeman",151,866,NA,1033,-715,"14%"
"Kansas","Jackson",1852,4435,NA,6468,-2583,"0%"
"Kansas","Jefferson",3106,6193,282,9581,-3087,"0%"
"Kansas","Jewell",211,1369,NA,1608,-1158,"1%"
"Kansas","Johnson",177925,151280,NA,336277,26645,"1%"
"Kansas","Kearny",255,1134,NA,1413,-879,"6%"
"Kansas","Kingman",745,3102,82,3929,-2357,"0%"
"Kansas","Kiowa",153,957,NA,1139,-804,"12%"
"Kansas","Labette",2607,5639,NA,8414,-3032,"4%"
"Kansas","Lane",114,757,17,888,-643,"12%"
"Kansas","Leavenworth",13753,21378,NA,36115,-7625,"0%"
"Kansas","Lincoln",266,1273,NA,1570,-1007,"7%"
"Kansas","Linn",863,3940,NA,4903,-3077,"0%"
"Kansas","Logan",185,1231,NA,1437,-1046,"2%"
"Kansas","Lyon",5878,7381,NA,13622,-1503,"2%"
"Kansas","Marion",1463,4377,NA,5969,-2914,"0%"
"Kansas","Marshall",1239,3662,NA,5023,-2423,"0%"
"Kansas","McPherson",3977,9562,NA,13868,-5585,"4%"
"Kansas","Meade",261,1508,NA,1807,-1247,"3%"
"Kansas","Miami",5133,12116,NA,17624,-6983,"0%"
"Kansas","Mitchell",547,2454,NA,3039,-1907,"10%"
"Kansas","Montgomery",3147,9768,NA,13177,-6621,"2%"
"Kansas","Morris",721,2085,NA,2849,-1364,"0%"
"Kansas","Morton",147,1004,NA,1163,-857,"16%"
"Kansas","Nemaha",920,4612,NA,5625,-3692,"0%"
"Kansas","Neosho",1727,4795,NA,6629,-3068,"6%"
"Kansas","Ness",147,1315,NA,1487,-1168,"0%"
"Kansas","Norton",361,1977,52,2390,-1616,"0%"
"Kansas","Osage",2099,5591,203,7893,-3492,"0%"
"Kansas","Osborne",275,1590,NA,1899,-1315,"9%"
"Kansas","Ottawa",504,2581,NA,3159,-2077,"5%"
"Kansas","Pawnee",635,2028,NA,2712,-1393,"6%"
"Kansas","Phillips",373,2855,NA,3278,-2482,"0%"
"Kansas","Pottawatomie",3257,9247,NA,12815,-5990,"31%"
"Kansas","Pratt",924,3087,NA,4107,-2163,"0%"
"Kansas","Rawlins",214,1253,NA,1496,-1039,"11%"
"Kansas","Reno",8602,17948,695,27245,-9346,"0%"
"Kansas","Republic",420,2172,NA,2643,-1752,"13%"
"Kansas","Rice",953,3187,NA,4230,-2234,"0%"
"Kansas","Riley",11940,11174,NA,23855,766,"1%"
"Kansas","Rooks",332,2294,NA,2661,-1962,"13%"
"Kansas","Rush",291,1425,NA,1748,-1134,"2%"
"Kansas","Russell",591,2765,NA,3429,-2174,"0%"
"Kansas","Saline",8022,15313,NA,23911,-7291,"0%"
"Kansas","Scott",290,1991,NA,2322,-1701,"0%"
"Kansas","Sedgwick",90820,117653,NA,213552,-26833,"0%"
"Kansas","Seward",1736,3285,NA,5099,-1549,"9%"
"Kansas","Shawnee",42032,39890,NA,84061,2142,"2%"
"Kansas","Sheridan",144,1237,16,1397,-1093,"6%"
"Kansas","Sherman",386,2222,65,2673,-1836,"6%"
"Kansas","Smith",328,1734,NA,2092,-1406,"6%"
"Kansas","Stafford",355,1631,NA,2017,-1276,"6%"
"Kansas","Stanton",147,607,NA,767,-460,"7%"
"Kansas","Stevens",233,1731,NA,1997,-1498,"9%"
"Kansas","Sumner",2551,7998,NA,10779,-5447,"0%"
"Kansas","Thomas",622,3106,66,3794,-2484,"0%"
"Kansas","Trego",238,1341,NA,1603,-1103,"11%"
"Kansas","Wabaunsee",956,2813,NA,3861,-1857,"0%"
"Kansas","Wallace",44,762,NA,817,-718,"10%"
"Kansas","Washington",467,2332,NA,2843,-1865,"0%"
"Kansas","Wichita",147,803,11,961,-656,"10%"
"Kansas","Wilson",711,3111,NA,3899,-2400,"3%"
"Kansas","Woodson",283,1189,NA,1495,-906,"0%"
"Kansas","Wyandotte",35566,18512,NA,55107,17054,"3%"
"Kentucky","Adair",1392,7276,100,8768,-5884,"0%"
"Kentucky","Allen",1642,7587,135,9364,-5945,"0%"
"Kentucky","Anderson",3348,9661,245,13254,-6313,"0%"
"Kentucky","Ballard",825,3356,44,4225,-2531,"0%"
"Kentucky","Barren",5127,14654,283,20064,-9527,"0%"
"Kentucky","Bath",1573,3986,68,5627,-2413,"0%"
"Kentucky","Bell",1789,8140,115,10044,-6351,"0%"
"Kentucky","Boone",20901,44814,1283,66998,-23913,"0%"
"Kentucky","Bourbon",3296,6190,162,9648,-2894,"0%"
"Kentucky","Boyd",7083,14295,373,21751,-7212,"0%"
"Kentucky","Boyle",5298,8872,308,14478,-3574,"0%"
"Kentucky","Bracken",800,3398,48,4246,-2598,"0%"
"Kentucky","Breathitt",1301,4265,95,5661,-2964,"0%"
"Kentucky","Breckinridge",2350,7701,150,10201,-5351,"0%"
"Kentucky","Bullitt",10552,30708,738,41998,-20156,"0%"
"Kentucky","Butler",1079,4960,86,6125,-3881,"0%"
"Kentucky","Caldwell",1433,4906,95,6434,-3473,"0%"
"Kentucky","Calloway",5797,11352,308,17457,-5555,"0%"
"Kentucky","Campbell",19374,28482,1022,48878,-9108,"0%"
"Kentucky","Carlisle",463,2159,16,2638,-1696,"0%"
"Kentucky","Carroll",1116,2954,66,4136,-1838,"0%"
"Kentucky","Carter",2642,8775,169,11586,-6133,"0%"
"Kentucky","Casey",918,6179,74,7171,-5261,"2%"
"Kentucky","Christian",8296,15080,487,23863,-6784,"0%"
"Kentucky","Clark",6004,11811,324,18139,-5807,"0%"
"Kentucky","Clay",831,6677,83,7591,-5846,"0%"
"Kentucky","Clinton",603,4280,49,4932,-3677,"0%"
"Kentucky","Crittenden",731,3451,60,4242,-2720,"0%"
"Kentucky","Cumberland",508,2769,32,3309,-2261,"0%"
"Kentucky","Daviess",17286,31025,976,49287,-13739,"0%"
"Kentucky","Edmonson",1227,4828,77,6132,-3601,"0%"
"Kentucky","Elliott",712,2246,37,2995,-1534,"0%"
"Kentucky","Estill",1355,5100,85,6540,-3745,"0%"
"Kentucky","Fayette",90600,58860,3452,152912,31740,"0%"
"Kentucky","Fleming",1474,5534,60,7068,-4060,"0%"
"Kentucky","Floyd",3884,12250,219,16353,-8366,"0%"
"Kentucky","Franklin",12652,12900,520,26072,-248,"0%"
"Kentucky","Fulton",794,1606,26,2426,-812,"0%"
"Kentucky","Gallatin",822,2955,72,3849,-2133,"0%"
"Kentucky","Garrard",1830,6754,122,8706,-4924,"0%"
"Kentucky","Grant",2205,8725,178,11108,-6520,"0%"
"Kentucky","Graves",3560,13206,253,17019,-9646,"0%"
"Kentucky","Grayson",2400,9453,132,11985,-7053,"0%"
"Kentucky","Green",920,4838,54,5812,-3918,"1%"
"Kentucky","Greenup",4873,13064,239,18176,-8191,"0%"
"Kentucky","Hancock",1351,3145,91,4587,-1794,"0%"
"Kentucky","Hardin",18101,29832,1008,48941,-11731,"0%"
"Kentucky","Harlan",1494,9367,110,10971,-7873,"0%"
"Kentucky","Harrison",2400,6334,125,8859,-3934,"0%"
"Kentucky","Hart",1908,6345,117,8370,-4437,"0%"
"Kentucky","Henderson",7639,12730,328,20697,-5091,"0%"
"Kentucky","Henry",2142,5843,125,8110,-3701,"0%"
"Kentucky","Hickman",458,1714,27,2199,-1256,"0%"
"Kentucky","Hopkins",5439,15757,316,21512,-10318,"0%"
"Kentucky","Jackson",605,5453,55,6113,-4848,"0%"
"Kentucky","Jefferson",228358,150646,7625,386629,77712,"0%"
"Kentucky","Jessamine",8567,17096,617,26280,-8529,"0%"
"Kentucky","Johnson",1608,8450,134,10192,-6842,"0%"
"Kentucky","Kenton",32271,48129,1798,82198,-15858,"0%"
"Kentucky","Knott",1412,4780,60,6252,-3368,"0%"
"Kentucky","Knox",2114,11012,147,13273,-8898,"0%"
"Kentucky","LaRue",1504,5685,112,7301,-4181,"0%"
"Kentucky","Laurel",4475,23237,399,28111,-18762,"0%"
"Kentucky","Lawrence",1238,5633,84,6955,-4395,"0%"
"Kentucky","Lee",481,2273,47,2801,-1792,"0%"
"Kentucky","Leslie",446,4321,46,4813,-3875,"0%"
"Kentucky","Letcher",1799,7226,110,9135,-5427,"0%"
"Kentucky","Lewis",823,4986,74,5883,-4163,"0%"
"Kentucky","Lincoln",2254,8489,171,10914,-6235,"0%"
"Kentucky","Livingston",939,4010,55,5004,-3071,"0%"
"Kentucky","Logan",3094,9067,189,12350,-5973,"0%"
"Kentucky","Lyon",1092,3100,36,4228,-2008,"0%"
"Kentucky","Madison",15581,27356,1020,43957,-11775,"0%"
"Kentucky","Magoffin",1214,4174,59,5447,-2960,"0%"
"Kentucky","Marion",2722,6113,93,8928,-3391,"0%"
"Kentucky","Marshall",4071,13297,235,17603,-9226,"0%"
"Kentucky","Martin",403,3496,37,3936,-3093,"0%"
"Kentucky","Mason",2362,5477,119,7958,-3115,"0%"
"Kentucky","McCracken",11195,21820,534,33549,-10625,"0%"
"Kentucky","McCreary",725,5664,49,6438,-4939,"0%"
"Kentucky","McLean",1074,3633,75,4782,-2559,"0%"
"Kentucky","Meade",3632,10185,296,14113,-6553,"0%"
"Kentucky","Menifee",750,2311,41,3102,-1561,"0%"
"Kentucky","Mercer",3033,8506,196,11735,-5473,"0%"
"Kentucky","Metcalfe",975,3959,78,5012,-2984,"0%"
"Kentucky","Monroe",657,4628,45,5330,-3971,"0%"
"Kentucky","Montgomery",3630,8993,219,12842,-5363,"0%"
"Kentucky","Morgan",1175,4301,68,5544,-3126,"0%"
"Kentucky","Muhlenberg",3545,10497,193,14235,-6952,"0%"
"Kentucky","Nelson",7188,15703,365,23256,-8515,"0%"
"Kentucky","Nicholas",955,2408,33,3396,-1453,"0%"
"Kentucky","Ohio",2404,8582,143,11129,-6178,"0%"
"Kentucky","Oldham",14505,22654,817,37976,-8149,"0%"
"Kentucky","Owen",1098,4292,68,5458,-3194,"0%"
"Kentucky","Owsley",216,1671,9,1896,-1455,"0%"
"Kentucky","Pendleton",1322,5515,88,6925,-4193,"0%"
"Kentucky","Perry",2356,8129,141,10626,-5773,"0%"
"Kentucky","Pike",4866,20284,245,25395,-15418,"0%"
"Kentucky","Powell",1367,4041,97,5505,-2674,"0%"
"Kentucky","Pulaski",5666,25442,449,31557,-19776,"0%"
"Kentucky","Robertson",253,884,9,1146,-631,"0%"
"Kentucky","Rockcastle",1134,6577,73,7784,-5443,"0%"
"Kentucky","Rowan",3880,5994,191,10065,-2114,"0%"
"Kentucky","Russell",1331,7519,105,8955,-6188,"0%"
"Kentucky","Scott",10567,17767,635,28969,-7200,"0%"
"Kentucky","Shelby",8077,15055,418,23550,-6978,"0%"
"Kentucky","Simpson",2681,5888,163,8732,-3207,"0%"
"Kentucky","Spencer",2530,8737,166,11433,-6207,"0%"
"Kentucky","Taylor",2963,9376,178,12517,-6413,"0%"
"Kentucky","Todd",1205,4062,96,5363,-2857,"0%"
"Kentucky","Trigg",1791,5487,98,7376,-3696,"0%"
"Kentucky","Trimble",1012,3227,81,4320,-2215,"0%"
"Kentucky","Union",1529,4965,83,6577,-3436,"0%"
"Kentucky","Warren",22479,31791,1131,55401,-9312,"0%"
"Kentucky","Washington",1644,4482,99,6225,-2838,"0%"
"Kentucky","Wayne",1700,7430,110,9240,-5730,"0%"
"Kentucky","Webster",1412,4506,75,5993,-3094,"0%"
"Kentucky","Whitley",2552,12567,237,15356,-10015,"0%"
"Kentucky","Wolfe",839,2097,43,2979,-1258,"0%"
"Kentucky","Woodford",6530,8362,319,15211,-1832,"0%"
"Louisiana","Acadia",5443,22596,386,28425,-17153,"0%"
"Louisiana","Allen",2108,7574,128,9810,-5466,"0%"
"Louisiana","Ascension",20399,40687,1239,62325,-20288,"0%"
"Louisiana","Assumption",3833,7271,131,11235,-3438,"0%"
"Louisiana","Avoyelles",4979,12028,285,17292,-7049,"0%"
"Louisiana","Beauregard",2542,13575,240,16357,-11033,"0%"
"Louisiana","Bienville",3067,3891,92,7050,-824,"0%"
"Louisiana","Bossier",15662,38074,919,54655,-22412,"0%"
"Louisiana","Caddo",55110,48021,1781,104912,7089,"0%"
"Louisiana","Calcasieu",25982,55066,1615,82663,-29084,"0%"
"Louisiana","Caldwell",745,3976,41,4762,-3231,"0%"
"Louisiana","Cameron",324,3671,44,4039,-3347,"0%"
"Louisiana","Catahoula",1269,3541,48,4858,-2272,"0%"
"Louisiana","Claiborne",2731,3770,79,6580,-1039,"0%"
"Louisiana","Concordia",3177,5550,101,8828,-2373,"0%"
"Louisiana","DeSoto",5457,9112,167,14736,-3655,"0%"
"Louisiana","East Baton Rouge",115577,88420,4185,208182,27157,"0%"
"Louisiana","East Carroll",1900,1080,56,3036,820,"0%"
"Louisiana","East Feliciana",4280,6064,165,10509,-1784,"0%"
"Louisiana","Evangeline",4158,11053,201,15412,-6895,"0%"
"Louisiana","Franklin",2658,6970,92,9720,-4312,"0%"
"Louisiana","Grant",1157,8117,118,9392,-6960,"0%"
"Louisiana","Iberia",11027,21251,435,32713,-10224,"0%"
"Louisiana","Iberville",8514,7893,312,16719,621,"0%"
"Louisiana","Jackson",2143,5394,95,7632,-3251,"0%"
"Louisiana","Jeff Davis",3208,11423,210,14841,-8215,"0%"
"Louisiana","Jefferson",84477,105949,3307,193733,-21472,"0%"
"Louisiana","LaSalle",638,6378,61,7077,-5740,"0%"
"Louisiana","Lafayette",39685,72519,2317,114521,-32834,"0%"
"Louisiana","Lafourche",8672,36024,692,45388,-27352,"0%"
"Louisiana","Lincoln",7559,11311,405,19275,-3752,"0%"
"Louisiana","Livingston",9249,54877,1104,65230,-45628,"0%"
"Louisiana","Madison",2654,1930,86,4670,724,"0%"
"Louisiana","Morehouse",4946,6510,118,11574,-1564,"0%"
"Louisiana","Natchitoches",6896,9358,300,16554,-2462,"0%"
"Louisiana","Orleans",147854,26664,3301,177819,121190,"0%"
"Louisiana","Ouachita",25913,42255,998,69166,-16342,"0%"
"Louisiana","Plaquemines",3414,7412,188,11014,-3998,"0%"
"Louisiana","Pointe Coupee",4683,7503,185,12371,-2820,"0%"
"Louisiana","Rapides",19475,38347,1043,58865,-18872,"0%"
"Louisiana","Red River",1644,2413,75,4132,-769,"0%"
"Louisiana","Richland",3225,6607,108,9940,-3382,"0%"
"Louisiana","Sabine",1731,8776,89,10596,-7045,"0%"
"Louisiana","St. Bernard",6151,11179,320,17650,-5028,"0%"
"Louisiana","St. Charles",9800,18233,484,28517,-8433,"0%"
"Louisiana","St. Helena",3346,2714,98,6158,632,"0%"
"Louisiana","St. James",6510,5954,126,12590,556,"0%"
"Louisiana","St. John the Baptist",13582,7538,312,21432,6044,"0%"
"Louisiana","St. Landry",17372,23171,611,41154,-5799,"0%"
"Louisiana","St. Martin",8439,18203,396,27038,-9764,"0%"
"Louisiana","St. Mary",8055,14811,320,23186,-6756,"0%"
"Louisiana","St. Tammany",37746,99666,2698,140110,-61920,"0%"
"Louisiana","Tangipahoa",18887,37806,968,57661,-18919,"0%"
"Louisiana","Tensas",1329,1197,28,2554,132,"0%"
"Louisiana","Terrebonne",11198,34339,703,46240,-23141,"0%"
"Louisiana","Union",2654,8407,140,11201,-5753,"0%"
"Louisiana","Vermilion",5009,21930,385,27324,-16921,"0%"
"Louisiana","Vernon",2898,14107,263,17268,-11209,"0%"
"Louisiana","Washington",5970,13307,236,19513,-7337,"0%"
"Louisiana","Webster",6172,11830,214,18216,-5658,"0%"
"Louisiana","West Baton Rouge",6200,7684,213,14097,-1484,"0%"
"Louisiana","West Carroll",710,4317,25,5052,-3607,"0%"
"Louisiana","West Feliciana",2298,3863,107,6268,-1565,"0%"
"Louisiana","Winn",1543,4619,63,6225,-3076,"0%"
"Massachusetts","Barnstable",90617,54759,3013,148389,35858,"NA%"
"Massachusetts","Berkshire",50864,17713,1548,70125,33151,"NA%"
"Massachusetts","Bristol",150063,118085,5897,274045,31978,"NA%"
"Massachusetts","Dukes",9763,2588,244,12595,7175,"NA%"
"Massachusetts","Essex",262332,142822,9194,414348,119510,"NA%"
"Massachusetts","Franklin",29048,10875,1183,41106,18173,"NA%"
"Massachusetts","Hampden",124231,86191,4803,215225,38040,"NA%"
"Massachusetts","Hampshire",61555,21807,1942,85304,39748,"NA%"
"Massachusetts","Middlesex",599370,223374,19427,842171,375996,"NA%"
"Massachusetts","Nantucket",5234,1912,151,7297,3322,"NA%"
"Massachusetts","Norfolk",268378,123839,9055,401272,144539,"NA%"
"Massachusetts","Plymouth",171347,120192,6938,298477,51155,"NA%"
"Massachusetts","Suffolk",252661,55699,5750,314110,196962,"NA%"
"Massachusetts","Worcester",243957,169758,11418,425133,74199,"NA%"
"Maryland","Allegany",9158,20886,467,30511,-11728,"11%"
"Maryland","Anne Arundel",172823,127821,6280,306924,45002,"0%"
"Maryland","Baltimore",257948,146072,7271,411291,111876,"6%"
"Maryland","Baltimore City",207260,25374,3555,236189,181886,"16%"
"Maryland","Calvert",22587,25346,899,48832,-2759,"8%"
"Maryland","Caroline",5095,10283,351,15729,-5188,"0%"
"Maryland","Carroll",36456,60218,2734,99408,-23762,"3%"
"Maryland","Cecil",16809,29439,1025,47273,-12630,"7%"
"Maryland","Charles",62171,25579,1313,89063,36592,"0%"
"Maryland","Dorchester",6857,8764,313,15934,-1907,"7%"
"Maryland","Frederick",77675,63682,3211,144568,13993,"0%"
"Maryland","Garrett",3281,12002,296,15579,-8721,"1%"
"Maryland","Harford",63095,80930,3196,147221,-17835,"2%"
"Maryland","Howard",129433,48390,3501,181324,81043,"0%"
"Maryland","Kent",5329,5195,216,10740,134,"4%"
"Maryland","Montgomery",412542,99414,8546,520502,313128,"3%"
"Maryland","Prince George's",379208,37090,6553,422851,342118,"0%"
"Maryland","Queen Anne's",10709,18741,629,30079,-8032,"0%"
"Maryland","Somerset",4241,5739,137,10117,-1498,"12%"
"Maryland","St. Mary's",23138,30826,1375,55339,-7688,"1%"
"Maryland","Talbot",11062,10946,392,22400,116,"3%"
"Maryland","Washington",26044,40224,1242,67510,-14180,"9%"
"Maryland","Wicomico",22054,22944,977,45975,-890,"4%"
"Maryland","Worcester",12560,18571,436,31567,-6011,"0%"
"Maine","Androscoggin",27568,29259,1943,58770,-1691,"NA%"
"Maine","Aroostook",13549,19998,754,34301,-6449,"NA%"
"Maine","Cumberland",128563,59491,5891,193945,69072,"NA%"
"Maine","Franklin",7061,7324,586,14971,-263,"NA%"
"Maine","Hancock",18412,13662,961,33035,4750,"NA%"
"Maine","Kennebec",34297,34151,2294,70742,146,"NA%"
"Maine","Knox",14798,9870,635,25303,4928,"NA%"
"Maine","Lincoln",11807,9723,612,22142,2084,"NA%"
"Maine","Oxford",14027,16860,997,31884,-2833,"NA%"
"Maine","Penobscot",35327,40132,2703,78162,-4805,"NA%"
"Maine","Piscataquis",3273,5703,248,9224,-2430,"NA%"
"Maine","Sagadahoc",13531,9755,756,24042,3776,"NA%"
"Maine","Somerset",8971,13915,643,23529,-4944,"NA%"
"Maine","Waldo",12389,11279,830,24498,1110,"NA%"
"Maine","Washington",4652,7104,302,12058,-2452,"NA%"
"Maine","York",72363,54099,3884,130346,18264,"NA%"
"Michigan","Alcona",2142,4848,73,7063,-2706,"0%"
"Michigan","Alger",2053,3014,68,5135,-961,"0%"
"Michigan","Allegan",24449,41392,1354,67195,-16943,"0%"
"Michigan","Alpena",6000,10686,280,16966,-4686,"0%"
"Michigan","Antrim",5960,9748,261,15969,-3788,"0%"
"Michigan","Arenac",2774,5928,NA,8831,-3154,"0%"
"Michigan","Baraga",1478,2512,NA,4036,-1034,"0%"
"Michigan","Barry",11797,23471,637,35905,-11674,"0%"
"Michigan","Bay",26151,33125,977,60253,-6974,"0%"
"Michigan","Benzie",5480,6601,NA,12260,-1121,"0%"
"Michigan","Berrien",37438,43519,NA,82379,-6081,"3%"
"Michigan","Branch",6159,14064,313,20536,-7905,"0%"
"Michigan","Calhoun",28876,36221,1178,66275,-7345,"0%"
"Michigan","Cass",9130,16699,413,26242,-7569,"0%"
"Michigan","Charlevoix",6939,9841,NA,17000,-2902,"0%"
"Michigan","Cheboygan",5437,10186,NA,15868,-4749,"0%"
"Michigan","Chippewa",6648,10681,342,17671,-4033,"0%"
"Michigan","Clare",5199,10861,221,16281,-5662,"0%"
"Michigan","Clinton",21968,25098,NA,47910,-3130,"0%"
"Michigan","Crawford",2672,5087,NA,7861,-2415,"0%"
"Michigan","Delta",7606,13207,343,21156,-5601,"0%"
"Michigan","Dickinson",4744,9617,NA,14589,-4873,"0%"
"Michigan","Eaton",31299,31798,1357,64454,-499,"0%"
"Michigan","Emmet",9662,12135,379,22176,-2473,"0%"
"Michigan","Genesee",119390,98714,3677,221781,20676,"4%"
"Michigan","Gladwin",4524,9893,186,14603,-5369,"0%"
"Michigan","Gogebic",3570,4600,106,8276,-1030,"0%"
"Michigan","Grand Traverse",28683,30502,NA,60227,-1819,"0%"
"Michigan","Gratiot",6693,12102,353,19148,-5409,"0%"
"Michigan","Hillsdale",5883,17037,368,23288,-11154,"0%"
"Michigan","Houghton",7750,10378,405,18533,-2628,"0%"
"Michigan","Huron",5490,12731,233,18454,-7241,"0%"
"Michigan","Ingham",94212,47639,2936,144787,46573,"0%"
"Michigan","Ionia",10901,20657,NA,32205,-9756,"0%"
"Michigan","Iosco",5373,9759,255,15387,-4386,"0%"
"Michigan","Iron",2493,4216,86,6795,-1723,"0%"
"Michigan","Isabella",14072,14815,522,29409,-743,"0%"
"Michigan","Jackson",31995,47372,1647,81014,-15377,"0%"
"Michigan","Kalamazoo",83686,56823,NA,143376,26863,"2%"
"Michigan","Kalkaska",3002,7436,192,10630,-4434,"0%"
"Michigan","Kent",187915,165741,NA,360839,22174,"0%"
"Michigan","Keweenaw",672,862,23,1557,-190,"0%"
"Michigan","Lake",2288,3946,98,6332,-1658,"0%"
"Michigan","Lapeer",16367,35482,791,52640,-19115,"0%"
"Michigan","Leelanau",8795,7916,222,16933,879,"0%"
"Michigan","Lenawee",20918,31541,993,53452,-10623,"0%"
"Michigan","Livingston",48220,76982,NA,127166,-28762,"0%"
"Michigan","Luce",842,2109,50,3001,-1267,"3%"
"Michigan","Mackinac",2632,4304,NA,7015,-1672,"0%"
"Michigan","Macomb",223952,263863,6404,494219,-39911,"0%"
"Michigan","Manistee",6107,8321,226,14654,-2214,"0%"
"Michigan","Marquette",20465,16286,707,37458,4179,"0%"
"Michigan","Mason",6802,10207,240,17249,-3405,"0%"
"Michigan","Mecosta",7375,13267,439,21081,-5892,"0%"
"Michigan","Menominee",4316,8117,188,12621,-3801,"0%"
"Michigan","Midland",20493,27675,1007,49175,-7182,"0%"
"Michigan","Missaukee",1967,6648,140,8755,-4681,"0%"
"Michigan","Monroe",32975,52710,NA,87148,-19735,"0%"
"Michigan","Montcalm",9703,21815,568,32086,-12112,"0%"
"Michigan","Montmorency",1628,4171,64,5863,-2543,"0%"
"Michigan","Muskegon",45643,45133,1659,92435,510,"2%"
"Michigan","Newaygo",7873,18857,426,27156,-10984,"0%"
"Michigan","Oakland",434148,325971,11872,771991,108177,"1%"
"Michigan","Oceana",4944,8892,244,14080,-3948,"0%"
"Michigan","Ogemaw",3475,8253,179,11907,-4778,"0%"
"Michigan","Ontonagon",1391,2358,61,3810,-967,"0%"
"Michigan","Osceola",3214,8928,198,12340,-5714,"0%"
"Michigan","Oscoda",1342,3466,66,4874,-2124,"0%"
"Michigan","Otsego",4743,9779,234,14756,-5036,"0%"
"Michigan","Ottawa",64705,100913,NA,168627,-36208,"0%"
"Michigan","Presque Isle",2911,5342,102,8355,-2431,"0%"
"Michigan","Roscommon",5166,9670,182,15018,-4504,"4%"
"Michigan","Saginaw",51088,50785,NA,103347,303,"0%"
"Michigan","Sanilac",5966,16194,286,22446,-10228,"0%"
"Michigan","Schoolcraft",1589,3090,66,4745,-1501,"0%"
"Michigan","Shiawassee",15347,23149,724,39220,-7802,"0%"
"Michigan","St. Clair",31363,59185,1515,92063,-27822,"0%"
"Michigan","St. Joseph",9262,18127,592,27981,-8865,"0%"
"Michigan","Tuscola",8712,20297,470,29479,-11585,"0%"
"Michigan","Van Buren",16803,21591,NA,39063,-4788,"0%"
"Michigan","Washtenaw",157136,56241,3554,216931,100895,"0%"
"Michigan","Wayne",597170,264553,12295,874018,332617,"0%"
"Michigan","Wexford",5838,12102,352,18292,-6264,"0%"
"Minnesota","Aitkin",3607,6258,NA,10010,-2651,"0%"
"Minnesota","Anoka",100892,104903,NA,210491,-4011,"2%"
"Minnesota","Becker",6592,12452,NA,19418,-5860,"0%"
"Minnesota","Beltrami",11426,12188,NA,24131,-762,"5%"
"Minnesota","Benton",7281,14382,NA,22219,-7101,"0%"
"Minnesota","Big Stone",1052,1862,58,2972,-810,"1%"
"Minnesota","Blue Earth",18330,16731,NA,35969,1599,"9%"
"Minnesota","Brown",4750,9550,330,14630,-4800,"0%"
"Minnesota","Carlton",10094,9787,480,20361,307,"0%"
"Minnesota","Carver",30770,34012,NA,66119,-3242,"0%"
"Minnesota","Cass",6342,11621,NA,18256,-5279,"0%"
"Minnesota","Chippewa",2226,4250,135,6611,-2024,"0%"
"Minnesota","Chisago",11803,21915,NA,34493,-10112,"0%"
"Minnesota","Clay",16345,15031,839,32215,1314,"6%"
"Minnesota","Clearwater",1258,3371,76,4705,-2113,"0%"
"Minnesota","Cook",2496,1203,NA,3785,1293,"0%"
"Minnesota","Cottonwood",1834,4165,NA,6097,-2331,"5%"
"Minnesota","Crow Wing",13726,25676,NA,40073,-11950,"0%"
"Minnesota","Dakota",145510,109183,6414,261107,36327,"3%"
"Minnesota","Dodge",4074,7774,305,12153,-3700,"0%"
"Minnesota","Douglas",7868,15799,NA,24120,-7931,"5%"
"Minnesota","Faribault",2531,5191,NA,7892,-2660,"0%"
"Minnesota","Fillmore",4551,7301,NA,12104,-2750,"1%"
"Minnesota","Freeborn",6889,9578,NA,16791,-2689,"0%"
"Minnesota","Goodhue",11805,16052,NA,28566,-4247,"4%"
"Minnesota","Grant",1300,2269,NA,3650,-969,"2%"
"Minnesota","Hennepin",532608,205966,NA,753159,326642,"5%"
"Minnesota","Houston",4851,6334,253,11438,-1483,"2%"
"Minnesota","Hubbard",4462,8202,NA,12927,-3740,"3%"
"Minnesota","Isanti",7138,16491,NA,24162,-9353,"0%"
"Minnesota","Itasca",10787,15239,NA,26512,-4452,"0%"
"Minnesota","Jackson",1745,3948,NA,5813,-2203,"4%"
"Minnesota","Kanabec",2774,6278,NA,9224,-3504,"0%"
"Minnesota","Kandiyohi",8440,14437,NA,23313,-5997,"3%"
"Minnesota","Kittson",1006,1546,87,2639,-540,"0%"
"Minnesota","Koochiching",2657,4131,132,6920,-1474,"0%"
"Minnesota","Lac Qui Parle",1445,2527,67,4039,-1082,"5%"
"Minnesota","Lake",3646,3392,162,7200,254,"9%"
"Minnesota","Lake of the Woods",671,1704,NA,2405,-1033,"0%"
"Minnesota","Le Sueur",5671,10775,NA,16775,-5104,"0%"
"Minnesota","Lincoln",937,2120,57,3114,-1183,"7%"
"Minnesota","Lyon",4630,7979,280,12889,-3349,"0%"
"Minnesota","Mahnomen",1112,1143,NA,2303,-31,"0%"
"Minnesota","Marshall",1295,3721,NA,5101,-2426,"1%"
"Minnesota","Martin",3304,7476,258,11038,-4172,"0%"
"Minnesota","McLeod",6413,13986,NA,20888,-7573,"0%"
"Minnesota","Meeker",3867,9358,NA,13496,-5491,"0%"
"Minnesota","Mille Lacs",4403,9953,NA,14666,-5550,"0%"
"Minnesota","Morrison",4367,14819,NA,19523,-10452,"0%"
"Minnesota","Mower",8997,10067,NA,19441,-1070,"4%"
"Minnesota","Murray",1449,3363,NA,4883,-1914,"4%"
"Minnesota","Nicollet",9622,9018,484,19124,604,"10%"
"Minnesota","Nobles",2928,5598,182,8708,-2670,"0%"
"Minnesota","Norman",1404,1954,NA,3434,-550,"2%"
"Minnesota","Olmsted",49492,39692,NA,91086,9800,"2%"
"Minnesota","Otter Tail",11940,23794,638,36372,-11854,"4%"
"Minnesota","Pennington",2568,4532,NA,7263,-1964,"0%"
"Minnesota","Pine",5416,10256,326,15998,-4840,"0%"
"Minnesota","Pipestone",1306,3553,NA,4932,-2247,"0%"
"Minnesota","Polk",5435,9857,289,15581,-4422,"4%"
"Minnesota","Pope",2478,4413,128,7019,-1935,"0%"
"Minnesota","Ramsey",211628,77381,NA,294849,134247,"8%"
"Minnesota","Red Lake",689,1450,51,2190,-761,"0%"
"Minnesota","Redwood",2358,5775,157,8290,-3417,"0%"
"Minnesota","Renville",2497,5465,NA,8115,-2968,"0%"
"Minnesota","Rice",17402,17463,NA,35608,-61,"5%"
"Minnesota","Rock",1554,3580,101,5235,-2026,"0%"
"Minnesota","Roseau",2188,6065,NA,8408,-3877,"0%"
"Minnesota","Scott",40037,45871,NA,87729,-5834,"0%"
"Minnesota","Sherburne",18065,36221,NA,55486,-18156,"1%"
"Minnesota","Sibley",2417,5864,170,8451,-3447,"0%"
"Minnesota","St. Louis",67836,49214,2809,119859,18622,"10%"
"Minnesota","Stearns",31883,50960,NA,84647,-19077,"8%"
"Minnesota","Steele",7917,12656,NA,21076,-4739,"5%"
"Minnesota","Stevens",1921,3044,97,5062,-1123,"0%"
"Minnesota","Swift",1784,3316,NA,5185,-1532,"0%"
"Minnesota","Todd",3286,9755,NA,13238,-6469,"0%"
"Minnesota","Traverse",662,1173,NA,1864,-511,"6%"
"Minnesota","Wabasha",4696,8153,NA,13097,-3457,"0%"
"Minnesota","Wadena",2023,5520,NA,7661,-3497,"0%"
"Minnesota","Waseca",3496,6624,269,10389,-3128,"0%"
"Minnesota","Washington",89164,73764,NA,166267,15400,"1%"
"Minnesota","Watonwan",1987,3103,NA,5191,-1116,"0%"
"Minnesota","Wilkin",1027,2333,75,3435,-1306,"3%"
"Minnesota","Winona",13333,13227,NA,27108,106,"14%"
"Minnesota","Wright",28427,51970,2023,82420,-23543,"0%"
"Minnesota","Yellow Medicine",1685,3734,106,5525,-2049,"0%"
"Missouri","Adair",3705,6391,241,10337,-2686,"0%"
"Missouri","Andrew",2351,7256,168,9775,-4905,"0%"
"Missouri","Atchison",564,2199,NA,2814,-1635,"0%"
"Missouri","Audrain",2703,7727,230,10660,-5024,"0%"
"Missouri","Barry",2948,12425,NA,15598,-9477,"0%"
"Missouri","Barton",844,5168,65,6077,-4324,"0%"
"Missouri","Bates",1672,6595,168,8435,-4923,"0%"
"Missouri","Benton",2179,8106,193,10478,-5927,"0%"
"Missouri","Bollinger",749,5162,70,5981,-4413,"0%"
"Missouri","Boone",50064,38646,2616,91326,11418,"1%"
"Missouri","Buchanan",13445,22450,818,36713,-9005,"5%"
"Missouri","Butler",3301,14599,265,18165,-11298,"0%"
"Missouri","Caldwell",897,3725,74,4696,-2828,"0%"
"Missouri","Callaway",5868,14812,498,21178,-8944,"0%"
"Missouri","Camden",5640,18825,309,24774,-13185,"0%"
"Missouri","Cape Girardeau",10738,28873,NA,40252,-18135,"1%"
"Missouri","Carroll",785,3706,NA,4531,-2921,"1%"
"Missouri","Carter",418,2451,37,2906,-2033,"0%"
"Missouri","Cass",19035,37172,1317,57524,-18137,"0%"
"Missouri","Cedar",1143,5786,NA,7039,-4643,"0%"
"Missouri","Chariton",916,3109,49,4074,-2193,"0%"
"Missouri","Christian",11126,34904,874,46904,-23778,"0%"
"Missouri","Clark",678,2672,NA,3394,-1994,"0%"
"Missouri","Clay",59519,64583,2516,126618,-5064,"0%"
"Missouri","Clinton",2894,7789,211,10894,-4895,"0%"
"Missouri","Cole",12687,26066,NA,39486,-13379,"4%"
"Missouri","Cooper",2249,6272,189,8710,-4023,"0%"
"Missouri","Crawford",2113,8725,NA,10973,-6612,"0%"
"Missouri","Dade",656,3414,53,4123,-2758,"0%"
"Missouri","Dallas",1380,6620,122,8122,-5240,"0%"
"Missouri","Daviess",740,3077,67,3884,-2337,"0%"
"Missouri","DeKalb",930,3827,NA,4842,-2897,"0%"
"Missouri","Dent",1056,5987,NA,7142,-4931,"0%"
"Missouri","Douglas",1012,5896,86,6994,-4884,"0%"
"Missouri","Dunklin",2200,8135,NA,10419,-5935,"7%"
"Missouri","Franklin",14561,38034,1155,53750,-23473,"1%"
"Missouri","Gasconade",1601,6222,111,7934,-4621,"0%"
"Missouri","Gentry",613,2580,46,3239,-1967,"0%"
"Missouri","Greene",55068,83630,3574,142272,-28562,"0%"
"Missouri","Grundy",799,3585,NA,4437,-2786,"4%"
"Missouri","Harrison",597,3198,30,3825,-2601,"1%"
"Missouri","Henry",2615,8019,NA,10776,-5404,"0%"
"Missouri","Hickory",1054,3965,61,5080,-2911,"0%"
"Missouri","Holt",338,1976,30,2344,-1638,"5%"
"Missouri","Howard",1412,3552,NA,5089,-2140,"0%"
"Missouri","Howell",3214,15174,NA,18637,-11960,"0%"
"Missouri","Iron",945,3596,NA,4592,-2651,"0%"
"Missouri","Jackson",198652,126308,7642,332602,72344,"3%"
"Missouri","Jasper",13539,37714,1262,52515,-24175,"0%"
"Missouri","Jefferson",37507,77021,2101,116629,-39514,"0%"
"Missouri","Johnson",6961,15468,705,23134,-8507,"0%"
"Missouri","Knox",340,1486,30,1856,-1146,"0%"
"Missouri","LaClede",2779,13755,285,16819,-10976,"0%"
"Missouri","Lafayette",4470,12262,351,17083,-7792,"0%"
"Missouri","Lawrence",3214,14421,295,17930,-11207,"0%"
"Missouri","Lewis",984,3541,82,4607,-2557,"1%"
"Missouri","Lincoln",6553,21702,NA,28814,-15149,"0%"
"Missouri","Linn",1274,4344,NA,5700,-3070,"3%"
"Missouri","Livingston",1409,5266,NA,6755,-3857,"0%"
"Missouri","Macon",1661,6075,NA,7834,-4414,"0%"
"Missouri","Madison",1017,4581,73,5671,-3564,"0%"
"Missouri","Maries",814,3890,70,4774,-3076,"0%"
"Missouri","Marion",3201,9910,259,13370,-6709,"0%"
"Missouri","McDonald",1437,7465,NA,9050,-6028,"0%"
"Missouri","Mercer",222,1541,NA,1779,-1319,"3%"
"Missouri","Miller",2038,10175,NA,12379,-8137,"0%"
"Missouri","Mississippi",1178,3537,41,4756,-2359,"0%"
"Missouri","Moniteau",1307,5738,NA,7150,-4431,"0%"
"Missouri","Monroe",931,3466,NA,4467,-2535,"0%"
"Missouri","Montgomery",1206,4457,107,5770,-3251,"0%"
"Missouri","Morgan",1924,7439,NA,9484,-5515,"0%"
"Missouri","New Madrid",1748,5447,NA,7248,-3699,"6%"
"Missouri","Newton",5793,22090,513,28396,-16297,"0%"
"Missouri","Nodaway",2849,6855,NA,9874,-4006,"3%"
"Missouri","Oregon",823,3847,72,4742,-3024,"3%"
"Missouri","Osage",1031,6341,NA,7449,-5310,"0%"
"Missouri","Ozark",752,4064,54,4870,-3312,"0%"
"Missouri","Pemiscot",1556,4116,NA,5727,-2560,"14%"
"Missouri","Perry",1661,7634,134,9429,-5973,"0%"
"Missouri","Pettis",4776,13835,NA,19069,-9059,"0%"
"Missouri","Phelps",5619,13438,NA,19495,-7819,"3%"
"Missouri","Pike",1717,5856,NA,7686,-4139,"1%"
"Missouri","Platte",28111,29251,1161,58523,-1140,"0%"
"Missouri","Polk",2883,11849,NA,15059,-8966,"0%"
"Missouri","Pulaski",3735,10326,NA,14405,-6591,"2%"
"Missouri","Putnam",361,1984,NA,2361,-1623,"4%"
"Missouri","Ralls",1205,4396,NA,5662,-3191,"0%"
"Missouri","Randolph",2485,8018,NA,10742,-5533,"1%"
"Missouri","Ray",3107,8328,219,11654,-5221,"0%"
"Missouri","Reynolds",529,2733,NA,3298,-2204,"2%"
"Missouri","Ripley",833,4838,72,5743,-4005,"0%"
"Missouri","Saline",2903,6447,178,9528,-3544,"0%"
"Missouri","Schuyler",373,1606,26,2005,-1233,"0%"
"Missouri","Scotland",387,1560,38,1985,-1173,"0%"
"Missouri","Scott",3753,13769,226,17748,-10016,"0%"
"Missouri","Shannon",706,3164,38,3908,-2458,"4%"
"Missouri","Shelby",592,2699,64,3355,-2107,"0%"
"Missouri","St. Charles",89346,128193,4636,222175,-38847,"0%"
"Missouri","St. Clair",988,3930,NA,4972,-2942,"4%"
"Missouri","St. Francois",7044,20506,NA,27996,-13462,"0%"
"Missouri","St. Louis City",110089,21474,2809,134372,88615,"0%"
"Missouri","St. Louis County",328151,199493,8802,536446,128658,"8%"
"Missouri","Ste. Genevieve",2713,6627,155,9495,-3914,"0%"
"Missouri","Stoddard",1814,11460,136,13410,-9646,"4%"
"Missouri","Stone",3506,14800,214,18520,-11294,"0%"
"Missouri","Sullivan",478,1974,NA,2471,-1496,"9%"
"Missouri","Taney",5325,20426,489,26240,-15101,"0%"
"Missouri","Texas",1716,9478,138,11332,-7762,"1%"
"Missouri","Vernon",1902,7135,NA,9164,-5233,"0%"
"Missouri","Warren",4769,13222,NA,18373,-8453,"0%"
"Missouri","Washington",1804,8046,NA,9971,-6242,"0%"
"Missouri","Wayne",844,4984,NA,5874,-4140,"3%"
"Missouri","Webster",3572,14874,330,18776,-11302,"0%"
"Missouri","Worth",215,877,NA,1107,-662,"0%"
"Missouri","Wright",1167,7452,NA,8737,-6285,"0%"
"Mississippi","Adams",7917,5696,146,13759,2221,"0%"
"Mississippi","Alcorn",2782,12818,211,15811,-10036,"0%"
"Mississippi","Amite",2620,4503,84,7207,-1883,"0%"
"Mississippi","Attala",3542,5178,112,8832,-1636,"0%"
"Mississippi","Benton",1679,2570,43,4292,-891,"0%"
"Mississippi","Bolivar",8904,4671,180,13755,4233,"0%"
"Mississippi","Calhoun",1902,4625,68,6595,-2723,"0%"
"Mississippi","Carroll",1729,3924,52,5705,-2195,"3%"
"Mississippi","Chickasaw",3810,4175,163,8148,-365,"0%"
"Mississippi","Choctaw",1185,3001,39,4225,-1816,"0%"
"Mississippi","Claiborne",3772,603,78,4453,3169,"1%"
"Mississippi","Clarke",2838,5417,92,8347,-2579,"0%"
"Mississippi","Clay",5844,4181,181,10206,1663,"1%"
"Mississippi","Coahoma",6130,2400,112,8642,3730,"0%"
"Mississippi","Copiah",6470,6250,177,12897,220,"0%"
"Mississippi","Covington",3416,5854,101,9371,-2438,"0%"
"Mississippi","DeSoto",28265,46462,1521,76248,-18197,"0%"
"Mississippi","Forrest",13755,17290,680,31725,-3535,"0%"
"Mississippi","Franklin",1480,2923,61,4464,-1443,"0%"
"Mississippi","George",1218,9713,133,11064,-8495,"0%"
"Mississippi","Greene",966,4794,56,5816,-3828,"0%"
"Mississippi","Grenada",4734,6081,104,10919,-1347,"2%"
"Mississippi","Hancock",4504,16132,321,20957,-11628,"0%"
"Mississippi","Harrison",27728,46822,1315,75865,-19094,"0%"
"Mississippi","Hinds",73550,25141,1500,100191,48409,"14%"
"Mississippi","Holmes",6588,1369,158,8115,5219,"0%"
"Mississippi","Humphreys",3016,1118,55,4189,1898,"0%"
"Mississippi","Issaquena",355,308,13,676,47,"1%"
"Mississippi","Itawamba",1249,9438,139,10826,-8189,"0%"
"Mississippi","Jackson",17375,36295,953,54623,-18920,"0%"
"Mississippi","Jasper",4341,4302,99,8742,39,"0%"
"Mississippi","Jeff Davis",3599,2534,80,6213,1065,"0%"
"Mississippi","Jefferson",3327,531,53,3911,2796,"0%"
"Mississippi","Jones",8517,21226,348,30091,-12709,"0%"
"Mississippi","Kemper",2887,1787,58,4732,1100,"0%"
"Mississippi","Lafayette",10070,12949,462,23481,-2879,"0%"
"Mississippi","Lamar",7340,20704,482,28526,-13364,"0%"
"Mississippi","Lauderdale",12960,17967,339,31266,-5007,"0%"
"Mississippi","Lawrence",2260,4285,72,6617,-2025,"0%"
"Mississippi","Leake",3897,5228,79,9204,-1331,"0%"
"Mississippi","Lee",12189,24207,607,37003,-12018,"5%"
"Mississippi","Leflore",7648,3129,116,10893,4519,"0%"
"Mississippi","Lincoln",5040,11596,182,16818,-6556,"0%"
"Mississippi","Lowndes",13087,13800,386,27273,-713,"0%"
"Mississippi","Madison",24440,31091,804,56335,-6651,"0%"
"Mississippi","Marion",3787,8273,134,12194,-4486,"0%"
"Mississippi","Marshall",8057,7566,207,15830,491,"0%"
"Mississippi","Monroe",5874,11177,228,17279,-5303,"0%"
"Mississippi","Montgomery",2121,2917,40,5078,-796,"0%"
"Mississippi","Neshoba",3260,8320,140,11720,-5060,"0%"
"Mississippi","Newton",3075,6997,117,10189,-3922,"0%"
"Mississippi","Noxubee",4040,1240,61,5341,2800,"0%"
"Mississippi","Oktibbeha",10299,9004,509,19812,1295,"0%"
"Mississippi","Panola",7403,8060,172,15635,-657,"0%"
"Mississippi","Pearl River",4148,19595,313,24056,-15447,"0%"
"Mississippi","Perry",1362,4500,60,5922,-3138,"0%"
"Mississippi","Pike",8646,8479,235,17360,167,"0%"
"Mississippi","Pontotoc",2614,11550,213,14377,-8936,"0%"
"Mississippi","Prentiss",2139,8312,137,10588,-6173,"0%"
"Mississippi","Quitman",2150,1026,53,3229,1124,"0%"
"Mississippi","Rankin",18847,50895,913,70655,-32048,"0%"
"Mississippi","Scott",4330,6285,129,10744,-1955,"0%"
"Mississippi","Sharkey",1465,688,30,2183,777,"0%"
"Mississippi","Simpson",4037,7635,148,11820,-3598,"0%"
"Mississippi","Smith",1791,6458,78,8327,-4667,"0%"
"Mississippi","Stone",1802,5964,112,7878,-4162,"0%"
"Mississippi","Sunflower",6781,2799,103,9683,3982,"0%"
"Mississippi","Tallahatchie",3105,2488,98,5691,617,"0%"
"Mississippi","Tate",4183,8707,211,13101,-4524,"0%"
"Mississippi","Tippah",1937,8054,111,10102,-6117,"0%"
"Mississippi","Tishomingo",1059,7933,155,9147,-6874,"0%"
"Mississippi","Tunica",2580,926,59,3565,1654,"0%"
"Mississippi","Union",2160,10373,150,12683,-8213,"0%"
"Mississippi","Walthall",2835,4220,67,7122,-1385,"4%"
"Mississippi","Warren",10442,10365,249,21056,77,"0%"
"Mississippi","Washington",12503,5300,222,18025,7203,"0%"
"Mississippi","Wayne",3624,6307,134,10065,-2683,"0%"
"Mississippi","Webster",1043,4291,68,5402,-3248,"0%"
"Mississippi","Wilkinson",2749,1324,57,4130,1425,"0%"
"Mississippi","Winston",4040,5112,92,9244,-1072,"0%"
"Mississippi","Yalobusha",2785,3671,82,6538,-886,"0%"
"Mississippi","Yazoo",5496,4832,113,10441,664,"0%"
"Montana","Beaverhead",1608,3923,130,5661,-2315,"0%"
"Montana","Big Horn",2491,2207,86,4784,284,"0%"
"Montana","Blaine",1589,1469,59,3117,120,"1%"
"Montana","Broadwater",835,3173,89,4097,-2338,"0%"
"Montana","Carbon",2421,4468,212,7101,-2047,"0%"
"Montana","Carter",74,775,15,864,-701,"0%"
"Montana","Cascade",15456,23315,1114,39885,-7859,"0%"
"Montana","Chouteau",991,1891,92,2974,-900,"1%"
"Montana","Custer",1514,4205,164,5883,-2691,"0%"
"Montana","Daniels",195,799,20,1014,-604,"2%"
"Montana","Dawson",962,3758,117,4837,-2796,"0%"
"Montana","Deer Lodge",2562,2186,143,4891,376,"0%"
"Montana","Fallon",172,1375,28,1575,-1203,"0%"
"Montana","Fergus",1496,4869,166,6531,-3373,"0%"
"Montana","Flathead",20274,38321,1663,60258,-18047,"0%"
"Montana","Gallatin",37044,31696,2767,71507,5348,"0%"
"Montana","Garfield",41,764,8,813,-723,"0%"
"Montana","Glacier",3610,1884,145,5639,1726,"1%"
"Montana","Golden Valley",78,414,11,503,-336,"0%"
"Montana","Granite",638,1419,45,2102,-781,"0%"
"Montana","Hill",2981,3957,244,7182,-976,"1%"
"Montana","Jefferson",2625,5345,221,8191,-2720,"0%"
"Montana","Judith Basin",275,1040,29,1344,-765,"0%"
"Montana","Lake",6916,9322,388,16626,-2406,"0%"
"Montana","Lewis and Clark",19743,21409,1333,42485,-1666,"0%"
"Montana","Liberty",249,821,13,1083,-572,"0%"
"Montana","Lincoln",2835,8672,240,11747,-5837,"0%"
"Montana","Madison",1771,4191,151,6113,-2420,"0%"
"Montana","McCone",155,956,NA,1128,-801,"0%"
"Montana","Meagher",258,833,19,1110,-575,"1%"
"Montana","Mineral",686,1828,49,2563,-1142,"0%"
"Montana","Missoula",43357,26347,2282,71986,17010,"0%"
"Montana","Musselshell",413,2423,45,2881,-2010,"0%"
"Montana","Park",5280,6025,313,11618,-745,"0%"
"Montana","Petroleum",39,298,14,351,-259,"0%"
"Montana","Phillips",416,1936,34,2386,-1520,"0%"
"Montana","Pondera",903,2031,61,2995,-1128,"0%"
"Montana","Powder River",154,970,12,1136,-816,"0%"
"Montana","Powell",752,2355,88,3195,-1603,"0%"
"Montana","Prairie",126,603,15,744,-477,"0%"
"Montana","Ravalli",8763,19114,630,28507,-10351,"0%"
"Montana","Richland",875,4800,123,5798,-3925,"0%"
"Montana","Roosevelt",1910,1996,122,4028,-86,"0%"
"Montana","Rosebud",1199,2486,99,3784,-1287,"0%"
"Montana","Sanders",1820,5660,172,7652,-3840,"0%"
"Montana","Sheridan",574,1403,53,2030,-829,"0%"
"Montana","Silver Bow",10392,7745,690,18827,2647,"0%"
"Montana","Stillwater",1156,4462,123,5741,-3306,"0%"
"Montana","Sweet Grass",549,1840,57,2446,-1291,"1%"
"Montana","Teton",1007,2608,80,3695,-1601,"0%"
"Montana","Toole",467,1596,60,2123,-1129,"0%"
"Montana","Treasure",78,373,NA,460,-295,"1%"
"Montana","Valley",1030,3135,107,4272,-2105,"0%"
"Montana","Wheatland",225,823,20,1068,-598,"0%"
"Montana","Wibaux",77,516,5,598,-439,"0%"
"Montana","Yellowstone",30679,50772,2370,83821,-20093,"0%"
"North Carolina","Alamance",38825,46056,1210,86091,-7231,"0%"
"North Carolina","Alexander",4145,15888,203,20236,-11743,"0%"
"North Carolina","Alleghany",1486,4527,63,6076,-3041,"0%"
"North Carolina","Anson",5789,5321,84,11194,468,"0%"
"North Carolina","Ashe",4164,11451,199,15814,-7287,"0%"
"North Carolina","Avery",2191,7172,95,9458,-4981,"0%"
"North Carolina","Beaufort",9633,16437,245,26315,-6804,"0%"
"North Carolina","Bertie",5939,3817,59,9815,2122,"0%"
"North Carolina","Bladen",7326,9676,123,17125,-2350,"0%"
"North Carolina","Brunswick",33310,55850,1015,90175,-22540,"0%"
"North Carolina","Buncombe",96515,62412,2642,161569,34103,"0%"
"North Carolina","Burke",13118,31019,465,44602,-17901,"0%"
"North Carolina","Cabarrus",52162,63237,1828,117227,-11075,"0%"
"North Carolina","Caldwell",10245,32119,465,42829,-21874,"0%"
"North Carolina","Camden",1537,4312,104,5953,-2775,"0%"
"North Carolina","Carteret",12093,30028,574,42695,-17935,"0%"
"North Carolina","Caswell",4860,7089,102,12051,-2229,"0%"
"North Carolina","Catawba",25689,56588,1148,83425,-30899,"0%"
"North Carolina","Chatham",26787,21186,626,48599,5601,"0%"
"North Carolina","Cherokee",3583,12628,212,16423,-9045,"0%"
"North Carolina","Chowan",3247,4471,66,7784,-1224,"0%"
"North Carolina","Clay",1699,5112,82,6893,-3413,"0%"
"North Carolina","Cleveland",16955,33798,555,51308,-16843,"0%"
"North Carolina","Columbus",9446,16832,168,26446,-7386,"0%"
"North Carolina","Craven",21148,31032,885,53065,-9884,"0%"
"North Carolina","Cumberland",84469,60032,2649,147150,24437,"0%"
"North Carolina","Currituck",4195,11657,295,16147,-7462,"0%"
"North Carolina","Dare",9936,13938,358,24232,-4002,"0%"
"North Carolina","Davidson",22636,64658,1220,88514,-42022,"0%"
"North Carolina","Davie",6713,18228,370,25311,-11515,"0%"
"North Carolina","Duplin",8767,13793,155,22715,-5026,"0%"
"North Carolina","Durham",144688,32459,2767,179914,112229,"0%"
"North Carolina","Edgecombe",16089,9206,182,25477,6883,"0%"
"North Carolina","Forsyth",113029,85060,3173,201262,27969,"0%"
"North Carolina","Franklin",15882,20904,571,37357,-5022,"0%"
"North Carolina","Gaston",40959,73033,1506,115498,-32074,"0%"
"North Carolina","Gates",2546,3367,58,5971,-821,"0%"
"North Carolina","Graham",905,3710,50,4665,-2805,"0%"
"North Carolina","Granville",14565,16647,386,31598,-2082,"0%"
"North Carolina","Greene",3832,4874,47,8753,-1042,"0%"
"North Carolina","Guilford",173086,107294,4106,284486,65792,"0%"
"North Carolina","Halifax",15545,10080,134,25759,5465,"0%"
"North Carolina","Harnett",22093,35177,1023,58293,-13084,"0%"
"North Carolina","Haywood",13144,22834,564,36542,-9690,"0%"
"North Carolina","Henderson",27211,40032,1128,68371,-12821,"0%"
"North Carolina","Hertford",7097,3479,58,10634,3618,"0%"
"North Carolina","Hoke",11804,9453,382,21639,2351,"2%"
"North Carolina","Hyde",1046,1418,28,2492,-372,"0%"
"North Carolina","Iredell",33888,67010,1473,102371,-33122,"0%"
"North Carolina","Jackson",9591,11356,481,21428,-1765,"0%"
"North Carolina","Johnston",41261,68354,1747,111362,-27093,"0%"
"North Carolina","Jones",2197,3280,48,5525,-1083,"0%"
"North Carolina","Lee",12143,16469,396,29008,-4326,"0%"
"North Carolina","Lenoir",13605,14590,214,28409,-985,"0%"
"North Carolina","Lincoln",13274,36341,602,50217,-23067,"0%"
"North Carolina","Macon",6230,14211,302,20743,-7981,"0%"
"North Carolina","Madison",4901,7979,196,13076,-3078,"0%"
"North Carolina","Martin",5911,6532,97,12540,-621,"0%"
"North Carolina","McDowell",5832,16883,288,23003,-11051,"0%"
"North Carolina","Mecklenburg",378107,179211,9735,567053,198896,"0%"
"North Carolina","Mitchell",1867,7090,84,9041,-5223,"0%"
"North Carolina","Montgomery",4327,8411,111,12849,-4084,"0%"
"North Carolina","Moore",20779,36764,796,58339,-15985,"0%"
"North Carolina","Nash",25947,25827,497,52271,120,"0%"
"North Carolina","New Hanover",66146,63333,2361,131840,2813,"0%"
"North Carolina","Northampton",6069,3989,51,10109,2080,"0%"
"North Carolina","Onslow",24266,46078,1891,72235,-21812,"0%"
"North Carolina","Orange",63594,20176,1227,84997,43418,"0%"
"North Carolina","Pamlico",2713,4849,69,7631,-2136,"0%"
"North Carolina","Pasquotank",9832,9770,295,19897,62,"0%"
"North Carolina","Pender",11723,21956,490,34169,-10233,"0%"
"North Carolina","Perquimans",2492,4903,89,7484,-2411,"0%"
"North Carolina","Person",8465,13184,245,21894,-4719,"0%"
"North Carolina","Pitt",47252,38982,1339,87573,8270,"0%"
"North Carolina","Polk",4518,7689,151,12358,-3171,"0%"
"North Carolina","Randolph",15618,56894,804,73316,-41276,"0%"
"North Carolina","Richmond",8754,11830,179,20763,-3076,"0%"
"North Carolina","Robeson",19020,27806,362,47188,-8786,"0%"
"North Carolina","Rockingham",15992,31301,516,47809,-15309,"0%"
"North Carolina","Rowan",23114,49297,997,73408,-26183,"0%"
"North Carolina","Rutherford",9135,24891,403,34429,-15756,"0%"
"North Carolina","Sampson",10966,17411,241,28618,-6445,"0%"
"North Carolina","Scotland",7186,7473,116,14775,-287,"0%"
"North Carolina","Stanly",8129,25458,352,33939,-17329,"0%"
"North Carolina","Stokes",5286,20143,273,25702,-14857,"0%"
"North Carolina","Surry",8721,27538,379,36638,-18817,"0%"
"North Carolina","Swain",2780,4161,127,7068,-1381,"0%"
"North Carolina","Transylvania",8444,11636,324,20404,-3192,"0%"
"North Carolina","Tyrrell",758,1044,15,1817,-286,"0%"
"North Carolina","Union",48725,80382,1904,131011,-31657,"0%"
"North Carolina","Vance",12431,8391,177,20999,4040,"0%"
"North Carolina","Wake",393336,226197,12297,631830,167139,"0%"
"North Carolina","Warren",6400,3752,141,10293,2648,"0%"
"North Carolina","Washington",3396,2781,28,6205,615,"0%"
"North Carolina","Watauga",17122,14451,647,32220,2671,"0%"
"North Carolina","Wayne",24215,30709,613,55537,-6494,"0%"
"North Carolina","Wilkes",7510,27591,363,35464,-20081,"0%"
"North Carolina","Wilson",20754,19581,400,40735,1173,"0%"
"North Carolina","Yadkin",3763,15933,227,19923,-12170,"0%"
"North Carolina","Yancey",3688,7516,148,11352,-3828,"0%"
"North Dakota","Adams",258,981,30,1269,-723,"0%"
"North Dakota","Barnes",1820,3568,177,5565,-1748,"0%"
"North Dakota","Benson",822,1094,45,1961,-272,"0%"
"North Dakota","Billings",72,541,22,635,-469,"0%"
"North Dakota","Bottineau",821,2575,75,3471,-1754,"0%"
"North Dakota","Bowman",228,1395,34,1657,-1167,"0%"
"North Dakota","Burke",137,994,24,1155,-857,"0%"
"North Dakota","Burleigh",14348,34744,1661,50753,-20396,"0%"
"North Dakota","Cass",40311,42619,3123,86053,-2308,"0%"
"North Dakota","Cavalier",474,1499,47,2020,-1025,"0%"
"North Dakota","Dickey",608,1742,74,2424,-1134,"0%"
"North Dakota","Divide",265,904,33,1202,-639,"0%"
"North Dakota","Dunn",342,1951,45,2338,-1609,"0%"
"North Dakota","Eddy",383,854,24,1261,-471,"0%"
"North Dakota","Emmons",237,1738,34,2009,-1501,"0%"
"North Dakota","Foster",373,1362,43,1778,-989,"0%"
"North Dakota","Golden Valley",137,871,18,1026,-734,"0%"
"North Dakota","Grand Forks",12880,16987,1103,30970,-4107,"0%"
"North Dakota","Grant",207,1145,29,1381,-938,"0%"
"North Dakota","Griggs",308,907,35,1250,-599,"0%"
"North Dakota","Hettinger",196,1091,25,1312,-895,"0%"
"North Dakota","Kidder",221,1215,24,1460,-994,"0%"
"North Dakota","LaMoure",527,1645,47,2219,-1118,"0%"
"North Dakota","Logan",128,930,18,1076,-802,"0%"
"North Dakota","McHenry",564,2364,75,3003,-1800,"0%"
"North Dakota","McIntosh",261,1153,41,1455,-892,"0%"
"North Dakota","McKenzie",814,4482,123,5419,-3668,"0%"
"North Dakota","McLean",1230,4198,108,5536,-2968,"0%"
"North Dakota","Mercer",704,3856,115,4675,-3152,"0%"
"North Dakota","Morton",3872,12243,504,16619,-8371,"0%"
"North Dakota","Mountrail",1256,2824,85,4165,-1568,"0%"
"North Dakota","Nelson",586,1141,50,1777,-555,"0%"
"North Dakota","Oliver",129,918,19,1066,-789,"0%"
"North Dakota","Pembina",786,2460,85,3331,-1674,"0%"
"North Dakota","Pierce",497,1585,46,2128,-1088,"0%"
"North Dakota","Ramsey",1639,3577,156,5372,-1938,"0%"
"North Dakota","Ransom",945,1418,91,2454,-473,"0%"
"North Dakota","Renville",220,1065,34,1319,-845,"0%"
"North Dakota","Richland",2510,5072,230,7812,-2562,"0%"
"North Dakota","Rolette",2482,1257,65,3804,1225,"0%"
"North Dakota","Sargent",738,1266,66,2070,-528,"0%"
"North Dakota","Sheridan",104,688,20,812,-584,"0%"
"North Dakota","Sioux",804,258,124,1186,546,"0%"
"North Dakota","Slope",44,380,3,427,-336,"0%"
"North Dakota","Stark",2499,12110,441,15050,-9611,"0%"
"North Dakota","Steele",392,652,44,1088,-260,"0%"
"North Dakota","Stutsman",2676,6994,289,9959,-4318,"0%"
"North Dakota","Towner",317,830,27,1174,-513,"0%"
"North Dakota","Traill",1493,2522,121,4136,-1029,"0%"
"North Dakota","Walsh",1333,3324,126,4783,-1991,"0%"
"North Dakota","Ward",7293,19974,979,28246,-12681,"0%"
"North Dakota","Wells",442,1893,39,2374,-1451,"0%"
"North Dakota","Williams",2169,11739,426,14334,-9570,"0%"
"Nebraska","Adams",4213,10085,NA,14602,-5872,"4%"
"Nebraska","Antelope",452,3093,NA,3583,-2641,"3%"
"Nebraska","Arthur",21,260,NA,284,-239,"7%"
"Nebraska","Banner",43,362,NA,410,-319,"10%"
"Nebraska","Blaine",35,280,NA,317,-245,"11%"
"Nebraska","Boone",499,2653,NA,3217,-2154,"1%"
"Nebraska","Box Butte",1051,4002,NA,5181,-2951,"6%"
"Nebraska","Boyd",135,1010,NA,1153,-875,"11%"
"Nebraska","Brown",191,1470,18,1679,-1279,"6%"
"Nebraska","Buffalo",6350,16640,NA,23589,-10290,"0%"
"Nebraska","Burt",1063,2580,NA,3731,-1517,"6%"
"Nebraska","Butler",873,3542,NA,4498,-2669,"0%"
"Nebraska","Cass",4737,10121,NA,15284,-5384,"0%"
"Nebraska","Cedar",725,4174,NA,4996,-3449,"0%"
"Nebraska","Chase",226,1740,NA,1993,-1514,"6%"
"Nebraska","Cherry",373,2844,NA,3265,-2471,"7%"
"Nebraska","Cheyenne",855,3813,NA,4765,-2958,"10%"
"Nebraska","Clay",632,2848,NA,3558,-2216,"1%"
"Nebraska","Colfax",1025,2636,65,3726,-1611,"0%"
"Nebraska","Cuming",870,3507,NA,4451,-2637,"2%"
"Nebraska","Custer",786,5090,NA,5993,-4304,"5%"
"Nebraska","Dakota",2744,3926,NA,6794,-1182,"3%"
"Nebraska","Dawes",1082,2931,NA,4121,-1849,"1%"
"Nebraska","Dawson",2497,6524,NA,9178,-4027,"5%"
"Nebraska","Deuel",141,871,20,1032,-730,"9%"
"Nebraska","Dixon",651,2335,NA,3083,-1684,"1%"
"Nebraska","Dodge",5544,10984,NA,16876,-5440,"3%"
"Nebraska","Douglas",150309,119117,NA,274869,31192,"0%"
"Nebraska","Dundy",105,883,NA,999,-778,"9%"
"Nebraska","Fillmore",693,2359,NA,3134,-1666,"5%"
"Nebraska","Franklin",276,1437,NA,1724,-1161,"8%"
"Nebraska","Frontier",189,1229,NA,1440,-1040,"3%"
"Nebraska","Furnas",399,2163,NA,2601,-1764,"1%"
"Nebraska","Gage",3385,7445,NA,11068,-4060,"2%"
"Nebraska","Garden",161,1016,NA,1195,-855,"2%"
"Nebraska","Garfield",133,933,NA,1075,-800,"2%"
"Nebraska","Gosper",215,893,NA,1118,-678,"1%"
"Nebraska","Grant",20,375,NA,402,-355,"11%"
"Nebraska","Greeley",229,1016,NA,1258,-787,"5%"
"Nebraska","Hall",7681,16189,NA,24374,-8508,"1%"
"Nebraska","Hamilton",1118,4309,NA,5533,-3191,"1%"
"Nebraska","Harlan",282,1615,NA,1928,-1333,"6%"
"Nebraska","Hayes",34,494,NA,534,-460,"12%"
"Nebraska","Hitchcock",175,1264,NA,1469,-1089,"12%"
"Nebraska","Holt",686,4769,NA,5537,-4083,"3%"
"Nebraska","Hooker",59,376,NA,442,-317,"5%"
"Nebraska","Howard",648,2786,NA,3501,-2138,"0%"
"Nebraska","Jefferson",1016,2616,NA,3716,-1600,"5%"
"Nebraska","Johnson",647,1518,NA,2229,-871,"5%"
"Nebraska","Kearney",701,2822,NA,3604,-2121,"2%"
"Nebraska","Keith",763,3544,NA,4364,-2781,"4%"
"Nebraska","Keya Paha",49,476,NA,529,-427,"9%"
"Nebraska","Kimball",268,1563,NA,1874,-1295,"1%"
"Nebraska","Knox",905,3721,NA,4697,-2816,"0%"
"Nebraska","Lancaster",82293,70092,NA,156091,12201,"0%"
"Nebraska","Lincoln",3692,13071,NA,17107,-9379,"5%"
"Nebraska","Logan",38,407,NA,450,-369,"11%"
"Nebraska","Loup",75,370,NA,454,-295,"0%"
"Nebraska","Madison",3478,11940,NA,15765,-8462,"1%"
"Nebraska","McPherson",17,275,NA,302,-258,"0%"
"Nebraska","Merrick",740,3407,120,4267,-2667,"0%"
"Nebraska","Morrill",386,2113,59,2558,-1727,"0%"
"Nebraska","Nance",359,1437,NA,1828,-1078,"0%"
"Nebraska","Nemaha",921,2428,NA,3423,-1507,"5%"
"Nebraska","Nuckolls",409,1857,NA,2303,-1448,"7%"
"Nebraska","Otoe",2490,5649,NA,8315,-3159,"0%"
"Nebraska","Pawnee",322,1071,NA,1429,-749,"5%"
"Nebraska","Perkins",199,1321,NA,1544,-1122,"5%"
"Nebraska","Phelps",752,4157,NA,5009,-3405,"5%"
"Nebraska","Pierce",480,3462,NA,4006,-2982,"1%"
"Nebraska","Platte",3260,12186,NA,15673,-8926,"3%"
"Nebraska","Polk",530,2291,NA,2879,-1761,"0%"
"Nebraska","Red Willow",811,4525,NA,5452,-3714,"6%"
"Nebraska","Richardson",996,3073,NA,4126,-2077,"3%"
"Nebraska","Rock",84,744,NA,841,-660,"6%"
"Nebraska","Saline",1986,3631,NA,5770,-1645,"0%"
"Nebraska","Sarpy",41206,51979,3008,96193,-10773,"0%"
"Nebraska","Saunders",3331,9108,NA,12735,-5777,"0%"
"Nebraska","Scotts Bluff",4196,10952,NA,15469,-6756,"4%"
"Nebraska","Seward",2438,6490,NA,9142,-4052,"0%"
"Nebraska","Sheridan",340,2292,NA,2672,-1952,"9%"
"Nebraska","Sherman",343,1322,NA,1698,-979,"4%"
"Nebraska","Sioux",72,642,NA,729,-570,"12%"
"Nebraska","Stanton",532,2561,72,3165,-2029,"0%"
"Nebraska","Thayer",624,2308,NA,2980,-1684,"1%"
"Nebraska","Thomas",45,377,NA,427,-332,"7%"
"Nebraska","Thurston",1122,1180,NA,2325,-58,"6%"
"Nebraska","Valley",412,1901,NA,2340,-1489,"5%"
"Nebraska","Washington",3554,8583,NA,12413,-5029,"0%"
"Nebraska","Wayne",1022,3055,NA,4200,-2033,"1%"
"Nebraska","Webster",335,1511,NA,1876,-1176,"4%"
"Nebraska","Wheeler",59,438,NA,502,-379,"4%"
"Nebraska","York",1630,5337,NA,7143,-3707,"0%"
"New Hampshire","Belknap",16894,20899,660,38453,-4005,"NA%"
"New Hampshire","Carroll",16649,16150,473,33272,499,"NA%"
"New Hampshire","Cheshire",25506,17892,808,44206,7614,"NA%"
"New Hampshire","Coos",7640,8617,271,16528,-977,"NA%"
"New Hampshire","Grafton",33180,19905,904,53989,13275,"NA%"
"New Hampshire","Hillsborough",122344,104625,4071,231040,17719,"NA%"
"New Hampshire","Merrimack",48533,39711,1643,89887,8822,"NA%"
"New Hampshire","Rockingham",100064,95858,3021,198943,4206,"NA%"
"New Hampshire","Strafford",41721,30489,1519,73729,11232,"NA%"
"New Hampshire","Sullivan",12390,11508,485,24383,882,"NA%"
"New Jersey","Atlantic",73624,64326,2191,140141,9298,"0%"
"New Jersey","Bergen",285811,204277,7072,497160,81534,"0%"
"New Jersey","Burlington",154577,103326,8064,265967,51251,"0%"
"New Jersey","Camden",174575,86024,4313,264912,88551,"0%"
"New Jersey","Cape May",23941,33158,834,57933,-9217,"0%"
"New Jersey","Cumberland",32742,28952,881,62575,3790,"2%"
"New Jersey","Essex",266820,75475,NA,345311,191345,"3%"
"New Jersey","Gloucester",86702,83340,3411,173453,3362,"0%"
"New Jersey","Hudson",181452,65698,3308,250458,115754,"1%"
"New Jersey","Hunterdon",39457,43153,2063,84673,-3696,"0%"
"New Jersey","Mercer",122532,51461,3076,177069,71071,"2%"
"New Jersey","Middlesex",226245,143461,5975,375681,82784,"0%"
"New Jersey","Monmouth",181291,191808,5291,378390,-10517,"0%"
"New Jersey","Morris",153881,141134,5902,300917,12747,"0%"
"New Jersey","Ocean",119456,217740,5550,342746,-98284,"0%"
"New Jersey","Passaic",129097,92009,3224,224330,37088,"0%"
"New Jersey","Salem",14452,18781,736,33969,-4329,"0%"
"New Jersey","Somerset",111113,71994,3719,186826,39119,"0%"
"New Jersey","Sussex",34417,51566,2165,88148,-17149,"0%"
"New Jersey","Union",170245,80002,3794,254041,90243,"0%"
"New Jersey","Warren",24901,34769,1387,61057,-9868,"0%"
"New Mexico","Bernalillo",193756,116135,7698,317589,77621,"0%"
"New Mexico","Catron",595,1698,33,2326,-1103,"0%"
"New Mexico","Chaves",6381,15656,406,22443,-9275,"0%"
"New Mexico","Cibola",4745,3975,183,8903,770,"0%"
"New Mexico","Colfax",2611,3271,134,6016,-660,"9%"
"New Mexico","Curry",4307,10444,350,15101,-6137,"0%"
"New Mexico","DeBaca",231,656,14,901,-425,"0%"
"New Mexico","Dona Ana",47958,32802,1882,82642,15156,"0%"
"New Mexico","Eddy",5424,17454,344,23222,-12030,"0%"
"New Mexico","Grant",7590,6553,292,14435,1037,"2%"
"New Mexico","Guadalupe",1234,917,38,2189,317,"0%"
"New Mexico","Harding",179,319,7,505,-140,"22%"
"New Mexico","Hidalgo",829,1125,31,1985,-296,"4%"
"New Mexico","Lea",4061,16531,326,20918,-12470,"0%"
"New Mexico","Lincoln",3194,6942,170,10306,-3748,"0%"
"New Mexico","Los Alamos",7554,4278,461,12293,3276,"2%"
"New Mexico","Luna",3565,4407,132,8104,-842,"0%"
"New Mexico","McKinley",18023,7802,656,26481,10221,"0%"
"New Mexico","Mora",1745,903,38,2686,842,"11%"
"New Mexico","Otero",8485,14521,565,23571,-6036,"0%"
"New Mexico","Quay",1170,2634,69,3873,-1464,"3%"
"New Mexico","Rio Arriba",10990,5408,230,16628,5582,"22%"
"New Mexico","Roosevelt",1802,4634,172,6608,-2832,"0%"
"New Mexico","San Juan",18081,32874,1338,52293,-14793,"1%"
"New Mexico","San Miguel",7888,3421,222,11531,4467,"13%"
"New Mexico","Sandoval",40588,34174,1800,76562,6414,"0%"
"New Mexico","Santa Fe",62530,18329,1368,82227,44201,"0%"
"New Mexico","Sierra",2265,3542,138,5945,-1277,"0%"
"New Mexico","Socorro",3722,3255,183,7160,467,"0%"
"New Mexico","Taos",13033,3664,342,17039,9369,"3%"
"New Mexico","Torrance",2344,4772,165,7281,-2428,"0%"
"New Mexico","Union",383,1388,18,1789,-1005,"6%"
"New Mexico","Valencia",14263,17364,650,32277,-3101,"0%"
"Nevada","Carson City",12735,16113,891,29739,-3378,"4%"
"Nevada","Churchill",3051,9372,467,12890,-6321,"5%"
"Nevada","Clark",521852,430930,19728,972510,90922,"0%"
"Nevada","Douglas",11571,21630,924,34125,-10059,"1%"
"Nevada","Elko",4557,16741,669,21967,-12184,"5%"
"Nevada","Esmeralda",74,400,13,487,-326,"7%"
"Nevada","Eureka",105,895,17,1017,-790,"0%"
"Nevada","Humboldt",1689,5877,205,7771,-4188,"3%"
"Nevada","Lander",496,2198,71,2765,-1702,"8%"
"Nevada","Lincoln",330,2067,49,2446,-1737,"7%"
"Nevada","Lyon",8473,20914,851,30238,-12441,"0%"
"Nevada","Mineral",829,1423,83,2335,-594,"6%"
"Nevada","Nye",7288,17528,562,25378,-10240,"0%"
"Nevada","Pershing",547,1731,42,2320,-1184,"6%"
"Nevada","Storey",902,1908,67,2877,-1006,"9%"
"Nevada","Washoe",128128,116760,7254,252142,11368,"0%"
"Nevada","White Pine",859,3403,107,4369,-2544,"7%"
"New York","Albany",73189,45570,2770,121529,27619,"22%"
"New York","Allegany",6048,14135,599,20782,-8087,"1%"
"New York","Bronx",271835,55849,NA,329638,215986,"26%"
"New York","Brooklyn",514133,174731,NA,693937,339402,"23%"
"New York","Broome",46895,43720,2213,92828,3175,"4%"
"New York","Cattaraugus",9142,20295,NA,30051,-11153,"14%"
"New York","Cayuga",16143,19495,795,36433,-3352,"2%"
"New York","Chautauqua",23075,34846,1362,59283,-11771,"2%"
"New York","Chemung",11573,19388,NA,31646,-7815,"22%"
"New York","Chenango",8251,13464,554,22269,-5213,"1%"
"New York","Clinton",12690,14354,NA,27471,-1664,"24%"
"New York","Columbia",19764,14235,642,34641,5529,"0%"
"New York","Cortland",10367,10788,520,21675,-421,"4%"
"New York","Delaware",6420,11952,391,18763,-5532,"15%"
"New York","Dutchess",57720,59661,2158,119539,-1941,"15%"
"New York","Erie",198808,178349,NA,383952,20459,"19%"
"New York","Essex",6970,7953,NA,15185,-983,"21%"
"New York","Franklin",6586,8530,NA,15397,-1944,"19%"
"New York","Fulton",5804,13989,387,20180,-8185,"15%"
"New York","Genesee",9625,18876,703,29204,-9251,"1%"
"New York","Greene",7675,12722,485,20882,-5047,"15%"
"New York","Hamilton",1178,2225,57,3460,-1047,"4%"
"New York","Herkimer",7282,17038,446,24766,-9756,"16%"
"New York","Jefferson",17307,25629,912,43848,-8322,"0%"
"New York","Lewis",3823,8890,251,12964,-5067,"0%"
"New York","Livingston",12477,18182,742,31401,-5705,"7%"
"New York","Madison",14785,18402,900,34087,-3617,"0%"
"New York","Manhattan",377605,65001,4255,446861,312604,"40%"
"New York","Monroe",223936,145290,9535,378761,78646,"3%"
"New York","Montgomery",5746,11500,369,17615,-5754,"12%"
"New York","Nassau",392034,324858,9443,726335,67176,"0%"
"New York","Niagara",34809,51355,NA,87821,-16546,"15%"
"New York","Oneida",30542,51950,1781,84273,-21408,"17%"
"New York","Onondaga",116031,84743,5331,206105,31288,"12%"
"New York","Ontario",20779,25757,NA,47830,-4978,"18%"
"New York","Orange",61868,76218,NA,139956,-14350,"18%"
"New York","Orleans",5587,12126,441,18154,-6539,"1%"
"New York","Oswego",20824,31677,1286,53787,-10853,"0%"
"New York","Otsego",12986,14366,723,28075,-1380,"2%"
"New York","Putnam",24949,29277,884,55110,-4328,"0%"
"New York","Queens",412393,181225,4310,597928,231168,"37%"
"New York","Rensselaer",40969,36500,1940,79409,4469,"1%"
"New York","Rockland",50926,63830,1268,116024,-12904,"23%"
"New York","Saint Lawrence",13036,21862,NA,35519,-8826,"18%"
"New York","Saratoga",49697,55248,2638,107583,-5551,"16%"
"New York","Schenectady",31685,27544,NA,60591,4141,"20%"
"New York","Schoharie",4006,9010,NA,13374,-5004,"15%"
"New York","Schuyler",3902,5620,242,9764,-1718,"1%"
"New York","Seneca",6914,8329,387,15630,-1415,"0%"
"New York","Staten Island",67223,110094,NA,178751,-42871,"12%"
"New York","Steuben",11299,26781,NA,38797,-15482,"18%"
"New York","Suffolk",259463,333617,8181,601261,-74154,"21%"
"New York","Sullivan",10995,15555,NA,26931,-4560,"20%"
"New York","Tioga",9498,14616,655,24769,-5118,"1%"
"New York","Tompkins",22627,9644,871,33142,12983,"31%"
"New York","Ulster",42606,33580,NA,77667,9026,"19%"
"New York","Warren",11811,15200,NA,27625,-3389,"21%"
"New York","Washington",8537,14577,NA,23607,-6040,"14%"
"New York","Wayne",12799,23734,NA,37425,-10935,"16%"
"New York","Westchester",220963,126013,3773,350749,94950,"44%"
"New York","Wyoming",5073,13897,461,19431,-8824,"0%"
"New York","Yates",4217,6208,316,10741,-1991,"5%"
"Ohio","Adams",2156,9870,119,12145,-7714,"2%"
"Ohio","Allen",14149,33116,834,48099,-18967,"2%"
"Ohio","Ashland",6541,19407,457,26405,-12866,"0%"
"Ohio","Ashtabula",16497,26890,850,44237,-10393,"0%"
"Ohio","Athens",14772,10862,486,26120,3910,"0%"
"Ohio","Auglaize",4583,20451,362,25396,-15868,"0%"
"Ohio","Belmont",9138,23560,443,33141,-14422,"0%"
"Ohio","Brown",4380,16480,279,21139,-12100,"0%"
"Ohio","Butler",69613,114392,2670,186675,-44779,"6%"
"Ohio","Carroll",3251,10745,237,14233,-7494,"0%"
"Ohio","Champaign",5062,14589,352,20003,-9527,"0%"
"Ohio","Clark",24076,39032,1243,64351,-14956,"5%"
"Ohio","Clermont",34092,74570,2048,110710,-40478,"2%"
"Ohio","Clinton",4697,15488,378,20563,-10791,"0%"
"Ohio","Columbiana",13359,35726,875,49960,-22367,"0%"
"Ohio","Coshocton",4125,12325,318,16768,-8200,"0%"
"Ohio","Crawford",4916,15436,361,20713,-10520,"0%"
"Ohio","Cuyahoga",416176,202699,8285,627160,213477,"15%"
"Ohio","Darke",4731,22003,426,27160,-17272,"0%"
"Ohio","Defiance",5981,13038,362,19381,-7057,"0%"
"Ohio","Delaware",57735,66356,2227,126318,-8621,"0%"
"Ohio","Erie",17493,22160,763,40416,-4667,"10%"
"Ohio","Fairfield",30634,49714,NA,81564,-19080,"2%"
"Ohio","Fayette",2975,9473,178,12626,-6498,"0%"
"Ohio","Franklin",409144,211237,12151,632532,197907,"5%"
"Ohio","Fulton",6664,15731,406,22801,-9067,"0%"
"Ohio","Gallia",2990,10645,164,13799,-7655,"0%"
"Ohio","Geauga",21201,34143,677,56021,-12942,"0%"
"Ohio","Greene",34798,52072,1773,88643,-17274,"0%"
"Ohio","Guernsey",4577,13407,280,18264,-8830,"0%"
"Ohio","Hamilton",246266,177886,6777,430929,68380,"10%"
"Ohio","Hancock",11757,26310,704,38771,-14553,"6%"
"Ohio","Hardin",3062,9949,236,13247,-6887,"0%"
"Ohio","Harrison",1768,5792,103,7663,-4024,"0%"
"Ohio","Henry",4062,10479,247,14788,-6417,"2%"
"Ohio","Highland",3799,15678,199,19676,-11879,"0%"
"Ohio","Hocking",3880,9737,238,13855,-5857,"0%"
"Ohio","Holmes",1994,10796,188,12978,-8802,"0%"
"Ohio","Huron",7759,18956,475,27190,-11197,"0%"
"Ohio","Jackson",3311,11309,190,14810,-7998,"0%"
"Ohio","Jefferson",10018,22828,524,33370,-12810,"4%"
"Ohio","Knox",8589,22340,530,31459,-13751,"0%"
"Ohio","Lake",55514,73278,1990,130782,-17764,"3%"
"Ohio","Lawrence",7353,19759,NA,27427,-12406,"1%"
"Ohio","Licking",33055,59514,1827,94396,-26459,"0%"
"Ohio","Logan",5055,17964,390,23409,-12909,"0%"
"Ohio","Lorain",75667,79520,2581,157768,-3853,"3%"
"Ohio","Lucas",115411,81763,3385,200559,33648,"16%"
"Ohio","Madison",5698,13835,354,19887,-8137,"0%"
"Ohio","Mahoning",57641,59903,1646,119190,-2262,"0%"
"Ohio","Marion",8269,19023,579,27871,-10754,"0%"
"Ohio","Medina",39800,64598,1643,106041,-24798,"0%"
"Ohio","Meigs",2492,8316,159,10967,-5824,"0%"
"Ohio","Mercer",3981,19145,300,23426,-15164,"0%"
"Ohio","Miami",15663,41371,1043,58077,-25708,"0%"
"Ohio","Monroe",1605,5463,91,7159,-3858,"0%"
"Ohio","Montgomery",135064,129034,5066,269164,6030,"11%"
"Ohio","Morgan",1725,5041,90,6856,-3316,"0%"
"Ohio","Morrow",4048,14077,332,18457,-10029,"0%"
"Ohio","Muskingum",11971,27867,629,40467,-15896,"0%"
"Ohio","Noble",1170,5135,43,6348,-3965,"0%"
"Ohio","Ottawa",9008,14628,410,24046,-5620,"0%"
"Ohio","Paulding",2213,7086,185,9484,-4873,"0%"
"Ohio","Perry",4098,12357,221,16676,-8259,"0%"
"Ohio","Pickaway",7304,20593,417,28314,-13289,"0%"
"Ohio","Pike",3110,9157,157,12424,-6047,"0%"
"Ohio","Portage",35661,45990,1371,83022,-10329,"0%"
"Ohio","Preble",4493,17022,325,21840,-12529,"0%"
"Ohio","Putnam",3195,16412,340,19947,-13217,"0%"
"Ohio","Richland",17640,41472,863,59975,-23832,"2%"
"Ohio","Ross",10557,22278,530,33365,-11721,"0%"
"Ohio","Sandusky",10391,18487,612,29490,-8096,"3%"
"Ohio","Scioto",9080,22609,362,32051,-13529,"2%"
"Ohio","Seneca",8266,17086,496,25848,-8820,"3%"
"Ohio","Shelby",4399,19988,398,24785,-15589,"0%"
"Ohio","Stark",75904,111097,3092,190093,-35193,"8%"
"Ohio","Summit",151668,124833,4779,281280,26835,"8%"
"Ohio","Trumbull",44519,55194,1439,101152,-10675,"0%"
"Ohio","Tuscarawas",12889,30458,740,44087,-17569,"0%"
"Ohio","Union",11141,21669,725,33535,-10528,"1%"
"Ohio","Van Wert",3067,11650,277,14994,-8583,"0%"
"Ohio","Vinton",1306,4525,71,5902,-3219,"0%"
"Ohio","Warren",46069,87988,2384,136441,-41919,"0%"
"Ohio","Washington",9114,21798,NA,31382,-12684,"1%"
"Ohio","Wayne",16660,36759,861,54280,-20099,"7%"
"Ohio","Williams",4726,13218,NA,18290,-8492,"0%"
"Ohio","Wood",30617,35757,1277,67651,-5140,"0%"
"Ohio","Wyandot",2690,8248,NA,11122,-5558,"0%"
"Oklahoma","Adair",1387,5585,136,7108,-4198,"0%"
"Oklahoma","Alfalfa",232,1978,52,2262,-1746,"0%"
"Oklahoma","Atoka",765,4557,67,5389,-3792,"0%"
"Oklahoma","Beaver",190,1968,20,2178,-1778,"0%"
"Oklahoma","Beckham",1048,6767,133,7948,-5719,"0%"
"Oklahoma","Blaine",688,3136,77,3901,-2448,"0%"
"Oklahoma","Bryan",3323,12344,309,15976,-9021,"0%"
"Oklahoma","Caddo",2670,7013,176,9859,-4343,"0%"
"Oklahoma","Canadian",16742,43550,1648,61940,-26808,"0%"
"Oklahoma","Carter",4470,14699,310,19479,-10229,"0%"
"Oklahoma","Cherokee",6027,11223,464,17714,-5196,"0%"
"Oklahoma","Choctaw",1082,4698,52,5832,-3616,"0%"
"Oklahoma","Cimarron",70,970,14,1054,-900,"0%"
"Oklahoma","Cleveland",49827,66677,3274,119778,-16850,"0%"
"Oklahoma","Coal",374,2091,59,2524,-1717,"0%"
"Oklahoma","Comanche",13747,20905,979,35631,-7158,"0%"
"Oklahoma","Cotton",393,2117,62,2572,-1724,"0%"
"Oklahoma","Craig",1217,4686,129,6032,-3469,"0%"
"Oklahoma","Creek",6577,23294,634,30505,-16717,"0%"
"Oklahoma","Custer",2369,8060,262,10691,-5691,"0%"
"Oklahoma","Delaware",3472,13557,216,17245,-10085,"0%"
"Oklahoma","Dewey",214,2124,21,2359,-1910,"0%"
"Oklahoma","Ellis",162,1688,23,1873,-1526,"0%"
"Oklahoma","Garfield",4919,16970,541,22430,-12051,"0%"
"Oklahoma","Garvin",1865,8878,179,10922,-7013,"0%"
"Oklahoma","Grady",4144,18538,419,23101,-14394,"0%"
"Oklahoma","Grant",280,1916,30,2226,-1636,"0%"
"Oklahoma","Greer",328,1605,40,1973,-1277,"0%"
"Oklahoma","Harmon",177,747,9,933,-570,"0%"
"Oklahoma","Harper",136,1327,24,1487,-1191,"0%"
"Oklahoma","Haskell",783,4165,66,5014,-3382,"0%"
"Oklahoma","Hughes",919,3875,63,4857,-2956,"0%"
"Oklahoma","Jackson",1646,6392,183,8221,-4746,"0%"
"Oklahoma","Jefferson",319,2026,40,2385,-1707,"0%"
"Oklahoma","Johnston",738,3441,72,4251,-2703,"0%"
"Oklahoma","Kay",4040,12834,375,17249,-8794,"0%"
"Oklahoma","Kingfisher",854,5521,90,6465,-4667,"0%"
"Oklahoma","Kiowa",699,2673,55,3427,-1974,"0%"
"Oklahoma","Latimer",762,3437,50,4249,-2675,"0%"
"Oklahoma","LeFlore",3299,15213,293,18805,-11914,"0%"
"Oklahoma","Lincoln",2609,12013,266,14888,-9404,"0%"
"Oklahoma","Logan",5455,15608,511,21574,-10153,"0%"
"Oklahoma","Love",711,3305,60,4076,-2594,"0%"
"Oklahoma","Major",320,3084,63,3467,-2764,"0%"
"Oklahoma","Marshall",1100,4891,73,6064,-3791,"0%"
"Oklahoma","Mayes",3581,12749,296,16626,-9168,"0%"
"Oklahoma","McClain",3582,15295,359,19236,-11713,"0%"
"Oklahoma","McCurtain",1858,9485,124,11467,-7627,"0%"
"Oklahoma","McIntosh",2031,6172,132,8335,-4141,"0%"
"Oklahoma","Murray",1156,4612,126,5894,-3456,"0%"
"Oklahoma","Muskogee",8027,16526,528,25081,-8499,"0%"
"Oklahoma","Noble",1003,3821,114,4938,-2818,"0%"
"Oklahoma","Nowata",712,3610,69,4391,-2898,"0%"
"Oklahoma","Okfuskee",896,3058,84,4038,-2162,"0%"
"Oklahoma","Oklahoma",141724,145050,7966,294740,-3326,"0%"
"Oklahoma","Okmulgee",4357,9668,288,14313,-5311,"0%"
"Oklahoma","Osage",6002,14121,415,20538,-8119,"0%"
"Oklahoma","Ottawa",2686,8545,207,11438,-5859,"0%"
"Oklahoma","Pawnee",1363,5267,156,6786,-3904,"0%"
"Oklahoma","Payne",10904,17813,926,29643,-6909,"0%"
"Oklahoma","Pittsburg",3768,13851,305,17924,-10083,"0%"
"Oklahoma","Pontotoc",4117,10805,398,15320,-6688,"0%"
"Oklahoma","Pottawatomie",7275,20240,670,28185,-12965,"0%"
"Oklahoma","Pushmataha",668,4016,55,4739,-3348,"0%"
"Oklahoma","Roger Mills",168,1629,37,1834,-1461,"0%"
"Oklahoma","Rogers",9589,34031,933,44553,-24442,"0%"
"Oklahoma","Seminole",2150,6011,176,8337,-3861,"0%"
"Oklahoma","Sequoyah",3035,12113,238,15386,-9078,"0%"
"Oklahoma","Stephens",3154,15560,343,19057,-12406,"0%"
"Oklahoma","Texas",894,4505,122,5521,-3611,"0%"
"Oklahoma","Tillman",597,2076,35,2708,-1479,"0%"
"Oklahoma","Tulsa",108996,150574,7108,266678,-41578,"0%"
"Oklahoma","Wagoner",8464,26165,709,35338,-17701,"0%"
"Oklahoma","Washington",5790,17076,635,23501,-11286,"0%"
"Oklahoma","Washita",598,4086,93,4777,-3488,"0%"
"Oklahoma","Woods",591,2993,94,3678,-2402,"0%"
"Oklahoma","Woodward",1005,6611,169,7785,-5606,"0%"
"Oregon","Baker",2346,7352,234,9932,-5006,"0%"
"Oregon","Benton",35827,14878,2094,52799,20949,"0%"
"Oregon","Clackamas",139015,110476,NA,255664,28539,"0%"
"Oregon","Clatsop",12916,10218,NA,23764,2698,"0%"
"Oregon","Columbia",13835,17150,1236,32221,-3315,"0%"
"Oregon","Coos",14243,21829,1003,37075,-7586,"0%"
"Oregon","Crook",3801,11287,360,15448,-7486,"0%"
"Oregon","Curry",12116,16969,766,29851,-4853,"0%"
"Oregon","Deschutes",65962,55646,3626,125234,10316,"0%"
"Oregon","Douglas",19160,43298,1891,64349,-24138,"0%"
"Oregon","Gilliam",324,834,20,1178,-510,"0%"
"Oregon","Grant",929,3545,122,4596,-2616,"0%"
"Oregon","Harney",894,3475,112,4481,-2581,"0%"
"Oregon","Hood River",8764,3955,371,13090,4809,"0%"
"Oregon","Jackson",59442,63814,NA,126325,-4372,"0%"
"Oregon","Jefferson",4393,7189,331,11913,-2796,"0%"
"Oregon","Josephine",18451,31751,1439,51641,-13300,"0%"
"Oregon","Klamath",10388,25308,NA,36556,-14920,"0%"
"Oregon","Lake",792,3470,101,4363,-2678,"0%"
"Oregon","Lane",134366,80336,7551,222253,54030,"0%"
"Oregon","Lincoln",17385,12460,881,30726,4925,"0%"
"Oregon","Linn",26512,43486,2642,72640,-16974,"0%"
"Oregon","Malheur",3260,8187,357,11804,-4927,"0%"
"Oregon","Marion",80870,79000,5660,165530,1870,"0%"
"Oregon","Morrow",1371,3586,161,5118,-2215,"0%"
"Oregon","Multnomah",367249,82995,13415,463659,284254,"0%"
"Oregon","Polk",22917,23732,1642,48291,-815,"0%"
"Oregon","Sherman",260,921,27,1208,-661,"0%"
"Oregon","Tillamook",8066,8354,468,16888,-288,"0%"
"Oregon","Umatilla",10499,21002,1038,32539,-10503,"0%"
"Oregon","Union",4254,10298,392,14944,-6044,"0%"
"Oregon","Wallowa",1625,3404,120,5149,-1779,"0%"
"Oregon","Wasco",6604,7035,491,14130,-431,"0%"
"Oregon","Washington",209848,99035,11311,320194,110813,"0%"
"Oregon","Wheeler",217,711,37,965,-494,"0%"
"Oregon","Yamhill",27174,29551,2198,58923,-2377,"0%"
"Pennsylvania","Adams",18254,37567,NA,56635,-19313,"0%"
"Pennsylvania","Allegheny",429065,282324,11104,722493,146741,"0%"
"Pennsylvania","Armstrong",8453,27479,NA,36356,-19026,"0%"
"Pennsylvania","Beaver",38122,54759,NA,94122,-16637,"0%"
"Pennsylvania","Bedford",4367,23025,NA,27574,-18658,"0%"
"Pennsylvania","Berks",92892,109727,NA,205528,-16835,"0%"
"Pennsylvania","Blair",17636,45306,NA,63595,-27670,"0%"
"Pennsylvania","Bradford",8046,21600,NA,30159,-13554,"0%"
"Pennsylvania","Bucks",204712,187367,NA,396234,17345,"0%"
"Pennsylvania","Butler",37379,74279,NA,113090,-36900,"0%"
"Pennsylvania","Cambria",21752,48094,NA,70605,-26342,"0%"
"Pennsylvania","Cameron",634,1771,NA,2434,-1137,"0%"
"Pennsylvania","Carbon",11212,21984,NA,33629,-10772,"0%"
"Pennsylvania","Centre",40055,36372,NA,77493,3683,"0%"
"Pennsylvania","Chester",181170,127693,4786,313649,53477,"0%"
"Pennsylvania","Clarion",4678,14578,NA,19493,-9900,"0%"
"Pennsylvania","Clearfield",9673,29203,620,39496,-19530,"0%"
"Pennsylvania","Clinton",5502,11902,NA,17625,-6400,"0%"
"Pennsylvania","Columbia",10532,20098,541,31171,-9566,"0%"
"Pennsylvania","Crawford",12924,28559,NA,42004,-15635,"1%"
"Pennsylvania","Cumberland",62245,77212,NA,141595,-14967,"0%"
"Pennsylvania","Dauphin",78983,66408,NA,147368,12575,"0%"
"Pennsylvania","Delaware",206709,118639,2981,328329,88070,"0%"
"Pennsylvania","Elk",4522,12140,NA,16906,-7618,"0%"
"Pennsylvania","Erie",68336,66912,NA,137184,1424,"0%"
"Pennsylvania","Fayette",19990,40551,NA,61003,-20561,"0%"
"Pennsylvania","Forest",728,1882,NA,2646,-1154,"0%"
"Pennsylvania","Franklin",22468,57308,NA,80896,-34840,"0%"
"Pennsylvania","Fulton",1085,6824,NA,7978,-5739,"0%"
"Pennsylvania","Greene",4911,12578,NA,17668,-7667,"0%"
"Pennsylvania","Huntingdon",5448,17059,NA,22793,-11611,"0%"
"Pennsylvania","Indiana",12634,28089,NA,41198,-15455,"0%"
"Pennsylvania","Jefferson",4527,17960,NA,22824,-13433,"0%"
"Pennsylvania","Juniata",2253,9649,NA,12043,-7396,"0%"
"Pennsylvania","Lackawanna",61991,52332,NA,115408,9659,"0%"
"Pennsylvania","Lancaster",115294,159902,5289,280485,-44608,"0%"
"Pennsylvania","Lawrence",15978,29597,NA,46076,-13619,"0%"
"Pennsylvania","Lebanon",23932,46731,1195,71858,-22799,"0%"
"Pennsylvania","Lehigh",98498,84418,NA,185092,14080,"0%"
"Pennsylvania","Luzerne",64873,86929,NA,153321,-22056,"0%"
"Pennsylvania","Lycoming",16971,41462,NA,59254,-24491,"0%"
"Pennsylvania","McKean",5076,14067,NA,19427,-8991,"0%"
"Pennsylvania","Mercer",21067,36143,NA,57954,-15076,"0%"
"Pennsylvania","Mifflin",4603,16670,NA,21502,-12067,"0%"
"Pennsylvania","Monroe",43884,38642,1040,83566,5242,"0%"
"Pennsylvania","Montgomery",319511,185460,NA,510157,134051,"0%"
"Pennsylvania","Montour",3768,5842,202,9812,-2074,"1%"
"Pennsylvania","Northampton",84847,83732,2453,171032,1115,"0%"
"Pennsylvania","Northumberland",12703,28975,NA,42335,-16272,"0%"
"Pennsylvania","Perry",5950,18293,NA,24652,-12343,"0%"
"Pennsylvania","Philadelphia",604175,132870,NA,741899,471305,"0%"
"Pennsylvania","Pike",13052,19241,NA,32616,-6189,"0%"
"Pennsylvania","Potter",1726,7239,NA,9064,-5513,"0%"
"Pennsylvania","Schuylkill",20771,48940,NA,70715,-28169,"1%"
"Pennsylvania","Snyder",4910,13983,NA,19140,-9073,"0%"
"Pennsylvania","Somerset",8543,31105,NA,40062,-22562,"1%"
"Pennsylvania","Sullivan",921,2622,NA,3599,-1701,"0%"
"Pennsylvania","Susquehanna",6084,14879,362,21325,-8795,"0%"
"Pennsylvania","Tioga",4959,15753,NA,21091,-10794,"0%"
"Pennsylvania","Union",7475,12356,NA,20115,-4881,"1%"
"Pennsylvania","Venango",7585,18569,NA,26528,-10984,"0%"
"Pennsylvania","Warren",6066,14237,NA,20650,-8171,"1%"
"Pennsylvania","Washington",45088,72080,NA,118478,-26992,"2%"
"Pennsylvania","Wayne",9191,18637,NA,28089,-9446,"0%"
"Pennsylvania","Westmoreland",72122,130209,2836,205167,-58087,"0%"
"Pennsylvania","Wyoming",4704,9936,NA,14858,-5232,"0%"
"Pennsylvania","York",88114,146733,NA,238471,-58619,"0%"
"Rhode Island","Bristol",18050,9745,444,28239,8305,"NA%"
"Rhode Island","Kent",49112,41999,1460,92571,7113,"NA%"
"Rhode Island","Newport",29485,15722,693,45900,13763,"NA%"
"Rhode Island","Providence",164997,102546,3763,271306,62451,"NA%"
"Rhode Island","Washington",44548,29818,1220,75586,14730,"NA%"
"South Carolina","Abbeville",4101,8215,117,12433,-4114,"0%"
"South Carolina","Aiken",32275,51589,1321,85185,-19314,"0%"
"South Carolina","Allendale",2718,835,40,3593,1883,"1%"
"South Carolina","Anderson",27169,67565,1359,96093,-40396,"0%"
"South Carolina","Bamberg",4010,2417,55,6482,1593,"0%"
"South Carolina","Barnwell",4720,5492,109,10321,-772,"0%"
"South Carolina","Beaufort",43419,53194,1222,97835,-9775,"0%"
"South Carolina","Berkeley",45223,57397,1838,104458,-12174,"0%"
"South Carolina","Calhoun",3905,4305,81,8291,-400,"0%"
"South Carolina","Charleston",121485,93297,4075,218857,28188,"0%"
"South Carolina","Cherokee",6983,18043,244,25270,-11060,"0%"
"South Carolina","Chester",6941,8660,156,15757,-1719,"0%"
"South Carolina","Chesterfield",7431,11297,148,18876,-3866,"0%"
"South Carolina","Clarendon",8250,8361,122,16733,-111,"0%"
"South Carolina","Colleton",8602,10440,241,19283,-1838,"0%"
"South Carolina","Darlington",15220,16832,365,32417,-1612,"0%"
"South Carolina","Dillon",6436,6582,83,13101,-146,"0%"
"South Carolina","Dorchester",33824,41913,1541,77278,-8089,"0%"
"South Carolina","Edgefield",4953,8184,167,13304,-3231,"0%"
"South Carolina","Fairfield",7382,4625,129,12136,2757,"0%"
"South Carolina","Florence",31153,32615,742,64510,-1462,"0%"
"South Carolina","Georgetown",15822,20487,359,36668,-4665,"0%"
"South Carolina","Greenville",103030,150021,5104,258155,-46991,"0%"
"South Carolina","Greenwood",12145,19431,430,32006,-7286,"0%"
"South Carolina","Hampton",5323,3906,76,9305,1417,"0%"
"South Carolina","Horry",59180,118821,1743,179744,-59641,"0%"
"South Carolina","Jasper",7185,7078,131,14394,107,"0%"
"South Carolina","Kershaw",12699,20471,459,33629,-7772,"0%"
"South Carolina","Lancaster",18937,30312,619,49868,-11375,"0%"
"South Carolina","Laurens",10159,20004,325,30488,-9845,"0%"
"South Carolina","Lee",5329,3008,94,8431,2321,"0%"
"South Carolina","Lexington",49301,92817,2450,144568,-43516,"0%"
"South Carolina","Marion",8872,5711,121,14704,3161,"0%"
"South Carolina","Marlboro",6290,5044,112,11446,1246,"0%"
"South Carolina","McCormick",2687,2958,52,5697,-271,"0%"
"South Carolina","Newberry",6958,11443,230,18631,-4485,"0%"
"South Carolina","Oconee",10414,29698,556,40668,-19284,"0%"
"South Carolina","Orangeburg",27295,13603,307,41205,13692,"0%"
"South Carolina","Pickens",13645,42907,994,57546,-29262,"0%"
"South Carolina","Richland",132570,58313,2939,193822,74257,"0%"
"South Carolina","Saluda",2963,6210,101,9274,-3247,"0%"
"South Carolina","Spartanburg",52926,93560,2169,148655,-40634,"0%"
"South Carolina","Sumter",27379,21000,541,48920,6379,"0%"
"South Carolina","Union",4935,8183,139,13257,-3248,"0%"
"South Carolina","Williamsburg",10289,5532,164,15985,4757,"0%"
"South Carolina","York",59008,82727,2315,144050,-23719,"0%"
"South Dakota","Aurora",317,1052,36,1405,-735,"0%"
"South Dakota","Beadle",2107,4808,166,7081,-2701,"0%"
"South Dakota","Bennett",466,694,23,1183,-228,"0%"
"South Dakota","Bon Homme",721,2235,45,3001,-1514,"0%"
"South Dakota","Brookings",6110,8000,457,14567,-1890,"0%"
"South Dakota","Brown",6538,10580,429,17547,-4042,"0%"
"South Dakota","Brule",673,1750,67,2490,-1077,"0%"
"South Dakota","Buffalo",352,183,14,549,169,"0%"
"South Dakota","Butte",939,3731,132,4802,-2792,"0%"
"South Dakota","Campbell",117,747,9,873,-630,"0%"
"South Dakota","Charles Mix",1177,2552,54,3783,-1375,"0%"
"South Dakota","Clark",437,1373,40,1850,-936,"0%"
"South Dakota","Clay",3083,2456,159,5698,627,"0%"
"South Dakota","Codington",3837,8958,366,13161,-5121,"0%"
"South Dakota","Corson",622,647,14,1283,-25,"0%"
"South Dakota","Custer",1522,3852,120,5494,-2330,"0%"
"South Dakota","Davison",2648,5613,193,8454,-2965,"0%"
"South Dakota","Day",1052,1869,43,2964,-817,"0%"
"South Dakota","Deuel",609,1699,42,2350,-1090,"0%"
"South Dakota","Dewey",1131,790,45,1966,341,"0%"
"South Dakota","Douglas",216,1468,23,1707,-1252,"0%"
"South Dakota","Edmunds",417,1538,30,1985,-1121,"0%"
"South Dakota","Fall River",1053,2878,111,4042,-1825,"0%"
"South Dakota","Faulk",198,964,20,1182,-766,"1%"
"South Dakota","Grant",1056,2618,71,3745,-1562,"0%"
"South Dakota","Gregory",455,1771,32,2258,-1316,"0%"
"South Dakota","Haakon",105,1026,6,1137,-921,"0%"
"South Dakota","Hamlin",647,2372,64,3083,-1725,"0%"
"South Dakota","Hand",373,1433,30,1836,-1060,"1%"
"South Dakota","Hanson",557,1793,38,2388,-1236,"0%"
"South Dakota","Harding",49,748,16,813,-699,"0%"
"South Dakota","Hughes",2953,5522,248,8723,-2569,"0%"
"South Dakota","Hutchinson",762,2944,61,3767,-2182,"0%"
"South Dakota","Hyde",136,564,10,710,-428,"0%"
"South Dakota","Jackson",359,738,18,1115,-379,"0%"
"South Dakota","Jerauld",270,721,15,1006,-451,"0%"
"South Dakota","Jones",90,498,11,599,-408,"0%"
"South Dakota","Kingsbury",819,1904,56,2779,-1085,"0%"
"South Dakota","Lake",2068,3681,124,5873,-1613,"0%"
"South Dakota","Lawrence",4537,8753,538,13828,-4216,"0%"
"South Dakota","Lincoln",11981,19617,798,32396,-7636,"0%"
"South Dakota","Lyman",525,1042,30,1597,-517,"0%"
"South Dakota","Marshall",858,1287,33,2178,-429,"0%"
"South Dakota","McCook",769,2068,63,2900,-1299,"0%"
"South Dakota","McPherson",222,1075,27,1324,-853,"0%"
"South Dakota","Meade",3285,9875,510,13670,-6590,"0%"
"South Dakota","Mellette",298,449,22,769,-151,"0%"
"South Dakota","Miner",320,787,31,1138,-467,"1%"
"South Dakota","Minnehaha",40482,49249,2595,92326,-8767,"0%"
"South Dakota","Moody",1179,1951,76,3206,-772,"0%"
"South Dakota","Oglala Lakota",2829,297,74,3200,2532,"0%"
"South Dakota","Pennington",20606,35063,1849,57518,-14457,"0%"
"South Dakota","Perkins",239,1401,29,1669,-1162,"0%"
"South Dakota","Potter",227,1139,14,1380,-912,"0%"
"South Dakota","Roberts",1828,2404,75,4307,-576,"0%"
"South Dakota","Sanborn",257,905,23,1185,-648,"0%"
"South Dakota","Spink",998,2104,61,3163,-1106,"0%"
"South Dakota","Stanley",421,1203,28,1652,-782,"0%"
"South Dakota","Sully",185,726,19,930,-541,"0%"
"South Dakota","Todd",1963,532,44,2539,1431,"0%"
"South Dakota","Tripp",495,2161,40,2696,-1666,"0%"
"South Dakota","Turner",1139,3290,119,4548,-2151,"0%"
"South Dakota","Union",2725,5944,186,8855,-3219,"0%"
"South Dakota","Walworth",565,1966,49,2580,-1401,"0%"
"South Dakota","Yankton",4016,6581,303,10900,-2565,"0%"
"South Dakota","Ziebach",481,404,21,906,77,"0%"
"Tennessee","Anderson",11733,23163,NA,35527,-11430,"4%"
"Tennessee","Bedford",4443,14317,NA,19039,-9874,"0%"
"Tennessee","Benton",1526,5661,NA,7250,-4135,"1%"
"Tennessee","Bledsoe",971,4725,NA,5758,-3754,"0%"
"Tennessee","Blount",17834,47195,NA,66306,-29361,"0%"
"Tennessee","Bradley",9849,35194,925,45968,-25345,"0%"
"Tennessee","Campbell",2438,12330,NA,14929,-9892,"0%"
"Tennessee","Cannon",1261,5190,111,6562,-3929,"1%"
"Tennessee","Carroll",2558,9194,NA,11893,-6636,"9%"
"Tennessee","Carter",4613,19873,382,24868,-15260,"0%"
"Tennessee","Cheatham",5457,14328,NA,20091,-8871,"0%"
"Tennessee","Chester",1411,5951,NA,7578,-4540,"3%"
"Tennessee","Claiborne",2201,10598,NA,12935,-8397,"0%"
"Tennessee","Clay",735,2733,NA,3506,-1998,"0%"
"Tennessee","Cocke",2524,12182,NA,14870,-9658,"1%"
"Tennessee","Coffee",5704,17863,746,24313,-12159,"0%"
"Tennessee","Crockett",1382,4673,NA,6114,-3291,"4%"
"Tennessee","Cumberland",6728,25167,412,32307,-18439,"0%"
"Tennessee","Davidson",197846,99415,11064,308325,98431,"0%"
"Tennessee","DeKalb",1747,6663,NA,8501,-4916,"0%"
"Tennessee","Decatur",904,4229,117,5250,-3325,"1%"
"Tennessee","Dickson",6098,17619,625,24342,-11521,"0%"
"Tennessee","Dyer",3157,11766,NA,15074,-8609,"9%"
"Tennessee","Fayette",7000,15661,NA,22928,-8661,"6%"
"Tennessee","Fentress",1210,7403,NA,8687,-6193,"0%"
"Tennessee","Franklin",4863,13977,306,19146,-9114,"0%"
"Tennessee","Gibson",5764,16245,327,22336,-10481,"0%"
"Tennessee","Giles",3298,9783,NA,13202,-6485,"1%"
"Tennessee","Grainger",1463,8559,NA,10123,-7096,"1%"
"Tennessee","Greene",5183,22185,689,28057,-17002,"0%"
"Tennessee","Grundy",985,4795,NA,5844,-3810,"1%"
"Tennessee","Hamblen",5497,18789,NA,24606,-13292,"1%"
"Tennessee","Hamilton",75360,91991,NA,170735,-16631,"0%"
"Tennessee","Hancock",362,2372,NA,2744,-2010,"1%"
"Tennessee","Hardeman",4180,5760,NA,10058,-1580,"17%"
"Tennessee","Hardin",1774,9556,NA,11534,-7782,"5%"
"Tennessee","Hawkins",4069,20372,NA,24776,-16303,"0%"
"Tennessee","Haywood",4000,3338,NA,7420,662,"15%"
"Tennessee","Henderson",2092,9797,NA,12020,-7705,"0%"
"Tennessee","Henry",3547,11230,NA,15034,-7683,"3%"
"Tennessee","Hickman",2130,7577,NA,9832,-5447,"1%"
"Tennessee","Houston",869,2715,NA,3681,-1846,"0%"
"Tennessee","Humphreys",2017,6116,NA,8232,-4099,"1%"
"Tennessee","Jackson",1133,4106,NA,5308,-2973,"0%"
"Tennessee","Jefferson",4645,18609,NA,23562,-13964,"0%"
"Tennessee","Johnson",1242,6466,NA,7793,-5224,"0%"
"Tennessee","Knox",91097,124339,4433,219869,-33242,"0%"
"Tennessee","Lake",526,1492,NA,2034,-966,"16%"
"Tennessee","Lauderdale",3193,5672,NA,8963,-2479,"11%"
"Tennessee","Lawrence",3195,15334,NA,18718,-12139,"1%"
"Tennessee","Lewis",1068,4473,NA,5604,-3405,"0%"
"Tennessee","Lincoln",2909,12258,NA,15575,-9349,"3%"
"Tennessee","Loudon",6933,21684,758,29375,-14751,"0%"
"Tennessee","Macon",1307,8095,NA,9486,-6788,"0%"
"Tennessee","Madison",18309,23922,616,42847,-5613,"9%"
"Tennessee","Marion",3165,9873,NA,13204,-6708,"0%"
"Tennessee","Marshall",3603,11029,NA,14862,-7426,"0%"
"Tennessee","Maury",14386,31408,NA,46561,-17022,"0%"
"Tennessee","McMinn",4357,18175,NA,22815,-13818,"0%"
"Tennessee","McNairy",1943,9085,NA,11267,-7142,"3%"
"Tennessee","Meigs",1008,4464,NA,5529,-3456,"0%"
"Tennessee","Monroe",3760,16742,NA,20749,-12982,"0%"
"Tennessee","Montgomery",32426,42156,NA,76678,-9730,"0%"
"Tennessee","Moore",573,2888,NA,3539,-2315,"3%"
"Tennessee","Morgan",1161,6926,NA,8218,-5765,"0%"
"Tennessee","Obion",2589,10790,NA,13521,-8201,"9%"
"Tennessee","Overton",2028,7911,NA,10025,-5883,"0%"
"Tennessee","Perry",615,2775,NA,3428,-2160,"0%"
"Tennessee","Pickett",524,2373,NA,2922,-1849,"4%"
"Tennessee","Polk",1492,6792,NA,8360,-5300,"0%"
"Tennessee","Putnam",9154,23694,NA,33481,-14540,"1%"
"Tennessee","Rhea",2363,11031,NA,13608,-8668,"0%"
"Tennessee","Roane",6034,19195,685,25914,-13161,"0%"
"Tennessee","Robertson",8690,24535,NA,33712,-15845,"0%"
"Tennessee","Rutherford",59189,81373,3369,143931,-22184,"0%"
"Tennessee","Scott",986,8004,NA,9052,-7018,"1%"
"Tennessee","Sequatchie",1295,5846,NA,7239,-4551,"0%"
"Tennessee","Sevier",8695,33742,1137,43574,-25047,"0%"
"Tennessee","Shelby",245208,129543,7107,381858,115665,"0%"
"Tennessee","Smith",1798,7124,NA,9035,-5326,"0%"
"Tennessee","Stewart",1230,4942,NA,6283,-3712,"1%"
"Tennessee","Sullivan",17226,55774,NA,74206,-38548,"4%"
"Tennessee","Sumner",27630,63404,NA,92529,-35774,"0%"
"Tennessee","Tipton",6832,20063,NA,27291,-13231,"6%"
"Tennessee","Trousdale",1011,2930,NA,3991,-1919,"0%"
"Tennessee","Unicoi",1610,6593,NA,8294,-4983,"4%"
"Tennessee","Union",1248,6777,NA,8096,-5529,"0%"
"Tennessee","Van Buren",544,2338,NA,2917,-1794,"0%"
"Tennessee","Warren",4126,12323,NA,16692,-8197,"0%"
"Tennessee","Washington",18214,40120,NA,59430,-21906,"0%"
"Tennessee","Wayne",820,5795,NA,6667,-4975,"2%"
"Tennessee","Weakley",3011,10382,NA,13710,-7371,"10%"
"Tennessee","White",2134,9587,NA,11867,-7453,"0%"
"Tennessee","Williamson",50161,86469,NA,138932,-36308,"0%"
"Tennessee","Wilson",22197,50149,NA,74092,-27952,"0%"
"Texas","Anderson",3955,15110,NA,19221,-11155,"4%"
"Texas","Andrews",850,4943,NA,5863,-4093,"0%"
"Texas","Angelina",9136,25070,422,34628,-15934,"2%"
"Texas","Aransas",2916,9239,NA,12289,-6323,"1%"
"Texas","Archer",446,4300,50,4796,-3854,"9%"
"Texas","Armstrong",75,1035,NA,1112,-960,"12%"
"Texas","Atascosa",5876,12039,NA,18116,-6163,"0%"
"Texas","Austin",2951,11447,NA,14554,-8496,"4%"
"Texas","Bailey",409,1434,NA,1859,-1025,"21%"
"Texas","Bandera",2505,10057,NA,12712,-7552,"0%"
"Texas","Bastrop",15452,20486,771,36709,-5034,"0%"
"Texas","Baylor",183,1494,NA,1700,-1311,"10%"
"Texas","Bee",3288,6006,NA,9414,-2718,"6%"
"Texas","Bell",57014,67893,NA,127327,-10879,"0%"
"Texas","Bexar",448452,308618,13501,770571,139834,"0%"
"Texas","Blanco",1905,5429,NA,7419,-3524,"0%"
"Texas","Borden",16,397,NA,416,-381,"12%"
"Texas","Bosque",1561,7469,NA,9126,-5908,"1%"
"Texas","Bowie",10747,27116,NA,38254,-16369,"8%"
"Texas","Brazoria",62228,90433,NA,154938,-28205,"0%"
"Texas","Brazos",35349,47530,NA,84943,-12181,"0%"
"Texas","Brewster",2258,2461,NA,4822,-203,"0%"
"Texas","Briscoe",78,639,NA,725,-561,"24%"
"Texas","Brooks",1470,998,NA,2484,472,"26%"
"Texas","Brown",2107,13698,NA,15963,-11591,"4%"
"Texas","Burleson",1788,6743,NA,8609,-4955,"0%"
"Texas","Burnet",5639,18767,NA,24708,-13128,"0%"
"Texas","Caldwell",6672,8031,NA,14940,-1359,"0%"
"Texas","Calhoun",2148,5641,NA,7856,-3493,"4%"
"Texas","Callahan",734,6012,NA,6832,-5278,"0%"
"Texas","Cameron",64063,49032,NA,114159,15031,"5%"
"Texas","Camp",1394,3626,NA,5058,-2232,"6%"
"Texas","Carson",297,2779,NA,3116,-2482,"15%"
"Texas","Cass",2795,11033,NA,13924,-8238,"4%"
"Texas","Castro",466,1602,NA,2083,-1136,"24%"
"Texas","Chambers",3997,17343,301,21641,-13346,"0%"
"Texas","Cherokee",4210,15101,NA,19508,-10891,"2%"
"Texas","Childress",310,1943,NA,2279,-1633,"7%"
"Texas","Clay",614,5069,NA,5741,-4455,"4%"
"Texas","Cochran",177,809,NA,1000,-632,"16%"
"Texas","Coke",215,1565,NA,1794,-1350,"0%"
"Texas","Coleman",451,3640,37,4128,-3189,"4%"
"Texas","Collin",230945,252318,8953,492216,-21373,"0%"
"Texas","Collingsworth",155,1048,15,1218,-893,"11%"
"Texas","Colorado",2403,7440,69,9912,-5037,"1%"
"Texas","Comal",24826,62740,NA,88863,-37914,"0%"
"Texas","Comanche",852,5177,55,6084,-4325,"2%"
"Texas","Concho",197,1058,NA,1268,-861,"0%"
"Texas","Cooke",3210,15596,NA,18988,-12386,"0%"
"Texas","Coryell",7565,15438,NA,23490,-7873,"0%"
"Texas","Cottle",113,543,NA,665,-430,"31%"
"Texas","Crane",241,1247,15,1503,-1006,"16%"
"Texas","Crockett",344,1220,NA,1574,-876,"17%"
"Texas","Crosby",527,1396,NA,1953,-869,"7%"
"Texas","Culberson",438,415,NA,864,23,"24%"
"Texas","Dallam",197,1389,NA,1609,-1192,"12%"
"Texas","Dallas",598576,307076,15986,921638,291500,"7%"
"Texas","Dawson",808,2951,NA,3789,-2143,"12%"
"Texas","De Witt",1494,6567,57,8118,-5073,"0%"
"Texas","Deaf Smith",1264,3294,NA,4610,-2030,"18%"
"Texas","Delta",403,2162,NA,2592,-1759,"4%"
"Texas","Denton",188695,222480,6789,417964,-33785,"0%"
"Texas","Dickens",130,853,NA,988,-723,"25%"
"Texas","Dimmit",2264,1384,NA,3666,880,"13%"
"Texas","Donley",198,1438,NA,1648,-1240,"9%"
"Texas","Duval",2575,2443,NA,5053,132,"11%"
"Texas","Eastland",983,7237,NA,8292,-6254,"0%"
"Texas","Ector",11367,32697,NA,44581,-21330,"0%"
"Texas","Edwards",168,893,NA,1066,-725,"16%"
"Texas","El Paso",178126,84331,4758,267215,93795,"4%"
"Texas","Ellis",27513,56651,1402,85566,-29138,"0%"
"Texas","Erath",2916,13684,NA,16853,-10768,"2%"
"Texas","Falls",1899,4177,NA,6133,-2278,"4%"
"Texas","Fannin",2655,12171,NA,15004,-9516,"0%"
"Texas","Fayette",2661,10171,NA,12941,-7510,"2%"
"Texas","Fisher",352,1448,NA,1826,-1096,"11%"
"Texas","Floyd",438,1584,NA,2039,-1146,"17%"
"Texas","Foard",99,445,NA,551,-346,"17%"
"Texas","Fort Bend",195191,157595,5047,357833,37596,"0%"
"Texas","Franklin",804,4161,NA,5009,-3357,"7%"
"Texas","Freestone",1635,6991,NA,8711,-5356,"4%"
"Texas","Frio",2422,2823,NA,5279,-401,"8%"
"Texas","Gaines",576,5355,NA,5995,-4779,"0%"
"Texas","Galveston",58842,93911,2307,155060,-35069,"0%"
"Texas","Garza",231,1413,NA,1653,-1182,"10%"
"Texas","Gillespie",3176,12514,NA,15846,-9338,"5%"
"Texas","Glasscock",39,611,NA,653,-572,"17%"
"Texas","Goliad",877,3085,NA,3988,-2208,"9%"
"Texas","Gonzales",1948,5627,NA,7647,-3679,"0%"
"Texas","Gray",829,6840,NA,7782,-6011,"11%"
"Texas","Grayson",14506,44163,NA,59439,-29657,"0%"
"Texas","Gregg",14796,32493,693,47982,-17697,"3%"
"Texas","Grimes",2833,9432,NA,12413,-6599,"0%"
"Texas","Guadalupe",28805,47553,NA,77592,-18748,"0%"
"Texas","Hale",2279,7177,NA,9584,-4898,"8%"
"Texas","Hall",168,995,NA,1168,-827,"11%"
"Texas","Hamilton",641,3616,NA,4349,-2975,"0%"
"Texas","Hansford",166,1848,32,2046,-1682,"12%"
"Texas","Hardeman",241,1330,NA,1580,-1089,"12%"
"Texas","Hardin",3474,23858,NA,27635,-20384,"0%"
"Texas","Harris",918193,700630,21995,1640818,217563,"4%"
"Texas","Harrison",7908,21466,NA,29710,-13558,"5%"
"Texas","Hartley",195,1868,NA,2078,-1673,"10%"
"Texas","Haskell",353,1840,NA,2214,-1487,"7%"
"Texas","Hays",59524,47680,NA,109357,11844,"0%"
"Texas","Hemphill",206,1486,28,1720,-1280,"14%"
"Texas","Henderson",7060,28911,NA,36310,-21851,"0%"
"Texas","Hidalgo",128199,90527,2158,220884,37672,"2%"
"Texas","Hill",2860,11926,NA,14931,-9066,"0%"
"Texas","Hockley",1482,6536,NA,8095,-5054,"6%"
"Texas","Hood",5641,26487,452,32580,-20846,"0%"
"Texas","Hopkins",3046,12719,NA,15939,-9673,"0%"
"Texas","Houston",2314,7060,NA,9437,-4746,"4%"
"Texas","Howard",2069,8054,NA,10240,-5985,"1%"
"Texas","Hudspeth",371,779,NA,1165,-408,"0%"
"Texas","Hunt",8906,29163,NA,38574,-20257,"0%"
"Texas","Hutchinson",965,7681,NA,8771,-6716,"9%"
"Texas","Irion",120,759,NA,889,-639,"13%"
"Texas","Jack",331,3418,NA,3782,-3087,"4%"
"Texas","Jackson",1033,5231,NA,6340,-4198,"0%"
"Texas","Jasper",2954,12542,NA,15608,-9588,"2%"
"Texas","Jeff Davis",501,784,NA,1305,-283,"14%"
"Texas","Jefferson",46073,47570,NA,94739,-1497,"9%"
"Texas","Jim Hogg",1197,833,NA,2036,364,"26%"
"Texas","Jim Wells",6119,7453,NA,13669,-1334,"15%"
"Texas","Johnson",16464,54628,NA,72005,-38164,"0%"
"Texas","Jones",999,5660,NA,6741,-4661,"4%"
"Texas","Karnes",1234,3968,NA,5249,-2734,"0%"
"Texas","Kaufman",18405,37624,NA,56703,-19219,"0%"
"Texas","Kendall",6020,20083,NA,26438,-14063,"0%"
"Texas","Kenedy",65,127,NA,194,-62,"20%"
"Texas","Kent",47,411,NA,462,-364,"18%"
"Texas","Kerr",6510,20858,370,27738,-14348,"4%"
"Texas","Kimble",284,1987,NA,2292,-1703,"1%"
"Texas","King",8,151,0,159,-143,"23%"
"Texas","Kinney",446,1144,NA,1603,-698,"14%"
"Texas","Kleberg",5359,5557,NA,11041,-198,"11%"
"Texas","Knox",265,1180,NA,1456,-915,"18%"
"Texas","La Salle",1052,1335,NA,2406,-283,"10%"
"Texas","La Vaca",1333,8802,60,10195,-7469,"0%"
"Texas","Lamar",4458,16760,NA,21418,-12302,"0%"
"Texas","Lamb",840,3521,NA,4408,-2681,"9%"
"Texas","Lampasas",2144,8086,NA,10399,-5942,"0%"
"Texas","Lee",1750,6255,NA,8086,-4505,"0%"
"Texas","Leon",1072,7522,78,8672,-6450,"1%"
"Texas","Liberty",5785,23302,NA,29334,-17517,"0%"
"Texas","Limestone",2213,6789,NA,9095,-4576,"0%"
"Texas","Lipscomb",131,1205,NA,1353,-1074,"14%"
"Texas","Live Oak",819,4199,NA,5054,-3380,"1%"
"Texas","Llano",3167,9996,NA,13278,-6829,"0%"
"Texas","Loving",4,60,NA,66,-56,"22%"
"Texas","Lubbock",40017,78861,NA,120771,-38844,"0%"
"Texas","Lynn",428,1853,12,2293,-1425,"3%"
"Texas","Madison",1088,4169,NA,5297,-3081,"0%"
"Texas","Marion",1339,3470,NA,4864,-2131,"4%"
"Texas","Martin",288,1857,NA,2160,-1569,"0%"
"Texas","Mason",566,2108,26,2700,-1542,"0%"
"Texas","Matagorda",3733,9845,NA,13726,-6112,"5%"
"Texas","Maverick",8332,6881,NA,15346,1451,"13%"
"Texas","McCulloch",490,2904,NA,3436,-2414,"6%"
"Texas","McLennan",36688,59543,NA,97771,-22855,"0%"
"Texas","McMullen",53,460,NA,516,-407,"21%"
"Texas","Medina",6773,15642,NA,22644,-8869,"0%"
"Texas","Menard",197,823,NA,1028,-626,"8%"
"Texas","Midland",12329,45624,NA,58856,-33295,"3%"
"Texas","Milam",2496,7984,NA,10576,-5488,"0%"
"Texas","Mills",271,2217,NA,2505,-1946,"6%"
"Texas","Mitchell",397,2170,NA,2579,-1773,"6%"
"Texas","Montague",1097,8615,NA,9814,-7518,"3%"
"Texas","Montgomery",74377,193382,NA,271451,-119005,"0%"
"Texas","Moore",1062,4359,NA,5508,-3297,"12%"
"Texas","Morris",1669,3872,NA,5587,-2203,"8%"
"Texas","Motley",46,604,NA,652,-558,"18%"
"Texas","Nacogdoches",9000,17378,NA,26763,-8378,"4%"
"Texas","Navarro",5101,13800,NA,19121,-8699,"1%"
"Texas","Newton",1175,4882,NA,6096,-3707,"12%"
"Texas","Nolan",1162,4131,NA,5356,-2969,"7%"
"Texas","Nueces",60925,64617,NA,127314,-3692,"6%"
"Texas","Ochiltree",302,2811,42,3155,-2509,"11%"
"Texas","Oldham",81,917,NA,1009,-836,"18%"
"Texas","Orange",6354,29170,450,35974,-22816,"5%"
"Texas","Palo Pinto",2178,10179,NA,12485,-8001,"0%"
"Texas","Panola",2057,9322,73,11452,-7265,"7%"
"Texas","Parker",13017,62045,1066,76128,-49028,"2%"
"Texas","Parmer",488,2135,NA,2650,-1647,"20%"
"Texas","Pecos",1382,3215,NA,4668,-1833,"14%"
"Texas","Polk",5387,18573,NA,24181,-13186,"0%"
"Texas","Potter",9921,22820,NA,33321,-12899,"0%"
"Texas","Presidio",1463,721,33,2217,742,"23%"
"Texas","Rains",842,5155,NA,6053,-4313,"0%"
"Texas","Randall",12750,50597,1065,64412,-37847,"6%"
"Texas","Reagan",172,942,NA,1124,-770,"4%"
"Texas","Real",320,1643,NA,1982,-1323,"0%"
"Texas","Red River",1246,4517,NA,5806,-3271,"5%"
"Texas","Reeves",1395,2254,NA,3687,-859,"11%"
"Texas","Refugio",1108,2210,48,3366,-1102,"3%"
"Texas","Roberts",17,529,NA,550,-512,"24%"
"Texas","Robertson",2374,5646,NA,8099,-3272,"6%"
"Texas","Rockwall",18149,38842,801,57792,-20693,"0%"
"Texas","Runnels",552,3807,NA,4409,-3255,"1%"
"Texas","Rusk",4629,16534,NA,21368,-11905,"5%"
"Texas","Sabine",669,4784,NA,5487,-4115,"0%"
"Texas","San Augustine",980,3007,NA,4002,-2027,"8%"
"Texas","San Jacinto",2337,10161,NA,12638,-7824,"0%"
"Texas","San Patricio",8988,16516,NA,25888,-7528,"0%"
"Texas","San Saba",287,2308,NA,2602,-2021,"7%"
"Texas","Schleicher",211,940,NA,1159,-729,"7%"
"Texas","Scurry",818,4983,NA,5869,-4165,"6%"
"Texas","Shackelford",130,1484,14,1628,-1354,"12%"
"Texas","Shelby",2068,7975,NA,10084,-5907,"8%"
"Texas","Sherman",91,886,NA,991,-795,"27%"
"Texas","Smith",29615,69080,NA,100075,-39465,"0%"
"Texas","Somervell",768,4099,73,4940,-3331,"0%"
"Texas","Starr",9123,8247,NA,17525,876,"0%"
"Texas","Stephens",397,3385,NA,3800,-2988,"7%"
"Texas","Sterling",51,584,NA,639,-533,"22%"
"Texas","Stonewall",116,615,NA,736,-499,"19%"
"Texas","Sutton",322,1222,NA,1557,-900,"20%"
"Texas","Swisher",478,1845,NA,2355,-1367,"12%"
"Texas","Tarrant",411567,409741,13389,834697,1826,"4%"
"Texas","Taylor",14588,39547,NA,55112,-24959,"0%"
"Texas","Terrell",119,334,NA,458,-215,"36%"
"Texas","Terry",757,2812,NA,3612,-2055,"17%"
"Texas","Throckmorton",82,806,11,899,-724,"15%"
"Texas","Titus",2856,7570,NA,10539,-4714,"5%"
"Texas","Tom Green",12106,32129,656,44891,-20023,"6%"
"Texas","Travis",435860,161337,13152,610349,274523,"0%"
"Texas","Trinity",1323,5579,NA,6938,-4256,"6%"
"Texas","Tyler",1403,8194,NA,9660,-6791,"0%"
"Texas","Upshur",2877,15809,NA,18887,-12932,"0%"
"Texas","Upton",170,1178,NA,1368,-1008,"14%"
"Texas","Uvalde",4073,6174,NA,10342,-2101,"11%"
"Texas","Val Verde",6771,8284,NA,15272,-1513,"14%"
"Texas","Van Zandt",3516,22270,NA,25994,-18754,"0%"
"Texas","Victoria",10371,23347,487,34205,-12976,"7%"
"Texas","Walker",7875,15368,398,23641,-7493,"0%"
"Texas","Waller",8191,14260,NA,22734,-6069,"0%"
"Texas","Ward",764,3241,NA,4060,-2477,"0%"
"Texas","Washington",4261,12959,NA,17418,-8698,"5%"
"Texas","Webb",41820,25898,NA,68397,15922,"8%"
"Texas","Wharton",4694,11926,NA,16761,-7232,"4%"
"Texas","Wheeler",168,2159,NA,2337,-1991,"14%"
"Texas","Wichita",13161,32069,NA,46030,-18908,"9%"
"Texas","Wilbarger",956,3524,NA,4524,-2568,"7%"
"Texas","Willacy",3097,2437,NA,5575,660,"16%"
"Texas","Williamson",143795,139729,NA,289312,4066,"0%"
"Texas","Wilson",6350,18457,199,25006,-12107,"0%"
"Texas","Winkler",358,1753,NA,2126,-1395,"13%"
"Texas","Wise",4973,27032,NA,32362,-22059,"0%"
"Texas","Wood",3509,19049,221,22779,-15540,"0%"
"Texas","Yoakum",419,2172,42,2633,-1753,"12%"
"Texas","Young",1036,7112,NA,8242,-6076,"9%"
"Texas","Zapata",1826,2033,NA,3874,-207,"16%"
"Texas","Zavala",2864,1490,NA,4379,1374,"8%"
"Utah","Beaver",357,2695,NA,3100,-2338,"0%"
"Utah","Box Elder",4473,21548,NA,27023,-17075,"0%"
"Utah","Cache",16650,38032,NA,57534,-21382,"0%"
"Utah","Carbon",2392,6693,NA,9369,-4301,"0%"
"Utah","Daggett",111,496,NA,619,-385,"0%"
"Utah","Davis",57411,104135,NA,169814,-46724,"0%"
"Utah","Duchesne",843,7513,NA,8524,-6670,"0%"
"Utah","Emery",572,4207,NA,4865,-3635,"7%"
"Utah","Garfield",514,2158,NA,2732,-1644,"1%"
"Utah","Grand",2806,2248,NA,5185,558,"3%"
"Utah","Iron",4892,18989,NA,24890,-14097,"0%"
"Utah","Juab",645,5087,152,5884,-4442,"0%"
"Utah","Kane",1083,2998,NA,4180,-1915,"0%"
"Utah","Millard",624,5404,NA,6160,-4780,"0%"
"Utah","Morgan",1086,5181,NA,6512,-4095,"0%"
"Utah","Piute",86,773,NA,871,-687,"6%"
"Utah","Rich",180,1157,NA,1363,-977,"0%"
"Utah","Salt Lake",289906,230174,NA,540966,59732,"0%"
"Utah","San Juan",3113,3535,NA,6877,-422,"0%"
"Utah","Sanpete",1794,10459,NA,12625,-8665,"0%"
"Utah","Sevier",1084,9052,NA,10362,-7968,"0%"
"Utah","Summit",15244,10252,NA,26086,4992,"0%"
"Utah","Tooele",8943,21014,NA,31506,-12071,"0%"
"Utah","Uintah",1663,13261,NA,15303,-11598,"0%"
"Utah","Utah",76033,192812,NA,284286,-116779,"0%"
"Utah","Wasatch",6187,10795,NA,17579,-4608,"0%"
"Utah","Washington",20530,67294,NA,90457,-46764,"0%"
"Utah","Wayne",365,1229,NA,1621,-864,"3%"
"Utah","Weber",40695,65949,NA,111403,-25254,"0%"
"Virginia","Accomack",7578,9172,212,16962,-1594,"29%"
"Virginia","Albemarle",42466,20804,1387,64657,21662,"0%"
"Virginia","Alexandria",66240,14544,1724,82508,51696,"0%"
"Virginia","Alleghany",2243,5859,101,8203,-3616,"0%"
"Virginia","Amelia",2411,5390,92,7893,-2979,"0%"
"Virginia","Amherst",5672,11041,292,17005,-5369,"0%"
"Virginia","Appomattox",2418,6702,148,9268,-4284,"0%"
"Virginia","Arlington",105344,22318,3037,130699,83026,"0%"
"Virginia","Augusta",10840,30714,724,42278,-19874,"0%"
"Virginia","Bath",646,1834,21,2501,-1188,"0%"
"Virginia","Bedford",12176,35600,893,48669,-23424,"0%"
"Virginia","Bland",532,2903,44,3479,-2371,"0%"
"Virginia","Botetourt",5700,15099,321,21120,-9399,"0%"
"Virginia","Bristol",2313,5347,146,7806,-3034,"0%"
"Virginia","Brunswick",4552,3357,39,7948,1195,"0%"
"Virginia","Buchanan",1587,8311,55,9953,-6724,"0%"
"Virginia","Buckingham",3471,4544,111,8126,-1073,"0%"
"Virginia","Buena Vista",825,1863,88,2776,-1038,"0%"
"Virginia","Campbell",8070,21245,577,29892,-13175,"0%"
"Virginia","Caroline",7657,8336,295,16288,-679,"0%"
"Virginia","Carroll",2842,12659,150,15651,-9817,"0%"
"Virginia","Charles City",2624,1761,56,4441,863,"0%"
"Virginia","Charlotte",2317,3815,59,6191,-1498,"0%"
"Virginia","Charlottesville",20696,3094,415,24205,17602,"0%"
"Virginia","Chesapeake",66377,58180,2551,127108,8197,"0%"
"Virginia","Chesterfield",106935,93326,3623,203884,13609,"0%"
"Virginia","Clarke",3920,5192,225,9337,-1272,"0%"
"Virginia","Colonial Heights",2972,6007,167,9146,-3035,"0%"
"Virginia","Covington",964,1580,59,2603,-616,"0%"
"Virginia","Craig",587,2536,46,3169,-1949,"0%"
"Virginia","Culpeper",10617,16012,487,27116,-5395,"0%"
"Virginia","Cumberland",2227,3019,64,5310,-792,"0%"
"Virginia","Danville",11710,7428,251,19389,4282,"0%"
"Virginia","Dickenson",1503,5748,52,7303,-4245,"0%"
"Virginia","Dinwiddie",6224,8695,173,15092,-2471,"0%"
"Virginia","Emporia",1612,754,15,2381,858,"0%"
"Virginia","Essex",3038,3075,65,6178,-37,"0%"
"Virginia","Fairfax",419943,168401,12479,600823,251542,"0%"
"Virginia","Fairfax City",9174,4007,302,13483,5167,"0%"
"Virginia","Falls Church",7146,1490,183,8819,5656,"0%"
"Virginia","Fauquier",17565,25106,990,43661,-7541,"0%"
"Virginia","Floyd",3004,6225,179,9408,-3221,"0%"
"Virginia","Fluvanna",7414,8155,271,15840,-741,"0%"
"Virginia","Franklin",8381,20895,426,29702,-12514,"0%"
"Virginia","Franklin City",2525,1487,46,4058,1038,"0%"
"Virginia","Frederick",17207,30558,938,48703,-13351,"0%"
"Virginia","Fredericksburg",8517,4037,308,12862,4480,"25%"
"Virginia","Galax",777,1838,23,2638,-1061,"0%"
"Virginia","Giles",2156,6876,144,9176,-4720,"0%"
"Virginia","Gloucester",6964,14875,443,22282,-7911,"0%"
"Virginia","Goochland",6685,9966,299,16950,-3281,"0%"
"Virginia","Grayson",1535,6529,67,8131,-4994,"0%"
"Virginia","Greene",4163,6866,282,11311,-2703,"0%"
"Virginia","Greensville",2627,1914,33,4574,713,"0%"
"Virginia","Halifax",7666,10418,164,18248,-2752,"0%"
"Virginia","Hampton",46220,18430,1251,65901,27790,"0%"
"Virginia","Hanover",25307,44318,1342,70967,-19011,"0%"
"Virginia","Harrisonburg",11022,5591,473,17086,5431,"0%"
"Virginia","Henrico",116572,63440,3140,183152,53132,"0%"
"Virginia","Henry",9127,16725,253,26105,-7598,"0%"
"Virginia","Highland",417,1092,24,1533,-675,"0%"
"Virginia","Hopewell",5430,4020,158,9608,1410,"0%"
"Virginia","Isle of Wight",9399,13707,350,23456,-4308,"0%"
"Virginia","James City",25553,23153,916,49622,2400,"0%"
"Virginia","King George",5404,8446,374,14224,-3042,"0%"
"Virginia","King William",3260,7320,156,10736,-4060,"0%"
"Virginia","King and Queen",1590,2450,75,4115,-860,"0%"
"Virginia","Lancaster",3368,3697,87,7152,-329,"0%"
"Virginia","Lee",1489,8365,92,9946,-6876,"0%"
"Virginia","Lexington",1791,906,65,2762,885,"0%"
"Virginia","Loudoun",138372,82088,4402,224862,56284,"0%"
"Virginia","Louisa",8269,13294,352,21915,-5025,"0%"
"Virginia","Lunenburg",2418,3537,45,6000,-1119,"0%"
"Virginia","Lynchburg",18048,17097,1218,36363,951,"0%"
"Virginia","Madison",2698,5300,131,8129,-2602,"0%"
"Virginia","Manassas",10356,6256,356,16968,4100,"0%"
"Virginia","Manassas Park",3992,1979,116,6087,2013,"0%"
"Virginia","Martinsville",3766,2165,82,6013,1601,"0%"
"Virginia","Mathews",1825,3901,100,5826,-2076,"0%"
"Virginia","Mecklenburg",6803,9266,135,16204,-2463,"12%"
"Virginia","Middlesex",2491,4196,98,6785,-1705,"0%"
"Virginia","Montgomery",23218,20629,1190,45037,2589,"0%"
"Virginia","Nelson",4327,4812,177,9316,-485,"0%"
"Virginia","New Kent",4621,9631,211,14463,-5010,"0%"
"Virginia","Newport News",53099,26377,1727,81203,26722,"0%"
"Virginia","Norfolk",64440,23443,1998,89881,40997,"0%"
"Virginia","Northampton",3667,2955,110,6732,712,"0%"
"Virginia","Northumberland",3252,4485,78,7815,-1233,"1%"
"Virginia","Norton",464,1109,28,1601,-645,"0%"
"Virginia","Nottoway",2971,4027,80,7078,-1056,"0%"
"Virginia","Orange",7995,12426,321,20742,-4431,"0%"
"Virginia","Page",3007,9345,162,12514,-6338,"0%"
"Virginia","Patrick",1954,7485,95,9534,-5531,"0%"
"Virginia","Petersburg",12389,1584,145,14118,10805,"0%"
"Virginia","Pittsylvania",10115,23751,361,34227,-13636,"0%"
"Virginia","Poquoson",2054,5605,198,7857,-3551,"0%"
"Virginia","Portsmouth",30948,12755,879,44582,18193,"0%"
"Virginia","Powhatan",5320,14055,355,19730,-8735,"0%"
"Virginia","Prince Edward",4973,4434,167,9574,539,"0%"
"Virginia","Prince George",7103,10103,226,17432,-3000,"0%"
"Virginia","Prince William",142863,81222,3971,228056,61641,"0%"
"Virginia","Pulaski",4925,12127,324,17376,-7202,"0%"
"Virginia","Radford",3358,2786,176,6320,572,"0%"
"Virginia","Rappahannock",2096,2812,70,4978,-716,"0%"
"Virginia","Richmond",1513,2547,42,4102,-1034,"0%"
"Virginia","Richmond City",92175,16603,2381,111159,75572,"0%"
"Virginia","Roanoke",21801,34268,1115,57184,-12467,"0%"
"Virginia","Roanoke City",26773,15607,943,43323,11166,"0%"
"Virginia","Rockbridge",4086,8088,199,12373,-4002,"0%"
"Virginia","Rockingham",12644,30349,818,43811,-17705,"0%"
"Virginia","Russell",2373,10879,134,13386,-8506,"0%"
"Virginia","Salem",5148,7683,220,13051,-2535,"0%"
"Virginia","Scott",1692,9063,114,10869,-7371,"0%"
"Virginia","Shenandoah",6836,16463,385,23684,-9627,"0%"
"Virginia","Smyth",3008,10963,165,14136,-7955,"0%"
"Virginia","Southampton",3969,5730,87,9786,-1761,"0%"
"Virginia","Spotsylvania",34307,39411,1599,75317,-5104,"0%"
"Virginia","Stafford",40245,37636,1744,79625,2609,"0%"
"Virginia","Staunton",6981,5695,314,12990,1286,"0%"
"Virginia","Suffolk",28676,20082,884,49642,8594,"0%"
"Virginia","Surry",2397,2025,49,4471,372,"0%"
"Virginia","Sussex",2827,2219,42,5088,608,"0%"
"Virginia","Tazewell",3205,16731,198,20134,-13526,"0%"
"Virginia","Virginia Beach",117393,105087,5081,227561,12306,"0%"
"Virginia","Warren",6603,14069,475,21147,-7466,"0%"
"Virginia","Washington",6617,21679,389,28685,-15062,"0%"
"Virginia","Waynesboro",4961,5507,249,10717,-546,"0%"
"Virginia","Westmoreland",4501,5318,114,9933,-817,"0%"
"Virginia","Williamsburg",4790,1963,130,6883,2827,"0%"
"Virginia","Winchester",6610,5221,275,12106,1389,"0%"
"Virginia","Wise",3110,13366,139,16615,-10256,"0%"
"Virginia","Wythe",3143,11733,196,15072,-8590,"0%"
"Virginia","York",17683,20241,863,38787,-2558,"0%"
"Vermont","Addison",14967,6292,763,22022,8675,"NA%"
"Vermont","Bennington",12705,7114,643,20462,5591,"NA%"
"Vermont","Caledonia",9011,6551,607,16169,2460,"NA%"
"Vermont","Chittenden",74961,21017,2937,98915,53944,"NA%"
"Vermont","Essex",1405,1773,110,3288,-368,"NA%"
"Vermont","Franklin",13611,11274,945,25830,2337,"NA%"
"Vermont","Grand Isle",2905,1810,136,4851,1095,"NA%"
"Vermont","Lamoille",10240,4163,512,14915,6077,"NA%"
"Vermont","Orange",10304,6187,631,17122,4117,"NA%"
"Vermont","Orleans",7147,6512,437,14096,635,"NA%"
"Vermont","Rutland",18230,14672,1068,33970,3558,"NA%"
"Vermont","Washington",25191,8928,1188,35307,16263,"NA%"
"Vermont","Windham",18767,6440,828,26035,12327,"NA%"
"Vermont","Windsor",23376,9971,1099,34446,13405,"NA%"
"Washington","Adams",1789,3881,NA,5784,-2092,"0%"
"Washington","Asotin",4233,7259,NA,11795,-3026,"0%"
"Washington","Benton",38664,60301,NA,102199,-21637,"0%"
"Washington","Chelan",19005,22476,NA,42387,-3471,"0%"
"Washington","Clallam",24687,23029,NA,48953,1658,"0%"
"Washington","Clark",140095,126079,NA,272978,14016,"0%"
"Washington","Columbia",668,1754,NA,2482,-1086,"0%"
"Washington","Cowlitz",23933,34408,NA,59945,-10475,"0%"
"Washington","Douglas",7787,12908,NA,21110,-5121,"0%"
"Washington","Ferry",1465,2735,NA,4292,-1270,"0%"
"Washington","Franklin",13148,17849,NA,31833,-4701,"0%"
"Washington","Garfield",362,1062,NA,1470,-700,"0%"
"Washington","Grant",11751,24703,NA,37340,-12952,"0%"
"Washington","Grays Harbor",17172,19590,NA,37763,-2418,"0%"
"Washington","Island",29171,22698,NA,53444,6473,"0%"
"Washington","Jefferson",17190,6921,NA,24633,10269,"0%"
"Washington","King",906507,268775,NA,1201276,637732,"0%"
"Washington","Kitsap",90224,61532,NA,157535,28692,"0%"
"Washington","Kittitas",11246,14042,825,26113,-2796,"0%"
"Washington","Klickitat",5947,7223,NA,13453,-1276,"0%"
"Washington","Lewis",14462,29318,NA,44935,-14856,"0%"
"Washington","Lincoln",1711,5134,NA,6974,-3423,"0%"
"Washington","Mason",17253,18676,NA,37060,-1423,"0%"
"Washington","Okanogan",8890,11830,NA,21131,-2940,"0%"
"Washington","Pacific",6776,6930,NA,13973,-154,"0%"
"Washington","Pend Oreille",2578,5655,NA,8422,-3077,"0%"
"Washington","Pierce",249447,197691,NA,460611,51756,"0%"
"Washington","San Juan",9606,2994,NA,12896,6612,"0%"
"Washington","Skagit",38033,32588,NA,72536,5445,"0%"
"Washington","Skamania",3100,3783,NA,7066,-683,"0%"
"Washington","Snohomish",256600,166320,NA,435340,90280,"0%"
"Washington","Spokane",135511,148244,NA,292680,-12733,"0%"
"Washington","Stevens",7721,19592,NA,27937,-11871,"0%"
"Washington","Thurston",96530,65199,NA,166806,31331,"0%"
"Washington","Wahkiakum",1150,1711,NA,2924,-561,"0%"
"Washington","Walla Walla",13649,16344,NA,30945,-2695,"0%"
"Washington","Whatcom",83557,50407,NA,137464,33150,"0%"
"Washington","Whitman",11143,9048,NA,20901,2095,"0%"
"Washington","Yakima",43162,50531,NA,95670,-7369,"0%"
"Wisconsin","Adams",4329,7362,127,11818,-3033,"0%"
"Wisconsin","Ashland",4801,3841,115,8757,960,"0%"
"Wisconsin","Barron",9194,15803,349,25346,-6609,"0%"
"Wisconsin","Bayfield",6147,4617,116,10880,1530,"0%"
"Wisconsin","Brown",65511,75871,2635,144017,-10360,"0%"
"Wisconsin","Buffalo",2860,4834,122,7816,-1974,"0%"
"Wisconsin","Burnett",3569,6462,110,10141,-2893,"0%"
"Wisconsin","Calumet",12116,18156,502,30774,-6040,"0%"
"Wisconsin","Chippewa",13983,21317,638,35938,-7334,"0%"
"Wisconsin","Clark",4524,10002,372,14898,-5478,"0%"
"Wisconsin","Columbia",16410,16927,532,33869,-517,"0%"
"Wisconsin","Crawford",3953,4620,122,8695,-667,"0%"
"Wisconsin","Dane",260185,78800,5806,344791,181385,"0%"
"Wisconsin","Dodge",16356,31355,725,48436,-14999,"0%"
"Wisconsin","Door",10044,9752,321,20117,292,"0%"
"Wisconsin","Douglas",13218,10923,536,24677,2295,"0%"
"Wisconsin","Dunn",9897,13173,454,23524,-3276,"0%"
"Wisconsin","Eau Claire",31620,25341,1314,58275,6279,"0%"
"Wisconsin","Florence",781,2133,26,2940,-1352,"0%"
"Wisconsin","Fond du Lac",20588,35754,909,57251,-15166,"0%"
"Wisconsin","Forest",1721,3285,47,5053,-1564,"0%"
"Wisconsin","Grant",10998,14142,468,25608,-3144,"0%"
"Wisconsin","Green",10851,10169,386,21406,682,"0%"
"Wisconsin","Green Lake",3344,7168,159,10671,-3824,"0%"
"Wisconsin","Iowa",7828,5909,255,13992,1919,"0%"
"Wisconsin","Iron",1533,2438,39,4010,-905,"0%"
"Wisconsin","Jackson",4256,5791,137,10184,-1535,"0%"
"Wisconsin","Jefferson",19904,27208,867,47979,-7304,"0%"
"Wisconsin","Juneau",4746,8749,214,13709,-4003,"0%"
"Wisconsin","Kenosha",42193,44972,1573,88738,-2779,"0%"
"Wisconsin","Kewaunee",3976,7927,192,12095,-3951,"0%"
"Wisconsin","La Crosse",37846,28684,1354,67884,9162,"0%"
"Wisconsin","Lafayette",3647,4821,87,8555,-1174,"0%"
"Wisconsin","Langlade",3704,7330,131,11165,-3626,"0%"
"Wisconsin","Lincoln",6261,10017,219,16497,-3756,"0%"
"Wisconsin","Manitowoc",16818,27218,793,44829,-10400,"0%"
"Wisconsin","Marathon",30808,44624,1319,76751,-13816,"0%"
"Wisconsin","Marinette",7366,15304,309,22979,-7938,"0%"
"Wisconsin","Marquette",3239,5719,107,9065,-2480,"0%"
"Wisconsin","Menominee",1303,278,9,1590,1025,"0%"
"Wisconsin","Milwaukee",317270,134357,7344,458971,182913,"0%"
"Wisconsin","Monroe",8433,13775,403,22611,-5342,"0%"
"Wisconsin","Oconto",6715,16226,274,23215,-9511,"0%"
"Wisconsin","Oneida",10105,13671,383,24159,-3566,"0%"
"Wisconsin","Outagamie",47667,58385,1970,108022,-10718,"0%"
"Wisconsin","Ozaukee",26517,33912,1057,61486,-7395,"0%"
"Wisconsin","Pepin",1489,2584,71,4144,-1095,"0%"
"Wisconsin","Pierce",9839,12903,716,23458,-3064,"0%"
"Wisconsin","Polk",9370,16611,390,26371,-7241,"0%"
"Wisconsin","Portage",20428,19299,876,40603,1129,"0%"
"Wisconsin","Price",3032,5394,120,8546,-2362,"0%"
"Wisconsin","Racine",50159,54479,1813,106451,-4320,"0%"
"Wisconsin","Richland",3995,4871,148,9014,-876,"0%"
"Wisconsin","Rock",46658,37138,1564,85360,9520,"0%"
"Wisconsin","Rusk",2517,5257,112,7886,-2740,"0%"
"Wisconsin","Sauk",18108,17493,602,36203,615,"0%"
"Wisconsin","Sawyer",4498,5909,103,10510,-1411,"0%"
"Wisconsin","Shawano",7131,15173,303,22607,-8042,"0%"
"Wisconsin","Sheboygan",27101,37609,1293,66003,-10508,"0%"
"Wisconsin","St. Croix",23190,32199,1318,56707,-9009,"0%"
"Wisconsin","Taylor",2693,7655,336,10684,-4962,"0%"
"Wisconsin","Trempealeau",6285,8833,102,15220,-2548,"0%"
"Wisconsin","Vernon",7457,8218,239,15914,-761,"0%"
"Wisconsin","Vilas",5903,9261,205,15369,-3358,"0%"
"Wisconsin","Walworth",22789,33851,960,57600,-11062,"0%"
"Wisconsin","Washburn",3867,6334,177,10378,-2467,"0%"
"Wisconsin","Washington",26650,60237,1183,88070,-33587,"0%"
"Wisconsin","Waukesha",103906,159649,4441,267996,-55743,"0%"
"Wisconsin","Waupaca",9703,18952,475,29130,-9249,"0%"
"Wisconsin","Waushara",4388,9016,164,13568,-4628,"0%"
"Wisconsin","Winnebago",44060,47796,2304,94160,-3736,"0%"
"Wisconsin","Wood",16365,24308,625,41298,-7943,"0%"
"West Virginia","Barbour",1457,5116,NA,6677,-3659,"0%"
"West Virginia","Berkeley",17186,33279,NA,51535,-16093,"0%"
"West Virginia","Boone",2041,6816,NA,9012,-4775,"0%"
"West Virginia","Braxton",1457,4120,NA,5664,-2663,"0%"
"West Virginia","Brooke",2947,7545,NA,10656,-4598,"0%"
"West Virginia","Cabell",14994,21721,NA,37360,-6727,"0%"
"West Virginia","Calhoun",568,2364,NA,2971,-1796,"0%"
"West Virginia","Clay",641,2679,NA,3365,-2038,"0%"
"West Virginia","Doddridge",435,2619,NA,3101,-2184,"1%"
"West Virginia","Fayette",5063,11580,NA,16862,-6517,"0%"
"West Virginia","Gilmer",599,2012,NA,2662,-1413,"5%"
"West Virginia","Grant",607,4871,NA,5509,-4264,"0%"
"West Virginia","Greenbrier",4655,10925,NA,15850,-6270,"0%"
"West Virginia","Hampshire",1939,8033,NA,10086,-6094,"0%"
"West Virginia","Hancock",3790,9806,NA,13800,-6016,"1%"
"West Virginia","Hardy",1381,4859,NA,6331,-3478,"0%"
"West Virginia","Harrison",9215,20683,NA,30465,-11468,"0%"
"West Virginia","Jackson",3207,10093,NA,13508,-6886,"0%"
"West Virginia","Jefferson",12127,15033,NA,27703,-2906,"0%"
"West Virginia","Kanawha",34344,46398,NA,82244,-12054,"1%"
"West Virginia","Lewis",1538,5782,NA,7457,-4244,"2%"
"West Virginia","Lincoln",1711,6012,NA,7830,-4301,"0%"
"West Virginia","Logan",2333,10534,NA,13026,-8201,"4%"
"West Virginia","Marion",8901,16300,NA,25794,-7399,"0%"
"West Virginia","Marshall",3455,10435,190,14080,-6980,"3%"
"West Virginia","Mason",2511,8422,216,11149,-5911,"0%"
"West Virginia","McDowell",1333,5148,NA,6527,-3815,"4%"
"West Virginia","Mercer",5556,19237,NA,25134,-13681,"0%"
"West Virginia","Mineral",2660,10040,NA,12872,-7380,"0%"
"West Virginia","Mingo",1385,8521,NA,9987,-7136,"5%"
"West Virginia","Monongalia",20282,20803,NA,42072,-521,"0%"
"West Virginia","Monroe",1345,5068,NA,6490,-3723,"0%"
"West Virginia","Morgan",1998,6537,NA,8695,-4539,"0%"
"West Virginia","Nicholas",2226,8279,NA,10630,-6053,"0%"
"West Virginia","Ohio",7223,12354,NA,19898,-5131,"0%"
"West Virginia","Pendleton",820,2782,NA,3659,-1962,"0%"
"West Virginia","Pleasants",699,2742,NA,3491,-2043,"0%"
"West Virginia","Pocahontas",1047,2895,NA,4008,-1848,"0%"
"West Virginia","Preston",3163,11190,NA,14572,-8027,"1%"
"West Virginia","Putnam",7878,20034,NA,28501,-12156,"0%"
"West Virginia","Raleigh",7982,24673,NA,33106,-16691,"0%"
"West Virginia","Randolph",3362,8673,NA,12200,-5311,"0%"
"West Virginia","Ritchie",586,3649,NA,4283,-3063,"4%"
"West Virginia","Roane",1455,4213,NA,5763,-2758,"0%"
"West Virginia","Summers",1448,4074,NA,5585,-2626,"0%"
"West Virginia","Taylor",1796,5477,NA,7383,-3681,"0%"
"West Virginia","Tucker",938,2841,NA,3844,-1903,"0%"
"West Virginia","Tyler",631,3226,NA,3922,-2595,"2%"
"West Virginia","Upshur",2256,7771,NA,10221,-5515,"0%"
"West Virginia","Wayne",4088,12585,NA,16947,-8497,"0%"
"West Virginia","Webster",610,2759,NA,3402,-2149,"0%"
"West Virginia","Wetzel",1539,4993,NA,6667,-3454,"3%"
"West Virginia","Wirt",466,2134,NA,2653,-1668,"0%"
"West Virginia","Wood",10816,26963,624,38403,-16147,"0%"
"West Virginia","Wyoming",1157,7353,NA,8592,-6196,"0%"
"Wyoming","Albany",9092,8579,946,18617,513,"0%"
"Wyoming","Big Horn",788,4806,158,5752,-4018,"0%"
"Wyoming","Campbell",1935,16975,656,19566,-15040,"0%"
"Wyoming","Carbon",1427,5014,223,6664,-3587,"0%"
"Wyoming","Converse",861,5917,192,6970,-5056,"0%"
"Wyoming","Crook",378,3651,90,4119,-3273,"0%"
"Wyoming","Fremont",5519,12007,585,18111,-6488,"0%"
"Wyoming","Goshen",1203,4878,160,6241,-3675,"0%"
"Wyoming","Hot Springs",482,1999,96,2577,-1517,"0%"
"Wyoming","Johnson",897,3881,136,4914,-2984,"0%"
"Wyoming","Laramie",15217,27891,1874,44982,-12674,"0%"
"Wyoming","Lincoln",1509,8643,316,10468,-7134,"0%"
"Wyoming","Natrona",8530,25271,1401,35202,-16741,"0%"
"Wyoming","Niobrara",155,1118,35,1308,-963,"0%"
"Wyoming","Park",3410,12813,494,16717,-9403,"0%"
"Wyoming","Platte",890,3898,135,4923,-3008,"0%"
"Wyoming","Sheridan",4043,11843,542,16428,-7800,"0%"
"Wyoming","Sublette",882,3957,131,4970,-3075,"0%"
"Wyoming","Sweetwater",3823,12229,551,16603,-8406,"0%"
"Wyoming","Teton",9848,4341,488,14677,5507,"0%"
"Wyoming","Uinta",1591,7496,315,9402,-5905,"0%"
"Wyoming","Washakie",651,3245,116,4012,-2594,"0%"
"Wyoming","Weston",360,3107,75,3542,-2747,"0%"
