"st","name","dem","rep","other","totalvotes","remainingvote"
"Alaska","ED 1",1723,2322,206,4251,"44%"
"Alaska","ED 10",863,3835,188,4886,"53%"
"Alaska","ED 11",1289,3740,167,5196,"53%"
"Alaska","ED 12",482,1773,54,2309,"79%"
"Alaska","ED 13",752,2299,178,3229,"57%"
"Alaska","ED 14",882,2984,184,4050,"66%"
"Alaska","ED 15",879,1207,103,2189,"62%"
"Alaska","ED 16",1196,1721,140,3057,"64%"
"Alaska","ED 17",1192,1197,108,2497,"68%"
"Alaska","ED 18",1576,1293,97,2966,"65%"
"Alaska","ED 19",1332,1236,115,2683,"51%"
"Alaska","ED 2",782,1424,138,2344,"63%"
"Alaska","ED 20",1697,1242,111,3050,"63%"
"Alaska","ED 21",1565,1657,142,3364,"66%"
"Alaska","ED 22",1776,3079,146,5001,"48%"
"Alaska","ED 23",1661,2388,153,4202,"47%"
"Alaska","ED 24",1831,3454,157,5442,"49%"
"Alaska","ED 25",1812,2889,165,4866,"48%"
"Alaska","ED 26",1724,3301,163,5188,"49%"
"Alaska","ED 27",1807,2800,198,4805,"52%"
"Alaska","ED 28",2150,3306,154,5610,"57%"
"Alaska","ED 29",295,1511,59,1865,"83%"
"Alaska","ED 3",811,3664,222,4697,"46%"
"Alaska","ED 30",245,1334,58,1637,"84%"
"Alaska","ED 31",616,2123,117,2856,"76%"
"Alaska","ED 32",233,448,30,711,"92%"
"Alaska","ED 33",2828,1607,160,4595,"60%"
"Alaska","ED 34",2480,2668,212,5360,"51%"
"Alaska","ED 35",398,787,31,1216,"88%"
"Alaska","ED 36",1344,2731,188,4263,"55%"
"Alaska","ED 37",83,80,10,173,"97%"
"Alaska","ED 38",118,117,14,249,"96%"
"Alaska","ED 39",594,363,56,1013,"84%"
"Alaska","ED 4",2243,1718,173,4134,"62%"
"Alaska","ED 40",45,25,12,82,"98%"
"Alaska","ED 5",1645,2042,147,3834,"58%"
"Alaska","ED 6",942,2711,206,3859,"60%"
"Alaska","ED 7",950,4239,188,5377,"44%"
"Alaska","ED 8",512,2271,83,2866,"69%"
"Alaska","ED 9",405,1413,95,1913,"81%"
"Alabama","Autauga",7450,19764,425,27639,"0%"
"Alabama","Baldwin",24344,83055,1546,108945,"0%"
"Alabama","Barbour",4772,5605,80,10457,"0%"
"Alabama","Bibb",1982,7508,83,9573,"0%"
"Alabama","Blount",2627,24595,237,27459,"0%"
"Alabama","Bullock",3439,1143,21,4603,"0%"
"Alabama","Butler",3953,5448,65,9466,"0%"
"Alabama","Calhoun",15118,34964,661,50743,"0%"
"Alabama","Chambers",6356,8748,165,15269,"0%"
"Alabama","Cherokee",1619,10562,94,12275,"0%"
"Alabama","Chilton",3056,16052,152,19260,"2%"
"Alabama","Choctaw",3126,4294,41,7461,"0%"
"Alabama","Clarke",5730,7310,62,13102,"0%"
"Alabama","Clay",1262,5589,62,6913,"0%"
"Alabama","Cleburne",672,6472,66,7210,"0%"
"Alabama","Coffee",5050,16832,298,22180,"0%"
"Alabama","Colbert",7057,17311,300,24668,"0%"
"Alabama","Conecuh",2951,3435,33,6419,"0%"
"Alabama","Coosa",1794,3626,52,5472,"0%"
"Alabama","Covington",2717,14579,122,17418,"0%"
"Alabama","Crenshaw",1700,4864,53,6617,"0%"
"Alabama","Cullman",4454,36804,493,41751,"0%"
"Alabama","Dale",5154,14281,264,19699,"0%"
"Alabama","Dallas",12228,5523,110,17861,"6%"
"Alabama","DeKalb",4271,24744,307,29322,"0%"
"Alabama","Elmore",10304,30089,498,40891,"0%"
"Alabama","Escambia",4894,10844,123,15861,"0%"
"Alabama","Etowah",11487,35343,630,47460,"0%"
"Alabama","Fayette",1390,7295,71,8756,"0%"
"Alabama","Franklin",2085,10364,115,12564,"0%"
"Alabama","Geneva",1592,10844,102,12538,"0%"
"Alabama","Greene",4329,850,0,5179,"0%"
"Alabama","Hale",4687,3190,45,7922,"0%"
"Alabama","Henry",2589,6593,84,9266,"0%"
"Alabama","Houston",12738,32384,628,45750,"0%"
"Alabama","Jackson",3709,19644,249,23602,"0%"
"Alabama","Jefferson",180936,138443,5296,324675,"0%"
"Alabama","Lamar",978,6168,41,7187,"0%"
"Alabama","Lauderdale",11872,31578,699,44149,"0%"
"Alabama","Lawrence",3544,12266,147,15957,"0%"
"Alabama","Lee",27600,42019,1361,70980,"0%"
"Alabama","Limestone",13510,34337,907,48754,"1%"
"Alabama","Lowndes",4968,1835,27,6830,"0%"
"Alabama","Macon",7084,1539,74,8697,"0%"
"Alabama","Madison",86885,102395,4675,193955,"1%"
"Alabama","Marengo",5476,5337,69,10882,"0%"
"Alabama","Marion",1457,12190,139,13786,"0%"
"Alabama","Marshall",5880,33094,518,39492,"0%"
"Alabama","Mobile",78754,100605,2424,181783,"7%"
"Alabama","Monroe",4425,6129,66,10620,"0%"
"Alabama","Montgomery",64065,33122,1289,98476,"0%"
"Alabama","Morgan",13159,39504,819,53482,"1%"
"Alabama","Perry",3849,1336,30,5215,"0%"
"Alabama","Pickens",4017,5590,52,9659,"0%"
"Alabama","Pike",5613,8020,163,13796,"0%"
"Alabama","Randolph",2203,8548,73,10824,"0%"
"Alabama","Russell",11078,9796,234,21108,"0%"
"Alabama","Shelby",33036,79428,1975,114439,"0%"
"Alabama","St. Clair",7698,36119,529,44346,"0%"
"Alabama","Sumter",4639,1598,45,6282,"0%"
"Alabama","Talladega",13092,22210,289,35591,"0%"
"Alabama","Tallapoosa",5815,14905,168,20888,"0%"
"Alabama","Tuscaloosa",28560,47367,1149,77076,"17%"
"Alabama","Walker",4826,25947,333,31106,"1%"
"Alabama","Washington",2253,6554,54,8861,"0%"
"Alabama","Wilcox",4036,1826,22,5884,"1%"
"Alabama","Winston",974,10187,112,11273,"0%"
"Arkansas","Arkansas",1813,4301,170,6284,"6%"
"Arkansas","Ashley",2119,5540,252,7911,"0%"
"Arkansas","Baxter",4625,15810,533,20968,"5%"
"Arkansas","Benton",41894,76605,3667,122166,"0%"
"Arkansas","Boone",3061,13644,398,17103,"0%"
"Arkansas","Bradley",1208,2332,104,3644,"3%"
"Arkansas","Calhoun",467,1609,67,2143,"8%"
"Arkansas","Carroll",3941,7352,346,11639,"0%"
"Arkansas","Chicot",2252,1750,91,4093,"16%"
"Arkansas","Clark",5341,6432,462,12235,"0%"
"Arkansas","Clay",959,4084,135,5178,"3%"
"Arkansas","Cleburne",1962,10292,363,12617,"0%"
"Arkansas","Cleveland",649,2857,82,3588,"0%"
"Arkansas","Columbia",2781,5469,300,8550,"0%"
"Arkansas","Conway",2593,5672,376,8641,"0%"
"Arkansas","Craighead",11854,25482,1028,38364,"0%"
"Arkansas","Crawford",4936,18566,523,24025,"4%"
"Arkansas","Crittenden",8325,7244,517,16086,"14%"
"Arkansas","Cross",1759,4928,224,6911,"3%"
"Arkansas","Dallas",963,1573,113,2649,"23%"
"Arkansas","Desha",2016,1920,227,4163,"16%"
"Arkansas","Drew",2408,4338,133,6879,"0%"
"Arkansas","Faulkner",18267,34338,1659,54264,"0%"
"Arkansas","Franklin",1298,5664,151,7113,"0%"
"Arkansas","Fulton",1031,3944,123,5098,"0%"
"Arkansas","Garland",14043,29065,1085,44193,"3%"
"Arkansas","Grant",1268,6791,138,8197,"0%"
"Arkansas","Greene",3045,12651,370,16066,"2%"
"Arkansas","Hempstead",3294,8067,474,11835,"0%"
"Arkansas","Hot Spring",3053,9178,272,12503,"7%"
"Arkansas","Howard",1333,3358,127,4818,"0%"
"Arkansas","Independence",2798,11232,456,14486,"0%"
"Arkansas","Izard",1019,4615,158,5792,"0%"
"Arkansas","Jackson",1360,3583,133,5076,"0%"
"Arkansas","Jefferson",14882,9500,648,25030,"18%"
"Arkansas","Johnson",2262,6867,273,9402,"0%"
"Arkansas","Lafayette",820,1730,83,2633,"20%"
"Arkansas","Lawrence",1080,4569,208,5857,"0%"
"Arkansas","Lee",1423,1286,139,2848,"26%"
"Arkansas","Lincoln",1031,2725,114,3870,"0%"
"Arkansas","Little River",1226,3714,238,5178,"0%"
"Arkansas","Logan",1544,6438,240,8222,"0%"
"Arkansas","Lonoke",6684,22884,1092,30660,"0%"
"Arkansas","Madison",1555,5630,130,7315,"0%"
"Arkansas","Marion",1526,5767,188,7481,"0%"
"Arkansas","Miller",4235,11907,364,16506,"8%"
"Arkansas","Mississippi",4542,7262,483,12287,"11%"
"Arkansas","Monroe",1146,1545,124,2815,"22%"
"Arkansas","Montgomery",722,3021,96,3839,"0%"
"Arkansas","Nevada",1076,2133,149,3358,"0%"
"Arkansas","Newton",709,3192,97,3998,"0%"
"Arkansas","Ouachita",3395,5253,345,8993,"22%"
"Arkansas","Perry",1005,3466,136,4607,"0%"
"Arkansas","Phillips",3561,2393,201,6155,"0%"
"Arkansas","Pike",643,3514,83,4240,"0%"
"Arkansas","Poinsett",1388,5852,178,7418,"7%"
"Arkansas","Polk",1242,7018,208,8468,"0%"
"Arkansas","Pope",5747,18041,579,24367,"4%"
"Arkansas","Prairie",646,2764,55,3465,"2%"
"Arkansas","Pulaski",98855,62389,4224,165468,"8%"
"Arkansas","Randolph",1203,5327,239,6769,"0%"
"Arkansas","Saint Francis",3571,3221,262,7054,"25%"
"Arkansas","Saline",16042,39519,1342,56903,"0%"
"Arkansas","Scott",364,1790,65,2219,"41%"
"Arkansas","Searcy",587,3365,66,4018,"0%"
"Arkansas","Sebastian",14371,31024,1443,46838,"6%"
"Arkansas","Sevier",1116,3884,202,5202,"0%"
"Arkansas","Sharp",1392,5923,229,7544,"0%"
"Arkansas","Stone",1173,4605,141,5919,"0%"
"Arkansas","Union",5559,10446,543,16548,"7%"
"Arkansas","Van Buren",1566,5962,176,7704,"0%"
"Arkansas","Washington",43327,47229,2911,93467,"0%"
"Arkansas","White",5909,24057,723,30689,"2%"
"Arkansas","Woodruff",849,1543,77,2469,"11%"
"Arkansas","Yell",1275,5205,231,6711,"0%"
"Arizona","Apache",15784,7111,258,23153,"0%"
"Arizona","Cochise",21238,29908,1063,52209,"0%"
"Arizona","Coconino",40862,23644,1279,65785,"12%"
"Arizona","Gila",8398,16753,348,25499,"2%"
"Arizona","Graham",4034,10747,245,15026,"14%"
"Arizona","Greenlee",1182,2433,77,3692,"8%"
"Arizona","La Paz",2050,4542,85,6677,"11%"
"Arizona","Maricopa",912585,838071,24409,1775065,"14%"
"Arizona","Mohave",23993,74553,1333,99879,"4%"
"Arizona","Navajo",22541,26024,782,49347,"7%"
"Arizona","Pima",291697,193543,8169,493409,"3%"
"Arizona","Pinal",62672,84729,2393,149794,"18%"
"Arizona","Santa Cruz",12321,5589,227,18137,"9%"
"Arizona","Yavapai",48488,88037,2218,138743,"0%"
"Arizona","Yuma",28297,32614,920,61831,"13%"
"California","Alameda",300278,59832,7299,367409,"51%"
"California","Alpine",473,238,25,736,"0%"
"California","Amador",8011,13427,629,22067,"0%"
"California","Butte",44455,41182,2204,87841,"19%"
"California","Calaveras",8804,13275,427,22506,"15%"
"California","Colusa",2178,2895,97,5170,"0%"
"California","Contra Costa",265942,86253,6037,358232,"33%"
"California","Del Norte",4324,5647,278,10249,"6%"
"California","El Dorado",42694,43630,1778,88102,"17%"
"California","Fresno",147683,123941,4963,276587,"14%"
"California","Glenn",3315,6139,185,9639,"11%"
"California","Humboldt",28123,12208,1305,41636,"39%"
"California","Imperial",25109,10300,675,36084,"34%"
"California","Inyo",3443,2776,135,6354,"31%"
"California","Kern",69278,71254,2954,143486,"48%"
"California","Kings",15075,19830,789,35694,"8%"
"California","Lake",6874,3955,209,11038,"60%"
"California","Lassen",2319,6182,116,8617,"29%"
"California","Los Angeles",2486527,933314,76040,3495881,"11%"
"California","Madera",17879,21834,783,40496,"18%"
"California","Marin",84014,14486,1460,99960,"37%"
"California","Mariposa",4056,5921,238,10215,"0%"
"California","Mendocino",18303,6312,556,25171,"41%"
"California","Merced",33993,25355,1275,60623,"25%"
"California","Modoc",1063,2675,67,3805,"16%"
"California","Mono",3884,2433,194,6511,"0%"
"California","Monterey",84211,30854,2264,117329,"23%"
"California","Napa",32228,11368,787,44383,"37%"
"California","Nevada",17861,11697,530,30088,"52%"
"California","Orange",722307,596907,24979,1344193,"2%"
"California","Placer",81572,74784,2951,159307,"24%"
"California","Plumas",4465,6247,238,10950,"4%"
"California","Riverside",237831,187724,6858,432413,"50%"
"California","Sacramento",219638,112260,6739,338637,"0%"
"California","San Benito",14153,8155,447,22755,"9%"
"California","San Bernardino",302270,226891,10412,539573,"28%"
"California","San Diego",763255,447345,24264,1234864,"17%"
"California","San Francisco",325099,46296,7117,378512,"18%"
"California","San Joaquin",86114,53611,2558,142283,"44%"
"California","San Luis Obispo",69339,44380,2350,116069,"0%"
"California","San Mateo",202821,48331,4022,255174,"29%"
"California","Santa Barbara",103902,47471,3457,154830,"23%"
"California","Santa Clara",418893,127303,9650,555846,"31%"
"California","Santa Cruz",109745,25485,3408,138638,"6%"
"California","Shasta",24891,45912,1383,72186,"21%"
"California","Sierra",730,1138,58,1926,"8%"
"California","Siskiyou",9272,12825,534,22631,"3%"
"California","Solano",112664,57674,3740,174078,"8%"
"California","Sonoma",153342,40478,3783,197603,"25%"
"California","Stanislaus",72651,62194,3310,138155,"30%"
"California","Sutter",12325,14359,516,27200,"29%"
"California","Tehama",6543,11777,368,18688,"31%"
"California","Trinity",2383,2513,199,5095,"21%"
"California","Tulare",46559,53034,2003,101596,"21%"
"California","Tuolumne",11808,17302,710,29820,"0%"
"California","Ventura",216447,135555,6811,358813,"11%"
"California","Yolo",40635,13381,1091,55107,"41%"
"California","Yuba",7800,10574,446,18820,"28%"
"Colorado","Adams",132951,94874,6774,234599,"0%"
"Colorado","Alamosa",3624,3676,219,7519,"8%"
"Colorado","Arapahoe",211498,126124,9118,346740,"3%"
"Colorado","Archuleta",3693,5126,211,9030,"0%"
"Colorado","Baca",313,1840,40,2193,"0%"
"Colorado","Bent",723,1468,38,2229,"0%"
"Colorado","Boulder",141146,34479,3621,179246,"19%"
"Colorado","Broomfield",28871,16188,1238,46297,"0%"
"Colorado","Chaffee",7112,6180,328,13620,"0%"
"Colorado","Cheyenne",127,966,12,1105,"9%"
"Colorado","Clear Creek",3495,2618,177,6290,"8%"
"Colorado","Conejos",1936,2269,86,4291,"0%"
"Colorado","Costilla",1279,713,39,2031,"7%"
"Colorado","Crowley",427,1262,41,1730,"0%"
"Colorado","Custer",1104,2433,49,3586,"1%"
"Colorado","Delta",5862,13013,397,19272,"3%"
"Colorado","Denver",270034,55014,6281,331329,"15%"
"Colorado","Dolores",332,1080,19,1431,"0%"
"Colorado","Douglas",103550,119993,5547,229090,"0%"
"Colorado","Eagle",18095,9685,647,28427,"0%"
"Colorado","El Paso",153836,191810,12802,358448,"3%"
"Colorado","Elbert",4395,13722,437,18554,"2%"
"Colorado","Fremont",7170,17231,657,25058,"3%"
"Colorado","Garfield",15070,14404,800,30274,"3%"
"Colorado","Gilpin",2199,1815,129,4143,"0%"
"Colorado","Grand",4579,4759,268,9606,"5%"
"Colorado","Gunnison",6976,3599,312,10887,"2%"
"Colorado","Hinsdale",255,353,24,632,"4%"
"Colorado","Huerfano",2071,2193,125,4389,"0%"
"Colorado","Jackson",173,680,20,873,"0%"
"Colorado","Jefferson",217891,148043,10496,376430,"0%"
"Colorado","Kiowa",98,795,9,902,"4%"
"Colorado","Kit Carson",644,3084,64,3792,"7%"
"Colorado","La Plata",20363,14146,868,35377,"0%"
"Colorado","Lake",2287,1492,159,3938,"2%"
"Colorado","Larimer",125765,91197,6691,223653,"2%"
"Colorado","Las Animas",3465,4255,177,7897,"2%"
"Colorado","Lincoln",467,2118,45,2630,"2%"
"Colorado","Logan",2201,7987,223,10411,"9%"
"Colorado","Mesa",30106,53344,1918,85368,"7%"
"Colorado","Mineral",317,425,12,754,"0%"
"Colorado","Moffat",1186,5627,151,6964,"3%"
"Colorado","Montezuma",5802,9267,352,15421,"0%"
"Colorado","Montrose",7648,16658,458,24764,"1%"
"Colorado","Morgan",3741,9407,267,13415,"5%"
"Colorado","Otero",3552,5696,211,9459,"5%"
"Colorado","Ouray",2341,1547,72,3960,"0%"
"Colorado","Park",4786,6864,382,12032,"2%"
"Colorado","Phillips",477,1945,39,2461,"4%"
"Colorado","Pitkin",8906,2739,184,11829,"5%"
"Colorado","Prowers",1438,3977,92,5507,"7%"
"Colorado","Pueblo",43070,41502,2189,86761,"7%"
"Colorado","Rio Blanco",557,3047,68,3672,"3%"
"Colorado","Rio Grande",2488,3645,147,6280,"0%"
"Colorado","Routt",10523,5883,361,16767,"0%"
"Colorado","Saguache",1857,1389,91,3337,"0%"
"Colorado","San Juan",342,202,19,563,"0%"
"Colorado","San Miguel",3890,1081,86,5057,"1%"
"Colorado","Sedgwick",297,1120,24,1441,"4%"
"Colorado","Summit",12535,5275,520,18330,"4%"
"Colorado","Teller",5224,11158,411,16793,"1%"
"Colorado","Washington",363,2537,43,2943,"2%"
"Colorado","Weld",65169,94965,4657,164791,"0%"
"Colorado","Yuma",763,4037,85,4885,"7%"
"Connecticut","Fairfield",267555,160621,5802,433978,"NA%"
"Connecticut","Hartford",271940,156855,6851,435646,"NA%"
"Connecticut","Litchfield",50068,55600,1778,107446,"NA%"
"Connecticut","Middlesex",56404,40472,1672,98548,"NA%"
"Connecticut","New Haven",216290,151053,4988,372331,"NA%"
"Connecticut","New London",79395,57071,3027,139493,"NA%"
"Connecticut","Tolland",44002,34819,1717,80538,"NA%"
"Connecticut","Windham",26576,29137,1239,56952,"NA%"
"District of Columbia","Ward 1",29509,1149,602,31260,"31%"
"District of Columbia","Ward 2",24247,2365,647,27259,"27%"
"District of Columbia","Ward 3",33584,2972,821,37377,"22%"
"District of Columbia","Ward 4",35117,1467,639,37223,"19%"
"District of Columbia","Ward 5",36585,1416,777,38778,"13%"
"District of Columbia","Ward 6",44699,3360,1335,49394,"15%"
"District of Columbia","Ward 7",30253,885,685,31823,"15%"
"District of Columbia","Ward 8",24567,835,636,26038,"20%"
"Delaware","Kent",44517,40976,1464,86957,"1%"
"Delaware","New Castle",194238,87685,4210,286133,"3%"
"Delaware","Sussex",56657,71196,1440,129293,"0%"
"Florida","Alachua",89527,50891,2366,142784,"0%"
"Florida","Baker",2037,11911,134,14082,"0%"
"Florida","Bay",25538,65993,1494,93025,"12%"
"Florida","Bradford",3160,10334,156,13650,"0%"
"Florida","Brevard",148403,207700,5203,361306,"0%"
"Florida","Broward",617689,332960,5427,956076,"1%"
"Florida","Calhoun",1206,5269,54,6529,"0%"
"Florida","Charlotte",42240,73202,1039,116481,"0%"
"Florida","Citrus",27049,65230,944,93223,"4%"
"Florida","Clay",38161,84326,1844,124331,"4%"
"Florida","Collier",77529,128820,1705,208054,"1%"
"Florida","Columbia",8900,23819,292,33011,"3%"
"Florida","DeSoto",4249,8292,104,12645,"0%"
"Florida","Dixie",1364,6757,49,8170,"0%"
"Florida","Duval",251952,233316,7850,493118,"0%"
"Florida","Escambia",70824,96573,2726,170123,"8%"
"Florida","Flagler",28124,42991,658,71773,"0%"
"Florida","Franklin",2115,4672,64,6851,"0%"
"Florida","Gadsden",16139,7461,183,23783,"0%"
"Florida","Gilchrist",1700,7893,87,9680,"0%"
"Florida","Glades",1384,3781,36,5201,"0%"
"Florida","Gulf",1985,6111,74,8170,"0%"
"Florida","Hamilton",1959,3811,62,5832,"0%"
"Florida","Hardee",2291,6120,73,8484,"0%"
"Florida","Hendry",4925,7898,121,12944,"0%"
"Florida","Hernando",37446,70321,1409,109176,"0%"
"Florida","Highlands",16861,34787,428,52076,"2%"
"Florida","Hillsborough",374714,326158,10231,711103,"0%"
"Florida","Holmes",924,8074,74,9072,"0%"
"Florida","Indian River",37801,58797,1021,97619,"0%"
"Florida","Jackson",6749,15466,200,22415,"0%"
"Florida","Jefferson",3893,4474,92,8459,"0%"
"Florida","Lafayette",507,3126,24,3657,"0%"
"Florida","Lake",83273,125687,2354,211314,"0%"
"Florida","Lee",156957,232075,3735,392767,"0%"
"Florida","Leon",103364,57384,1902,162650,"13%"
"Florida","Levy",6188,16721,230,23139,"2%"
"Florida","Liberty",693,2846,23,3562,"0%"
"Florida","Madison",3747,5576,57,9380,"0%"
"Florida","Manatee",90007,124827,2291,217125,"0%"
"Florida","Marion",74802,127744,2031,204577,"0%"
"Florida","Martin",36873,61133,881,98887,"0%"
"Florida","Miami-Dade",617289,532460,8181,1157930,"4%"
"Florida","Monroe",21848,25668,558,48074,"7%"
"Florida","Nassau",15542,42502,784,58828,"0%"
"Florida","Okaloosa",34165,79633,2687,116485,"5%"
"Florida","Okeechobee",4380,11460,124,15964,"0%"
"Florida","Orange",394602,245162,8641,648405,"4%"
"Florida","Osceola",97157,73373,2251,172781,"0%"
"Florida","Palm Beach",432117,333927,6192,772236,"5%"
"Florida","Pasco",118767,179343,3228,301338,"0%"
"Florida","Pinellas",277191,275949,7528,560668,"7%"
"Florida","Polk",144775,194271,4377,343423,"0%"
"Florida","Putnam",10512,25496,376,36384,"0%"
"Florida","Santa Rosa",27560,77306,1916,106782,"0%"
"Florida","Sarasota",119892,148065,2699,270656,"4%"
"Florida","Seminole",132213,125035,3748,260996,"6%"
"Florida","St. Johns",63808,110886,2248,176942,"1%"
"Florida","St. Lucie",84005,86748,1378,172131,"0%"
"Florida","Sumter",29326,62753,521,92600,"2%"
"Florida","Suwannee",4480,16387,187,21054,"0%"
"Florida","Taylor",2288,7725,88,10101,"0%"
"Florida","Union",1052,5130,65,6247,"0%"
"Florida","Volusia",130395,173544,3639,307578,"3%"
"Florida","Wakulla",5346,12868,221,18435,"1%"
"Florida","Walton",10333,32924,422,43679,"0%"
"Florida","Washington",2344,9869,112,12325,"0%"
"Georgia","Appling",1779,6526,36,8341,"0%"
"Georgia","Atkinson",825,2300,30,3155,"0%"
"Georgia","Bacon",625,4018,25,4668,"0%"
"Georgia","Baker",652,894,6,1552,"0%"
"Georgia","Baldwin",9106,8893,206,18205,"0%"
"Georgia","Banks",926,7774,86,8786,"0%"
"Georgia","Barrow",10448,26794,758,38000,"0%"
"Georgia","Bartow",12053,37623,700,50376,"0%"
"Georgia","Ben Hill",2392,4109,58,6559,"0%"
"Georgia","Berrien",1268,6409,54,7731,"0%"
"Georgia","Bibb",43234,26506,883,70623,"0%"
"Georgia","Bleckley",1311,4326,67,5704,"0%"
"Georgia","Brantley",697,6980,54,7731,"0%"
"Georgia","Brooks",2780,4248,49,7077,"0%"
"Georgia","Bryan",6739,14242,357,21338,"0%"
"Georgia","Bulloch",11198,18358,454,30010,"0%"
"Georgia","Burke",5206,5399,75,10680,"0%"
"Georgia","Butts",3271,8403,112,11786,"0%"
"Georgia","Calhoun",1259,923,11,2193,"0%"
"Georgia","Camden",7963,15242,466,23671,"0%"
"Georgia","Candler",1257,3129,33,4419,"0%"
"Georgia","Carroll",16212,37444,760,54416,"0%"
"Georgia","Catoosa",6927,25142,590,32659,"0%"
"Georgia","Charlton",1100,3419,44,4563,"0%"
"Georgia","Chatham",78128,53173,1914,133215,"0%"
"Georgia","Chattahoochee",667,879,43,1589,"0%"
"Georgia","Chattooga",1852,8058,131,10041,"0%"
"Georgia","Cherokee",42683,99474,2441,144598,"0%"
"Georgia","Clarke",35882,14385,831,51098,"0%"
"Georgia","Clay",788,637,7,1432,"0%"
"Georgia","Clayton",89287,14986,962,105235,"5%"
"Georgia","Clinch",744,2104,12,2860,"0%"
"Georgia","Cobb",221234,164965,6415,392614,"0%"
"Georgia","Coffee",4463,10532,147,15142,"0%"
"Georgia","Colquitt",4182,11766,119,16067,"0%"
"Georgia","Columbia",29175,49952,1327,80454,"0%"
"Georgia","Cook",2058,4900,76,7034,"0%"
"Georgia","Coweta",24072,51405,1080,76557,"0%"
"Georgia","Crawford",1609,4421,59,6089,"0%"
"Georgia","Crisp",2980,4982,79,8041,"0%"
"Georgia","Dade",1258,6058,107,7423,"0%"
"Georgia","Dawson",2486,13393,196,16075,"0%"
"Georgia","DeKalb",305197,57993,4169,367359,"1%"
"Georgia","Decatur",4772,6752,89,11613,"0%"
"Georgia","Dodge",2170,5839,55,8064,"0%"
"Georgia","Dooly",1908,2155,35,4098,"0%"
"Georgia","Dougherty",24407,10419,277,35103,"0%"
"Georgia","Douglas",42587,25301,827,68715,"0%"
"Georgia","Early",2437,2719,28,5184,"0%"
"Georgia","Echols",167,1256,18,1441,"0%"
"Georgia","Effingham",7706,23340,546,31592,"0%"
"Georgia","Elbert",2858,6212,65,9135,"0%"
"Georgia","Emanuel",2884,6551,66,9501,"0%"
"Georgia","Evans",1323,2888,35,4246,"0%"
"Georgia","Fannin",2571,12144,110,14825,"0%"
"Georgia","Fayette",31854,36312,930,69096,"0%"
"Georgia","Floyd",10818,26843,494,38155,"1%"
"Georgia","Forsyth",41315,84294,1916,127525,"1%"
"Georgia","Franklin",1593,9066,124,10783,"0%"
"Georgia","Fulton",373569,135043,6082,514694,"0%"
"Georgia","Gilmer",2905,13382,163,16450,"0%"
"Georgia","Glascock",155,1403,8,1566,"0%"
"Georgia","Glynn",15857,25581,488,41926,"0%"
"Georgia","Gordon",4382,19385,244,24011,"0%"
"Georgia","Grady",3608,7027,54,10689,"0%"
"Georgia","Greene",4083,7068,94,11245,"0%"
"Georgia","Gwinnett",236336,163937,5408,405681,"1%"
"Georgia","Habersham",3559,16616,232,20407,"0%"
"Georgia","Hall",25002,64105,1317,90424,"0%"
"Georgia","Hancock",2982,1159,21,4162,"0%"
"Georgia","Haralson",1792,12326,148,14266,"0%"
"Georgia","Harris",5450,14305,263,20018,"0%"
"Georgia","Hart",3155,9460,106,12721,"0%"
"Georgia","Heard",823,4515,56,5394,"0%"
"Georgia","Henry",73118,48136,1275,122529,"0%"
"Georgia","Houston",32149,41468,1177,74794,"0%"
"Georgia","Irwin",1007,3128,29,4164,"0%"
"Georgia","Jackson",7641,29491,531,37663,"0%"
"Georgia","Jasper",1759,5809,61,7629,"0%"
"Georgia","Jeff Davis",1028,4695,51,5774,"0%"
"Georgia","Jefferson",4053,3534,54,7641,"0%"
"Georgia","Jenkins",1265,2158,28,3451,"0%"
"Georgia","Johnson",1222,2850,28,4100,"0%"
"Georgia","Jones",4884,9960,112,14956,"0%"
"Georgia","Lamar",2612,6322,111,9045,"0%"
"Georgia","Lanier",1019,2509,48,3576,"0%"
"Georgia","Laurens",7875,14351,162,22388,"7%"
"Georgia","Lee",4556,11998,148,16702,"0%"
"Georgia","Liberty",13051,7944,331,21326,"0%"
"Georgia","Lincoln",1432,3175,36,4643,"0%"
"Georgia","Long",2015,3508,94,5617,"0%"
"Georgia","Lowndes",19832,25520,538,45890,"0%"
"Georgia","Lumpkin",3122,12160,242,15524,"0%"
"Georgia","Macon",2857,1783,22,4662,"0%"
"Georgia","Madison",3364,11146,196,14706,"0%"
"Georgia","Marion",1311,2275,38,3624,"0%"
"Georgia","McDuffie",4168,6165,118,10451,"0%"
"Georgia","McIntosh",2611,4016,72,6699,"0%"
"Georgia","Meriwether",4281,6522,66,10869,"0%"
"Georgia","Miller",747,2063,20,2830,"0%"
"Georgia","Mitchell",3990,4933,33,8956,"0%"
"Georgia","Monroe",4382,11053,148,15583,"0%"
"Georgia","Montgomery",976,2959,27,3962,"0%"
"Georgia","Morgan",3349,8218,122,11689,"0%"
"Georgia","Murray",2300,12938,144,15382,"0%"
"Georgia","Muscogee",49201,29949,1066,80216,"0%"
"Georgia","Newton",29754,23847,576,54177,"0%"
"Georgia","Oconee",8156,16590,411,25157,"0%"
"Georgia","Oglethorpe",2435,5591,100,8126,"0%"
"Georgia","Paulding",29658,54460,1155,85273,"0%"
"Georgia","Peach",5910,6491,123,12524,"0%"
"Georgia","Pickens",2806,14074,233,17113,"0%"
"Georgia","Pierce",1099,7899,49,9047,"0%"
"Georgia","Pike",1503,9124,88,10715,"0%"
"Georgia","Polk",3650,13576,149,17375,"0%"
"Georgia","Pulaski",1217,2805,37,4059,"0%"
"Georgia","Putnam",3340,8207,109,11656,"0%"
"Georgia","Quitman",497,604,5,1106,"0%"
"Georgia","Rabun",1984,7472,129,9585,"0%"
"Georgia","Randolph",1671,1391,12,3074,"0%"
"Georgia","Richmond",58776,26707,1101,86584,"0%"
"Georgia","Rockdale",30396,12782,408,43586,"0%"
"Georgia","Schley",462,1799,13,2274,"0%"
"Georgia","Screven",2661,3915,65,6641,"0%"
"Georgia","Seminole",1251,2607,19,3877,"0%"
"Georgia","Spalding",11356,17337,303,28996,"0%"
"Georgia","Stephens",2385,9359,131,11875,"0%"
"Georgia","Stewart",1175,796,7,1978,"0%"
"Georgia","Sumter",6318,5732,100,12150,"0%"
"Georgia","Talbot",2113,1390,16,3519,"0%"
"Georgia","Taliaferro",560,360,7,927,"0%"
"Georgia","Tattnall",2059,6048,68,8175,"0%"
"Georgia","Taylor",1382,2405,34,3821,"4%"
"Georgia","Telfair",1480,2822,21,4323,"0%"
"Georgia","Terrell",2375,2003,37,4415,"0%"
"Georgia","Thomas",8690,12950,191,21831,"0%"
"Georgia","Tift",5306,10775,176,16257,"0%"
"Georgia","Toombs",2935,7865,103,10903,"0%"
"Georgia","Towns",1549,6374,45,7968,"0%"
"Georgia","Treutlen",952,2101,24,3077,"0%"
"Georgia","Troup",11542,18097,328,29967,"0%"
"Georgia","Turner",1410,2349,33,3792,"0%"
"Georgia","Twiggs",2040,2368,30,4438,"0%"
"Georgia","Union",2801,12638,140,15579,"0%"
"Georgia","Upson",4201,8602,96,12899,"0%"
"Georgia","Walker",5764,23166,493,29423,"0%"
"Georgia","Walton",12609,37590,560,50759,"0%"
"Georgia","Ware",4223,9909,116,14248,"0%"
"Georgia","Warren",1488,1177,16,2681,"0%"
"Georgia","Washington",4721,4658,69,9448,"0%"
"Georgia","Wayne",2678,9964,116,12758,"0%"
"Georgia","Webster",639,748,3,1390,"0%"
"Georgia","Wheeler",686,1582,15,2283,"0%"
"Georgia","White",2387,12137,181,14705,"0%"
"Georgia","Whitfield",10649,25591,440,36680,"0%"
"Georgia","Wilcox",862,2403,16,3281,"0%"
"Georgia","Wilkes",2155,2820,47,5022,"0%"
"Georgia","Wilkinson",2075,2664,31,4770,"0%"
"Georgia","Worth",2395,6826,60,9281,"0%"
"Hawaii","Hawaii",58683,26851,2182,87716,"0%"
"Hawaii","Honolulu",238601,136061,6965,381627,"0%"
"Hawaii","Kauai",21217,11579,690,33486,"0%"
"Hawaii","Maui",47301,22111,1613,71025,"0%"
"Iowa","Adair",1197,2917,69,4183,"0%"
"Iowa","Adams",590,1528,40,2158,"0%"
"Iowa","Allamakee",2575,4733,151,7459,"0%"
"Iowa","Appanoose",1889,4508,103,6500,"0%"
"Iowa","Audubon",1071,2292,50,3413,"4%"
"Iowa","Benton",5156,9179,292,14627,"1%"
"Iowa","Black Hawk",35621,29623,1305,66549,"14%"
"Iowa","Boone",6293,8676,308,15277,"0%"
"Iowa","Bremer",5954,8287,293,14534,"7%"
"Iowa","Buchanan",4167,6418,174,10759,"3%"
"Iowa","Buena Vista",2919,5004,149,8072,"8%"
"Iowa","Butler",2423,5540,118,8081,"0%"
"Iowa","Calhoun",1469,3687,90,5246,"4%"
"Iowa","Carroll",3444,7720,113,11277,"0%"
"Iowa","Cass",2201,4968,96,7265,"0%"
"Iowa","Cedar",4336,6161,205,10702,"0%"
"Iowa","Cerro Gordo",10941,12435,418,23794,"5%"
"Iowa","Cherokee",1934,4489,72,6495,"3%"
"Iowa","Chickasaw",2230,4299,76,6605,"0%"
"Iowa","Clarke",1466,3140,60,4666,"0%"
"Iowa","Clay",2653,6126,149,8928,"2%"
"Iowa","Clayton",3339,6105,145,9589,"0%"
"Iowa","Clinton",10806,13349,465,24620,"6%"
"Iowa","Crawford",2211,4842,72,7125,"1%"
"Iowa","Dallas",26771,27882,1150,55803,"0%"
"Iowa","Davis",1013,3030,54,4097,"0%"
"Iowa","Decatur",1117,2613,68,3798,"0%"
"Iowa","Delaware",3152,6653,158,9963,"0%"
"Iowa","Des Moines",8887,10589,421,19897,"7%"
"Iowa","Dickinson",3660,7432,131,11223,"7%"
"Iowa","Dubuque",25601,27153,1045,53799,"9%"
"Iowa","Emmet",1515,3254,65,4834,"3%"
"Iowa","Fayette",3833,6139,204,10176,"0%"
"Iowa","Floyd",3168,4730,128,8026,"7%"
"Iowa","Franklin",1614,3408,71,5093,"4%"
"Iowa","Fremont",1078,2711,66,3855,"0%"
"Iowa","Greene",1768,3221,65,5054,"0%"
"Iowa","Grundy",2194,4911,140,7245,"0%"
"Iowa","Guthrie",1985,4272,112,6369,"0%"
"Iowa","Hamilton",2842,4956,718,8516,"0%"
"Iowa","Hancock",1682,4386,96,6164,"1%"
"Iowa","Hardin",2971,5842,149,8962,"4%"
"Iowa","Harrison",2439,5563,135,8137,"0%"
"Iowa","Henry",3264,6483,182,9929,"2%"
"Iowa","Howard",1772,3126,53,4951,"0%"
"Iowa","Humboldt",1439,3812,60,5311,"2%"
"Iowa","Ida",917,2876,52,3845,"0%"
"Iowa","Iowa",3532,5984,186,9702,"0%"
"Iowa","Jackson",4024,6937,149,11110,"0%"
"Iowa","Jasper",7813,12480,360,20653,"0%"
"Iowa","Jefferson",4314,4442,196,8952,"9%"
"Iowa","Johnson",59147,22918,1468,83533,"6%"
"Iowa","Jones",4211,6569,179,10959,"0%"
"Iowa","Keokuk",1409,3785,79,5273,"0%"
"Iowa","Kossuth",2681,6244,105,9030,"2%"
"Iowa","Lee",6539,9763,419,16721,"14%"
"Iowa","Linn",70451,53098,3167,126716,"7%"
"Iowa","Louisa",1726,3498,99,5323,"0%"
"Iowa","Lucas",1220,2981,98,4299,"0%"
"Iowa","Lyon",1065,5703,78,6846,"0%"
"Iowa","Madison",3126,6486,183,9795,"0%"
"Iowa","Mahaska",2879,8256,211,11346,"0%"
"Iowa","Marion",6170,12657,390,19217,"0%"
"Iowa","Marshall",8171,9564,387,18122,"9%"
"Iowa","Mills",2500,5572,175,8247,"0%"
"Iowa","Mitchell",2048,3665,84,5797,"0%"
"Iowa","Monona",1404,3241,59,4704,"3%"
"Iowa","Monroe",1078,2974,32,4084,"0%"
"Iowa","Montgomery",1583,3653,77,5313,"0%"
"Iowa","Muscatine",9372,10823,476,20671,"1%"
"Iowa","O'Brien",1567,5857,111,7535,"3%"
"Iowa","Osceola",600,2688,37,3325,"0%"
"Iowa","Page",2081,5314,114,7509,"0%"
"Iowa","Palo Alto",1517,3366,61,4944,"3%"
"Iowa","Plymouth",3483,10472,202,14157,"0%"
"Iowa","Pocahontas",932,2825,64,3821,"8%"
"Iowa","Polk",146173,106752,5688,258613,"4%"
"Iowa","Pottawattamie",18570,26241,922,45733,"0%"
"Iowa","Poweshiek",4301,5645,174,10120,"3%"
"Iowa","Ringgold",708,1964,37,2709,"5%"
"Iowa","Sac",1383,4052,77,5512,"1%"
"Iowa","Scott",46890,43661,2088,92639,"11%"
"Iowa","Shelby",1959,4697,125,6781,"0%"
"Iowa","Sioux",3017,15669,257,18943,"0%"
"Iowa","Story",28975,20200,1493,50668,"0%"
"Iowa","Tama",3573,5299,145,9017,"0%"
"Iowa","Taylor",745,2459,33,3237,"0%"
"Iowa","Union",2049,4000,114,6163,"0%"
"Iowa","Van Buren",874,2867,54,3795,"0%"
"Iowa","Wapello",5818,9504,285,15607,"4%"
"Iowa","Warren",12537,17738,680,30955,"2%"
"Iowa","Washington",4558,6966,233,11757,"0%"
"Iowa","Wayne",727,2338,38,3103,"0%"
"Iowa","Webster",6604,10927,271,17802,"7%"
"Iowa","Winnebago",2123,3692,116,5931,"0%"
"Iowa","Winneshiek",5616,6234,184,12034,"9%"
"Iowa","Woodbury",18683,25700,731,45114,"4%"
"Iowa","Worth",1593,2732,80,4405,"0%"
"Iowa","Wright",1995,4135,110,6240,"3%"
"Idaho","Ada",120539,130699,8151,259389,"0%"
"Idaho","Adams",591,1941,54,2586,"2%"
"Idaho","Bannock",14682,23331,1758,39771,"0%"
"Idaho","Bear Lake",350,2814,51,3215,"2%"
"Idaho","Benewah",977,3878,117,4972,"2%"
"Idaho","Bingham",4124,15295,675,20094,"0%"
"Idaho","Blaine",8919,4031,393,13343,"0%"
"Idaho","Boise",1214,3495,131,4840,"0%"
"Idaho","Bonner",8310,18369,673,27352,"0%"
"Idaho","Bonneville",14254,37805,1936,53995,"0%"
"Idaho","Boundary",1220,4937,156,6313,"0%"
"Idaho","Butte",188,1202,25,1415,"7%"
"Idaho","Camas",0,0,0,0,"100%"
"Idaho","Canyon",25881,61759,2798,90438,"0%"
"Idaho","Caribou",431,2906,79,3416,"0%"
"Idaho","Cassia",1464,7907,272,9643,"5%"
"Idaho","Clark",41,264,6,311,"8%"
"Idaho","Clearwater",877,3453,89,4419,"4%"
"Idaho","Custer",603,2089,45,2737,"7%"
"Idaho","Elmore",2601,7246,358,10205,"3%"
"Idaho","Franklin",170,1459,50,1679,"73%"
"Idaho","Fremont",998,5548,173,6719,"0%"
"Idaho","Gem",1803,7951,204,9958,"0%"
"Idaho","Gooding",1256,4659,135,6050,"6%"
"Idaho","Idaho County",1561,7826,215,9602,"4%"
"Idaho","Jefferson",1658,12099,414,14171,"0%"
"Idaho","Jerome",1893,5734,185,7812,"6%"
"Idaho","Kootenai",24312,62837,2729,89878,"0%"
"Idaho","Latah",10199,9463,859,20521,"0%"
"Idaho","Lemhi",1032,3592,114,4738,"5%"
"Idaho","Lewis",349,1489,32,1870,"3%"
"Idaho","Lincoln",414,1469,57,1940,"10%"
"Idaho","Madison",2666,13559,887,17112,"3%"
"Idaho","Minidoka",1550,6265,178,7993,"0%"
"Idaho","Nez Perce",6686,13738,543,20967,"0%"
"Idaho","Oneida",249,2148,54,2451,"0%"
"Idaho","Owyhee",816,3819,107,4742,"2%"
"Idaho","Payette",2161,8862,270,11293,"0%"
"Idaho","Power",865,2116,105,3086,"3%"
"Idaho","Shoshone",1693,4216,140,6049,"3%"
"Idaho","Teton",3318,2858,171,6347,"0%"
"Idaho","Twin Falls",9391,25897,1392,36680,"1%"
"Idaho","Valley",2976,3947,140,7063,"0%"
"Idaho","Washington",1073,4154,117,5344,"3%"
"Illinois","Adams",8569,24131,734,33434,"0%"
"Illinois","Alexander",2522,3056,53,5631,"0%"
"Illinois","Bond",2275,5612,222,8109,"0%"
"Illinois","Boone",10372,13762,538,24672,"0%"
"Illinois","Brown",485,1930,108,2523,"3%"
"Illinois","Bureau",6545,10296,341,17182,"5%"
"Illinois","Calhoun",674,2043,50,2767,"2%"
"Illinois","Carroll",2730,5098,171,7999,"0%"
"Illinois","Cass",1615,3624,86,5325,"5%"
"Illinois","Champaign",54412,34537,2980,91929,"9%"
"Illinois","Christian",4286,11505,303,16094,"5%"
"Illinois","Clark",1990,6215,135,8340,"4%"
"Illinois","Clay",1129,5626,141,6896,"1%"
"Illinois","Clinton",1837,9364,229,11430,"35%"
"Illinois","Coles",7997,13981,492,22470,"0%"
"Illinois","Cook",1303031,466577,27180,1796788,"26%"
"Illinois","Crawford",2198,7025,196,9419,"2%"
"Illinois","Cumberland",1141,4595,107,5843,"4%"
"Illinois","DeKalb",24484,21818,1415,47717,"0%"
"Illinois","DeWitt",2171,5623,200,7994,"0%"
"Illinois","Douglas",2327,6221,198,8746,"2%"
"Illinois","DuPage",269638,187957,9591,467186,"2%"
"Illinois","Edgar",1869,6169,114,8152,"6%"
"Illinois","Edwards",488,2833,47,3368,"8%"
"Illinois","Effingham",3700,14983,358,19041,"0%"
"Illinois","Fayette",1815,8025,193,10033,"0%"
"Illinois","Ford",1691,4956,162,6809,"3%"
"Illinois","Franklin",2035,8765,189,10989,"46%"
"Illinois","Fulton",6371,9798,348,16517,"4%"
"Illinois","Gallatin",621,2019,33,2673,"10%"
"Illinois","Greene",1349,4767,108,6224,"0%"
"Illinois","Grundy",9445,16372,583,26400,"0%"
"Illinois","Hamilton",821,3429,66,4316,"6%"
"Illinois","Hancock",1114,5309,142,6565,"28%"
"Illinois","Hardin",0,0,0,0,"100%"
"Illinois","Henderson",1186,2391,75,3652,"6%"
"Illinois","Henry",9762,15266,596,25624,"0%"
"Illinois","Iroquois",2895,10858,258,14011,"2%"
"Illinois","Jackson",3749,7066,350,11165,"59%"
"Illinois","Jasper",1006,4492,84,5582,"1%"
"Illinois","Jefferson",4597,12461,351,17409,"7%"
"Illinois","Jersey",2956,8699,287,11942,"1%"
"Illinois","JoDaviess",5097,7161,219,12477,"0%"
"Illinois","Johnson",1280,5052,110,6442,"0%"
"Illinois","Kane",128080,95680,4759,228519,"0%"
"Illinois","Kankakee",20112,28410,1207,49729,"0%"
"Illinois","Kendall",31394,28515,1418,61327,"0%"
"Illinois","Knox",10421,11818,477,22716,"10%"
"Illinois","LaSalle",21491,29482,1080,52053,"4%"
"Illinois","Lake",144674,105416,4737,254827,"24%"
"Illinois","Lawrence",1414,4849,116,6379,"5%"
"Illinois","Lee",6368,9584,399,16351,"3%"
"Illinois","Livingston",4568,12134,347,17049,"0%"
"Illinois","Logan",3769,9042,306,13117,"0%"
"Illinois","Macon",19633,28373,928,48934,"0%"
"Illinois","Macoupin",7313,16058,548,23919,"3%"
"Illinois","Madison",56845,75727,3569,136141,"0%"
"Illinois","Marion",4396,12540,278,17214,"8%"
"Illinois","Marshall",2004,4196,143,6343,"3%"
"Illinois","Mason",1984,4645,127,6756,"0%"
"Illinois","Massac",1719,4989,95,6803,"0%"
"Illinois","McDonough",4973,7009,308,12290,"6%"
"Illinois","McHenry",73610,79396,3799,156805,"2%"
"Illinois","McLean",43719,40365,2929,87013,"3%"
"Illinois","Menard",2003,4722,164,6889,"0%"
"Illinois","Mercer",3212,5328,210,8750,"6%"
"Illinois","Monroe",6489,14046,489,21024,"0%"
"Illinois","Montgomery",3889,9504,308,13701,"4%"
"Illinois","Morgan",5020,9903,306,15229,"6%"
"Illinois","Moultrie",1645,4938,115,6698,"3%"
"Illinois","Ogle",9300,15092,648,25040,"5%"
"Illinois","Peoria",42600,37612,2052,82264,"0%"
"Illinois","Perry",2609,7305,146,10060,"7%"
"Illinois","Piatt",3302,6219,270,9791,"0%"
"Illinois","Pike",1458,6235,143,7836,"0%"
"Illinois","Pope",432,1720,20,2172,"9%"
"Illinois","Pulaski",891,1699,41,2631,"19%"
"Illinois","Putnam",1309,1978,58,3345,"0%"
"Illinois","Randolph",3590,11065,241,14896,"4%"
"Illinois","Richland",1355,7988,0,9343,"0%"
"Illinois","Rock Island",36647,28585,1518,66750,"0%"
"Illinois","Saline",2786,8096,197,11079,"11%"
"Illinois","Sangamon",48756,53303,2336,104395,"4%"
"Illinois","Schuyler",1064,2767,77,3908,"0%"
"Illinois","Scott",569,2104,57,2730,"5%"
"Illinois","Shelby",2488,9396,165,12049,"0%"
"Illinois","St. Clair",66698,56000,2522,125220,"0%"
"Illinois","Stark",814,2000,67,2881,"4%"
"Illinois","Stephenson",8756,12253,437,21446,"0%"
"Illinois","Tazewell",24486,42194,1678,68358,"0%"
"Illinois","Union",2575,6157,164,8896,"0%"
"Illinois","Vermilion",10313,20710,594,31617,"6%"
"Illinois","Wabash",1248,4228,116,5592,"7%"
"Illinois","Warren",3087,4671,158,7916,"0%"
"Illinois","Washington",1639,6110,165,7914,"3%"
"Illinois","Wayne",1185,7172,89,8446,"7%"
"Illinois","White",1517,5788,123,7428,"8%"
"Illinois","Whiteside",12195,14472,587,27254,"2%"
"Illinois","Will",174226,149695,6672,330593,"0%"
"Illinois","Williamson",10107,22681,715,33503,"0%"
"Illinois","Winnebago",33141,20192,1063,54396,"54%"
"Illinois","Woodford",4664,11764,446,16874,"15%"
"Indiana","Adams",3236,10685,317,14238,"0%"
"Indiana","Allen",72825,91885,4254,168964,"0%"
"Indiana","Bartholomew",12934,22409,956,36299,"0%"
"Indiana","Benton",1009,3007,99,4115,"0%"
"Indiana","Blackford",1376,3838,140,5354,"0%"
"Indiana","Boone",15244,22351,1027,38622,"0%"
"Indiana","Brown",2996,5725,165,8886,"0%"
"Indiana","Carroll",2224,7086,204,9514,"0%"
"Indiana","Cass",4301,10551,333,15185,"0%"
"Indiana","Clark",23088,33656,1296,58040,"0%"
"Indiana","Clay",2549,9498,230,12277,"0%"
"Indiana","Clinton",3361,9334,266,12961,"0%"
"Indiana","Crawford",1369,3499,111,4979,"0%"
"Indiana","Daviess",2169,9576,226,11971,"0%"
"Indiana","DeKalb",4966,14237,453,19656,"0%"
"Indiana","Dearborn",5433,19441,428,25302,"4%"
"Indiana","Decatur",2436,9570,290,12296,"0%"
"Indiana","Delaware",20328,26724,1037,48089,"3%"
"Indiana","Dubois",6292,15032,481,21805,"0%"
"Indiana","Elkhart",25413,46311,1501,73225,"0%"
"Indiana","Fayette",2237,7755,154,10146,"1%"
"Indiana","Floyd",17507,23385,850,41742,"0%"
"Indiana","Fountain",1627,6151,200,7978,"1%"
"Indiana","Franklin",2137,9691,190,12018,"0%"
"Indiana","Fulton",2274,6667,169,9110,"0%"
"Indiana","Gibson",4027,11817,321,16165,"0%"
"Indiana","Grant",8015,18543,672,27230,"0%"
"Indiana","Greene",3389,11103,315,14807,"0%"
"Indiana","Hamilton",88367,101563,4517,194447,"0%"
"Indiana","Hancock",12821,28816,1008,42645,"0%"
"Indiana","Harrison",5334,14542,322,20198,"0%"
"Indiana","Hendricks",32453,53688,2289,88430,"0%"
"Indiana","Henry",5442,14526,420,20388,"0%"
"Indiana","Howard",13270,26400,949,40619,"0%"
"Indiana","Huntington",4254,13147,408,17809,"0%"
"Indiana","Jackson",4302,14555,381,19238,"0%"
"Indiana","Jasper",3795,11383,314,15492,"0%"
"Indiana","Jay",1926,6361,179,8466,"0%"
"Indiana","Jefferson",4732,9659,335,14726,"0%"
"Indiana","Jennings",2521,9488,263,12272,"0%"
"Indiana","Johnson",24729,51209,1846,77784,"0%"
"Indiana","Knox",4067,11654,306,16027,"0%"
"Indiana","Kosciusko",8350,26476,1020,35846,"0%"
"Indiana","LaGrange",2355,8110,168,10633,"0%"
"Indiana","LaPorte",17488,24128,957,42573,"12%"
"Indiana","Lake",124801,91733,3699,220233,"2%"
"Indiana","Lawrence",4961,15601,509,21071,"0%"
"Indiana","Madison",19459,31153,1099,51711,"11%"
"Indiana","Marion",238012,129880,8835,376727,"7%"
"Indiana","Marshall",5712,13841,381,19934,"0%"
"Indiana","Martin",1011,4029,115,5155,"0%"
"Indiana","Miami",3235,10925,333,14493,"0%"
"Indiana","Monroe",39488,22040,1100,62628,"4%"
"Indiana","Montgomery",4008,11874,282,16164,"0%"
"Indiana","Morgan",7777,27510,927,36214,"0%"
"Indiana","Newton",1509,4942,155,6606,"0%"
"Indiana","Noble",4660,14195,362,19217,"0%"
"Indiana","Ohio",750,2392,22,3164,"0%"
"Indiana","Orange",2224,6432,177,8833,"0%"
"Indiana","Owen",2419,7285,211,9915,"0%"
"Indiana","Parke",1503,5398,119,7020,"0%"
"Indiana","Perry",3202,5343,189,8734,"0%"
"Indiana","Pike",1415,4692,113,6220,"3%"
"Indiana","Porter",39537,44899,1848,86284,"0%"
"Indiana","Posey",3811,9206,247,13264,"0%"
"Indiana","Pulaski",1463,4246,104,5813,"0%"
"Indiana","Putnam",3946,12278,371,16595,"0%"
"Indiana","Randolph",2512,8312,254,11078,"1%"
"Indiana","Ripley",2774,11261,245,14280,"0%"
"Indiana","Rush",1754,6035,149,7938,"0%"
"Indiana","Scott",2698,7328,150,10176,"0%"
"Indiana","Shelby",5023,14568,426,20017,"0%"
"Indiana","Spencer",3208,7354,219,10781,"0%"
"Indiana","St. Joseph",40426,44550,1558,86534,"30%"
"Indiana","Starke",2650,7466,193,10309,"0%"
"Indiana","Steuben",4509,11322,344,16175,"0%"
"Indiana","Sullivan",2153,6687,164,9004,"0%"
"Indiana","Switzerland",964,3133,55,4152,"0%"
"Indiana","Tippecanoe",34993,34571,2191,71755,"0%"
"Indiana","Tipton",1834,6110,180,8124,"0%"
"Indiana","Union",736,2687,68,3491,"1%"
"Indiana","Vanderburgh",34404,41838,1321,77563,"3%"
"Indiana","Vermillion",2145,5184,161,7490,"0%"
"Indiana","Vigo",9556,12944,570,23070,"47%"
"Indiana","Wabash",3494,10762,342,14598,"0%"
"Indiana","Warren",974,3401,98,4473,"0%"
"Indiana","Warrick",11919,21324,641,33884,"0%"
"Indiana","Washington",2783,9112,231,12126,"1%"
"Indiana","Wayne",9524,17567,571,27662,"0%"
"Indiana","Wells",2928,10855,297,14080,"0%"
"Indiana","White",2868,7353,181,10402,"4%"
"Indiana","Whitley",4233,12856,492,17581,"0%"
"Kansas","Allen",1836,5486,162,7484,"0%"
"Kansas","Anderson",755,2848,79,3682,"0%"
"Kansas","Atchison",2311,4817,172,7300,"0%"
"Kansas","Barber",284,1992,37,2313,"8%"
"Kansas","Barton",2302,8480,198,10980,"0%"
"Kansas","Bourbon",1504,4906,135,6545,"3%"
"Kansas","Brown",1086,3202,102,4390,"0%"
"Kansas","Butler",8941,22188,688,31817,"0%"
"Kansas","Chase",341,1114,23,1478,"0%"
"Kansas","Chautauqua",212,1397,25,1634,"8%"
"Kansas","Cherokee",2154,6612,159,8925,"0%"
"Kansas","Cheyenne",220,1158,22,1400,"14%"
"Kansas","Clark",143,884,20,1047,"9%"
"Kansas","Clay",879,3120,122,4121,"5%"
"Kansas","Cloud",892,3178,104,4174,"10%"
"Kansas","Coffey",926,3403,113,4442,"0%"
"Kansas","Comanche",124,743,33,900,"11%"
"Kansas","Cowley",4168,9438,345,13951,"0%"
"Kansas","Crawford",5971,9752,470,16193,"0%"
"Kansas","Decatur",208,1232,18,1458,"16%"
"Kansas","Dickinson",2040,7045,161,9246,"0%"
"Kansas","Doniphan",678,2947,55,3680,"0%"
"Kansas","Douglas",39413,16695,1772,57880,"0%"
"Kansas","Edwards",267,1127,19,1413,"6%"
"Kansas","Elk",191,1130,26,1347,"9%"
"Kansas","Ellis",3621,9546,350,13517,"0%"
"Kansas","Ellsworth",639,2102,61,2802,"5%"
"Kansas","Finney",4145,7071,272,11488,"0%"
"Kansas","Ford",2924,5762,161,8847,"2%"
"Kansas","Franklin",3609,8312,297,12218,"0%"
"Kansas","Geary",3819,5191,293,9303,"0%"
"Kansas","Gove",163,1256,14,1433,"9%"
"Kansas","Graham",221,1052,28,1301,"15%"
"Kansas","Grant",496,1909,45,2450,"5%"
"Kansas","Gray",337,1871,32,2240,"0%"
"Kansas","Greeley",76,537,15,628,"17%"
"Kansas","Greenwood",562,2397,70,3029,"2%"
"Kansas","Hamilton",134,683,19,836,"12%"
"Kansas","Harper",301,1903,43,2247,"20%"
"Kansas","Harvey",6650,10013,453,17116,"0%"
"Kansas","Haskell",261,1103,19,1383,"9%"
"Kansas","Hodgeman",151,866,16,1033,"14%"
"Kansas","Jackson",1851,4434,181,6466,"0%"
"Kansas","Jefferson",3097,6167,281,9545,"0%"
"Kansas","Jewell",211,1369,28,1608,"1%"
"Kansas","Johnson",177875,151232,9131,338238,"1%"
"Kansas","Kearny",255,1134,24,1413,"6%"
"Kansas","Kingman",742,3098,82,3922,"0%"
"Kansas","Kiowa",152,956,29,1137,"12%"
"Kansas","Labette",2607,5639,168,8414,"4%"
"Kansas","Lane",114,757,17,888,"12%"
"Kansas","Leavenworth",13745,21370,982,36097,"0%"
"Kansas","Lincoln",266,1273,31,1570,"7%"
"Kansas","Linn",863,3940,108,4911,"0%"
"Kansas","Logan",185,1231,20,1436,"2%"
"Kansas","Lyon",5878,7381,363,13622,"2%"
"Kansas","Marion",1462,4377,129,5968,"0%"
"Kansas","Marshall",1239,3661,128,5028,"0%"
"Kansas","McPherson",3969,9519,362,13850,"5%"
"Kansas","Meade",261,1508,38,1807,"3%"
"Kansas","Miami",5133,12115,406,17654,"0%"
"Kansas","Mitchell",547,2453,38,3038,"10%"
"Kansas","Montgomery",3147,9768,262,13177,"2%"
"Kansas","Morris",721,2085,43,2849,"0%"
"Kansas","Morton",147,1004,12,1163,"16%"
"Kansas","Nemaha",920,4612,105,5637,"0%"
"Kansas","Neosho",1727,4794,106,6627,"6%"
"Kansas","Ness",147,1313,25,1485,"0%"
"Kansas","Norton",360,1975,51,2386,"0%"
"Kansas","Osage",2091,5589,203,7883,"0%"
"Kansas","Osborne",275,1590,39,1904,"9%"
"Kansas","Ottawa",504,2581,76,3161,"5%"
"Kansas","Pawnee",635,2028,49,2712,"6%"
"Kansas","Phillips",373,2855,50,3278,"0%"
"Kansas","Pottawatomie",3256,9246,311,12813,"31%"
"Kansas","Pratt",924,3087,96,4107,"0%"
"Kansas","Rawlins",214,1252,31,1497,"11%"
"Kansas","Reno",8563,17892,693,27148,"0%"
"Kansas","Republic",420,2172,51,2643,"13%"
"Kansas","Rice",946,3177,89,4212,"0%"
"Kansas","Riley",11939,11172,908,24019,"1%"
"Kansas","Rooks",332,2294,40,2666,"13%"
"Kansas","Rush",291,1425,32,1748,"2%"
"Kansas","Russell",591,2765,80,3436,"0%"
"Kansas","Saline",7942,15238,661,23841,"0%"
"Kansas","Scott",290,1991,44,2325,"0%"
"Kansas","Sedgwick",87951,115497,5871,209319,"1%"
"Kansas","Seward",1736,3285,78,5099,"9%"
"Kansas","Shawnee",41997,39842,2575,84414,"2%"
"Kansas","Sheridan",144,1237,16,1397,"6%"
"Kansas","Sherman",385,2220,64,2669,"6%"
"Kansas","Smith",328,1734,30,2092,"6%"
"Kansas","Stafford",355,1631,31,2017,"6%"
"Kansas","Stanton",147,607,13,767,"7%"
"Kansas","Stevens",233,1731,33,1997,"9%"
"Kansas","Sumner",2549,7996,267,10812,"0%"
"Kansas","Thomas",642,4686,94,5422,"0%"
"Kansas","Trego",238,1341,24,1603,"11%"
"Kansas","Wabaunsee",956,2813,92,3861,"0%"
"Kansas","Wallace",44,762,11,817,"10%"
"Kansas","Washington",458,2314,55,2827,"0%"
"Kansas","Wichita",147,803,11,961,"10%"
"Kansas","Wilson",711,3111,77,3899,"3%"
"Kansas","Woodson",283,1189,24,1496,"0%"
"Kansas","Wyandotte",35566,18512,1301,55379,"3%"
"Kentucky","Adair",1391,7275,100,8766,"2%"
"Kentucky","Allen",3031,12706,214,15951,"0%"
"Kentucky","Anderson",3339,9651,271,13261,"0%"
"Kentucky","Ballard",825,3355,44,4224,"5%"
"Kentucky","Barren",5115,14646,318,20079,"0%"
"Kentucky","Bath",1573,3986,68,5627,"0%"
"Kentucky","Bell",1789,8139,114,10042,"0%"
"Kentucky","Boone",19589,43840,1153,64582,"0%"
"Kentucky","Bourbon",3292,6185,157,9634,"0%"
"Kentucky","Boyd",7024,14223,357,21604,"3%"
"Kentucky","Boyle",5001,8682,275,13958,"1%"
"Kentucky","Bracken",799,3397,48,4244,"0%"
"Kentucky","Breathitt",1301,4265,101,5667,"0%"
"Kentucky","Breckinridge",2350,7699,145,10194,"0%"
"Kentucky","Bullitt",10126,30338,670,41134,"0%"
"Kentucky","Butler",1078,4960,87,6125,"0%"
"Kentucky","Caldwell",1432,4905,99,6436,"1%"
"Kentucky","Calloway",5791,11342,308,17441,"0%"
"Kentucky","Campbell",19339,28465,978,48782,"5%"
"Kentucky","Carlisle",463,2159,16,2638,"6%"
"Kentucky","Carroll",1114,2947,65,4126,"1%"
"Kentucky","Carter",2641,8773,167,11581,"0%"
"Kentucky","Casey",960,6186,94,7240,"1%"
"Kentucky","Christian",8282,15060,483,23825,"1%"
"Kentucky","Clark",8665,17595,324,26584,"0%"
"Kentucky","Clay",430,6003,65,6498,"18%"
"Kentucky","Clinton",603,4280,49,4932,"0%"
"Kentucky","Crittenden",730,3449,60,4239,"0%"
"Kentucky","Cumberland",508,2769,32,3309,"0%"
"Kentucky","Daviess",17107,30922,925,48954,"2%"
"Kentucky","Edmonson",682,4265,57,5004,"12%"
"Kentucky","Elliott",707,2240,37,2984,"4%"
"Kentucky","Estill",1354,5098,85,6537,"0%"
"Kentucky","Fayette",85211,57132,3030,145373,"12%"
"Kentucky","Fleming",1470,5532,58,7060,"0%"
"Kentucky","Floyd",3855,12211,315,16381,"0%"
"Kentucky","Franklin",12590,12876,499,25965,"10%"
"Kentucky","Fulton",791,1605,25,2421,"9%"
"Kentucky","Gallatin",813,2947,69,3829,"0%"
"Kentucky","Garrard",1798,6526,112,8436,"0%"
"Kentucky","Grant",2200,8720,175,11095,"0%"
"Kentucky","Graves",3525,13144,251,16920,"0%"
"Kentucky","Grayson",2395,9445,140,11980,"0%"
"Kentucky","Green",915,4837,54,5806,"0%"
"Kentucky","Greenup",4855,13038,236,18129,"0%"
"Kentucky","Hancock",1346,3132,91,4569,"2%"
"Kentucky","Hardin",17811,29678,975,48464,"3%"
"Kentucky","Harlan",1491,9363,108,10962,"6%"
"Kentucky","Harrison",2398,6331,119,8848,"0%"
"Kentucky","Hart",1897,6329,115,8341,"0%"
"Kentucky","Henderson",7550,12653,322,20525,"4%"
"Kentucky","Henry",2119,5823,122,8064,"0%"
"Kentucky","Hickman",458,1714,27,2199,"6%"
"Kentucky","Hopkins",5421,15726,313,21460,"3%"
"Kentucky","Jackson",605,5450,61,6116,"0%"
"Kentucky","Jefferson",218944,147168,6730,372842,"13%"
"Kentucky","Jessamine",8406,17003,565,25974,"8%"
"Kentucky","Johnson",1607,8446,140,10193,"2%"
"Kentucky","Kenton",31966,47973,1695,81634,"6%"
"Kentucky","Knott",1410,4778,60,6248,"0%"
"Kentucky","Knox",2111,11010,158,13279,"0%"
"Kentucky","LaRue",1502,5685,112,7299,"0%"
"Kentucky","Laurel",4464,23221,389,28074,"0%"
"Kentucky","Lawrence",1237,5633,84,6954,"0%"
"Kentucky","Lee",459,2159,41,2659,"8%"
"Kentucky","Leslie",446,4318,50,4814,"9%"
"Kentucky","Letcher",1729,7176,122,9027,"9%"
"Kentucky","Lewis",821,4983,73,5877,"0%"
"Kentucky","Lincoln",2247,8484,170,10901,"0%"
"Kentucky","Livingston",939,4010,54,5003,"1%"
"Kentucky","Logan",3083,9055,184,12322,"0%"
"Kentucky","Lyon",1092,3099,36,4227,"2%"
"Kentucky","Madison",15549,27336,968,43853,"3%"
"Kentucky","Magoffin",1213,4168,59,5440,"2%"
"Kentucky","Marion",2719,6110,93,8922,"0%"
"Kentucky","Marshall",4042,13249,237,17528,"4%"
"Kentucky","Martin",402,3496,31,3929,"8%"
"Kentucky","Mason",3317,8908,169,12394,"0%"
"Kentucky","McCracken",10582,21399,505,32486,"5%"
"Kentucky","McCreary",723,5663,45,6431,"0%"
"Kentucky","McLean",1068,3633,75,4776,"3%"
"Kentucky","Meade",3597,10161,290,14048,"0%"
"Kentucky","Menifee",743,2302,39,3084,"0%"
"Kentucky","Mercer",3029,8504,193,11726,"0%"
"Kentucky","Metcalfe",973,3957,84,5014,"0%"
"Kentucky","Monroe",643,4577,44,5264,"3%"
"Kentucky","Montgomery",3608,8966,212,12786,"0%"
"Kentucky","Morgan",1172,4297,66,5535,"0%"
"Kentucky","Muhlenberg",3539,10493,189,14221,"0%"
"Kentucky","Nelson",7164,15683,361,23208,"0%"
"Kentucky","Nicholas",954,2407,35,3396,"0%"
"Kentucky","Ohio",2403,8577,140,11120,"0%"
"Kentucky","Oldham",14476,22630,778,37884,"5%"
"Kentucky","Owen",1096,4292,66,5454,"0%"
"Kentucky","Owsley",215,1652,9,1876,"2%"
"Kentucky","Pendleton",1321,5514,88,6923,"0%"
"Kentucky","Perry",2350,8118,138,10606,"7%"
"Kentucky","Pike",4855,20272,226,25353,"5%"
"Kentucky","Powell",1281,3966,97,5344,"1%"
"Kentucky","Pulaski",5660,25437,432,31529,"0%"
"Kentucky","Robertson",252,883,9,1144,"0%"
"Kentucky","Rockcastle",1133,6576,73,7782,"0%"
"Kentucky","Rowan",3873,5990,184,10047,"0%"
"Kentucky","Russell",1329,7506,104,8939,"0%"
"Kentucky","Scott",10550,17750,621,28921,"0%"
"Kentucky","Shelby",7520,14631,366,22517,"0%"
"Kentucky","Simpson",2678,5885,161,8724,"0%"
"Kentucky","Spencer",2522,8726,162,11410,"0%"
"Kentucky","Taylor",2958,9373,172,12503,"0%"
"Kentucky","Todd",1202,4060,89,5351,"0%"
"Kentucky","Trigg",1788,5486,95,7369,"0%"
"Kentucky","Trimble",1012,3226,80,4318,"0%"
"Kentucky","Union",1527,4961,82,6570,"2%"
"Kentucky","Warren",21595,31388,1031,54014,"0%"
"Kentucky","Washington",1619,4456,95,6170,"0%"
"Kentucky","Wayne",1699,7428,110,9237,"0%"
"Kentucky","Webster",1410,4504,73,5987,"5%"
"Kentucky","Whitley",2548,12564,228,15340,"0%"
"Kentucky","Wolfe",837,2097,47,2981,"0%"
"Kentucky","Woodford",6570,8605,12,15187,"0%"
"Louisiana","Acadia",5443,22596,386,28425,"7%"
"Louisiana","Allen",2108,7574,128,9810,"6%"
"Louisiana","Ascension",20397,40682,1238,62317,"0%"
"Louisiana","Assumption",3833,7271,131,11235,"9%"
"Louisiana","Avoyelles",4979,12028,285,17292,"9%"
"Louisiana","Beauregard",2542,13575,240,16357,"3%"
"Louisiana","Bienville",3066,3891,92,7049,"13%"
"Louisiana","Bossier",15658,38065,919,54642,"2%"
"Louisiana","Caddo",54993,47927,1779,104699,"0%"
"Louisiana","Calcasieu",25982,55062,1615,82659,"12%"
"Louisiana","Caldwell",745,3976,41,4762,"10%"
"Louisiana","Cameron",324,3670,44,4038,"4%"
"Louisiana","Catahoula",1269,3541,48,4858,"11%"
"Louisiana","Claiborne",2731,3770,79,6580,"13%"
"Louisiana","Concordia",3177,5550,101,8828,"16%"
"Louisiana","DeSoto",5446,9111,167,14724,"3%"
"Louisiana","East Baton Rouge",115533,88396,4182,208111,"0%"
"Louisiana","East Carroll",1900,1080,56,3036,"32%"
"Louisiana","East Feliciana",4280,6064,165,10509,"8%"
"Louisiana","Evangeline",4158,11053,201,15412,"13%"
"Louisiana","Franklin",2658,6970,92,9720,"7%"
"Louisiana","Grant",1157,8117,118,9392,"5%"
"Louisiana","Iberia",11027,21250,435,32712,"13%"
"Louisiana","Iberville",8514,7893,312,16719,"12%"
"Louisiana","Jackson",2143,5394,95,7632,"9%"
"Louisiana","Jeff Davis",3208,11423,210,14841,"7%"
"Louisiana","Jefferson",84438,105890,3303,193631,"5%"
"Louisiana","LaSalle",574,6348,60,6982,"5%"
"Louisiana","Lafayette",39685,72518,2317,114520,"3%"
"Louisiana","Lafourche",8668,36020,692,45380,"3%"
"Louisiana","Lincoln",7559,11311,405,19275,"9%"
"Louisiana","Livingston",9249,54870,1103,65222,"0%"
"Louisiana","Madison",2654,1930,86,4670,"20%"
"Louisiana","Morehouse",4946,6510,118,11574,"18%"
"Louisiana","Natchitoches",6896,9358,300,16554,"14%"
"Louisiana","Orleans",147729,26645,3296,177670,"4%"
"Louisiana","Ouachita",25905,42245,998,69148,"10%"
"Louisiana","Plaquemines",3413,7411,188,11012,"7%"
"Louisiana","Pointe Coupee",4683,7503,185,12371,"9%"
"Louisiana","Rapides",19472,38346,1043,58861,"9%"
"Louisiana","Red River",1644,2413,75,4132,"23%"
"Louisiana","Richland",3225,6607,108,9940,"8%"
"Louisiana","Sabine",1731,8776,89,10596,"6%"
"Louisiana","St. Bernard",6151,11178,320,17649,"0%"
"Louisiana","St. Charles",9800,18233,484,28517,"3%"
"Louisiana","St. Helena",3346,2714,98,6158,"14%"
"Louisiana","St. James",6509,5954,126,12589,"9%"
"Louisiana","St. John the Baptist",13581,7538,312,21431,"9%"
"Louisiana","St. Landry",17371,23167,611,41149,"12%"
"Louisiana","St. Martin",8439,18203,396,27038,"6%"
"Louisiana","St. Mary",8054,14810,320,23184,"12%"
"Louisiana","St. Tammany",37744,99665,2698,140107,"0%"
"Louisiana","Tangipahoa",18883,37799,968,57650,"2%"
"Louisiana","Tensas",1326,1195,28,2549,"19%"
"Louisiana","Terrebonne",11198,34339,703,46240,"6%"
"Louisiana","Union",2654,8406,140,11200,"8%"
"Louisiana","Vermilion",5009,21930,385,27324,"5%"
"Louisiana","Vernon",2897,14104,263,17264,"7%"
"Louisiana","Washington",5970,13307,236,19513,"6%"
"Louisiana","Webster",6172,11829,214,18215,"12%"
"Louisiana","West Baton Rouge",6200,7684,213,14097,"1%"
"Louisiana","West Carroll",710,4317,25,5052,"5%"
"Louisiana","West Feliciana",2298,3863,107,6268,"3%"
"Louisiana","Winn",1543,4617,63,6223,"15%"
"Massachusetts","Barnstable",89732,54132,3032,146896,"NA%"
"Massachusetts","Berkshire",39618,13066,1233,53917,"NA%"
"Massachusetts","Bristol",145294,114128,5699,265121,"NA%"
"Massachusetts","Dukes",9451,2553,229,12233,"NA%"
"Massachusetts","Essex",259792,141135,9082,410009,"NA%"
"Massachusetts","Franklin",13966,4727,553,19246,"NA%"
"Massachusetts","Hampden",122147,83815,4695,210657,"NA%"
"Massachusetts","Hampshire",60195,20649,1868,82712,"NA%"
"Massachusetts","Middlesex",599225,223333,19333,841891,"NA%"
"Massachusetts","Nantucket",5234,1912,151,7297,"NA%"
"Massachusetts","Norfolk",254647,116457,8542,379646,"NA%"
"Massachusetts","Plymouth",141606,111304,6352,259262,"NA%"
"Massachusetts","Suffolk",252661,55699,5750,314110,"NA%"
"Massachusetts","Worcester",237489,164817,11018,413324,"NA%"
"Maryland","Allegany",6603,18558,383,25544,"26%"
"Maryland","Anne Arundel",126861,107996,4519,239376,"21%"
"Maryland","Baltimore",168421,114678,4834,287933,"34%"
"Maryland","Baltimore City",161365,20358,2569,184292,"34%"
"Maryland","Calvert",19554,23586,796,43936,"17%"
"Maryland","Caroline",3572,9237,301,13110,"17%"
"Maryland","Carroll",29135,54176,2877,86188,"16%"
"Maryland","Cecil",13567,26880,857,41304,"19%"
"Maryland","Charles",35937,20289,925,57151,"35%"
"Maryland","Dorchester",5295,7804,272,13371,"22%"
"Maryland","Frederick",64016,57314,3355,124685,"12%"
"Maryland","Garrett",3098,11654,293,15045,"4%"
"Maryland","Harford",43381,69468,2947,115796,"23%"
"Maryland","Howard",98462,40422,3585,142469,"22%"
"Maryland","Kent",4830,4707,192,9729,"13%"
"Maryland","Montgomery",265188,72888,7473,345549,"36%"
"Maryland","Prince George's",317102,31904,6630,355636,"0%"
"Maryland","Queen Anne's",10209,18179,602,28990,"2%"
"Maryland","Somerset",3542,5405,126,9073,"21%"
"Maryland","St. Mary's",17417,25885,1062,44364,"21%"
"Maryland","Talbot",10408,10524,373,21305,"7%"
"Maryland","Washington",23448,38232,1292,62972,"15%"
"Maryland","Wicomico",17366,20601,821,38788,"19%"
"Maryland","Worcester",7898,15386,303,23587,"26%"
"Maine","Androscoggin",27568,29259,1943,58770,"NA%"
"Maine","Aroostook",12799,18892,721,32412,"NA%"
"Maine","Cumberland",127394,58253,5810,191457,"NA%"
"Maine","Franklin",6250,6472,521,13243,"NA%"
"Maine","Hancock",18280,13533,956,32769,"NA%"
"Maine","Kennebec",33771,33593,2260,69624,"NA%"
"Maine","Knox",14383,9330,602,24315,"NA%"
"Maine","Lincoln",11373,9279,582,21234,"NA%"
"Maine","Oxford",13619,16465,958,31042,"NA%"
"Maine","Penobscot",34639,38588,2648,75875,"NA%"
"Maine","Piscataquis",3125,5370,238,8733,"NA%"
"Maine","Sagadahoc",13531,9755,756,24042,"NA%"
"Maine","Somerset",8728,13550,628,22906,"NA%"
"Maine","Waldo",11922,10550,789,23261,"NA%"
"Maine","Washington",3842,5760,245,9847,"NA%"
"Maine","York",72363,54099,3884,130346,"NA%"
"Michigan","Alcona",2142,4848,73,7063,"0%"
"Michigan","Alger",2053,3014,68,5135,"0%"
"Michigan","Allegan",24447,41381,1354,67182,"0%"
"Michigan","Alpena",6000,10686,280,16966,"0%"
"Michigan","Antrim",7289,9783,255,17327,"0%"
"Michigan","Arenac",2773,5928,129,8830,"0%"
"Michigan","Baraga",1475,2512,46,4033,"0%"
"Michigan","Barry",11804,23473,637,35914,"0%"
"Michigan","Bay",21718,30919,868,53505,"0%"
"Michigan","Benzie",5480,6600,179,12259,"0%"
"Michigan","Berrien",37438,43518,1448,82404,"3%"
"Michigan","Branch",6161,14066,313,20540,"0%"
"Michigan","Calhoun",28417,35900,1251,65568,"0%"
"Michigan","Cass",9122,16686,413,26221,"0%"
"Michigan","Charlevoix",6939,9841,243,17023,"0%"
"Michigan","Cheboygan",5435,10171,243,15849,"0%"
"Michigan","Chippewa",6651,10682,342,17675,"0%"
"Michigan","Clare",5200,10860,220,16280,"0%"
"Michigan","Clinton",21963,25095,844,47902,"0%"
"Michigan","Crawford",2612,4955,98,7665,"0%"
"Michigan","Delta",7605,13206,343,21154,"0%"
"Michigan","Dickinson",4569,8469,230,13268,"0%"
"Michigan","Eaton",31297,31797,1357,64451,"0%"
"Michigan","Emmet",9662,12135,379,22176,"0%"
"Michigan","Genesee",120082,99199,3688,222969,"3%"
"Michigan","Gladwin",4524,9893,186,14603,"0%"
"Michigan","Gogebic",3573,4600,106,8279,"0%"
"Michigan","Grand Traverse",28682,30502,1042,60226,"0%"
"Michigan","Gratiot",6693,12102,353,19148,"0%"
"Michigan","Hillsdale",5883,17037,368,23288,"0%"
"Michigan","Houghton",7755,10380,405,18540,"0%"
"Michigan","Huron",5349,11949,225,17523,"1%"
"Michigan","Ingham",94221,47640,2936,144797,"0%"
"Michigan","Ionia",10899,20655,647,32201,"0%"
"Michigan","Iosco",5371,9760,255,15386,"0%"
"Michigan","Iron",2493,4216,86,6795,"0%"
"Michigan","Isabella",14072,14815,522,29409,"0%"
"Michigan","Jackson",32004,47381,1647,81032,"0%"
"Michigan","Kalamazoo",83674,56823,3143,143640,"2%"
"Michigan","Kalkaska",3003,7436,188,10627,"0%"
"Michigan","Kent",186753,165318,7844,359915,"0%"
"Michigan","Keweenaw",672,862,23,1557,"0%"
"Michigan","Lake",2288,3946,98,6332,"0%"
"Michigan","Lapeer",16368,35480,791,52639,"0%"
"Michigan","Leelanau",8793,7915,222,16930,"0%"
"Michigan","Lenawee",20916,31539,993,53448,"0%"
"Michigan","Livingston",48218,76980,1964,127162,"0%"
"Michigan","Luce",842,2109,156,3107,"0%"
"Michigan","Mackinac",2589,4258,75,6922,"0%"
"Michigan","Macomb",225561,264535,6427,496523,"0%"
"Michigan","Manistee",6107,8321,226,14654,"0%"
"Michigan","Marquette",20465,16288,800,37553,"0%"
"Michigan","Mason",6802,10207,240,17249,"0%"
"Michigan","Mecosta",7373,13265,439,21077,"0%"
"Michigan","Menominee",4314,8120,188,12622,"0%"
"Michigan","Midland",20513,27706,946,49165,"0%"
"Michigan","Missaukee",1967,6648,140,8755,"0%"
"Michigan","Monroe",32975,52710,1538,87223,"0%"
"Michigan","Montcalm",9703,21815,568,32086,"0%"
"Michigan","Montmorency",1628,4171,64,5863,"0%"
"Michigan","Muskegon",46389,46408,1700,94497,"0%"
"Michigan","Newaygo",7874,18864,426,27164,"0%"
"Michigan","Oakland",438147,328313,11958,778418,"0%"
"Michigan","Oceana",4944,8892,244,14080,"0%"
"Michigan","Ogemaw",3475,8253,179,11907,"0%"
"Michigan","Ontonagon",1391,2358,61,3810,"0%"
"Michigan","Osceola",3214,8928,198,12340,"0%"
"Michigan","Oscoda",1342,3466,66,4874,"0%"
"Michigan","Otsego",4743,9779,234,14756,"0%"
"Michigan","Ottawa",64566,100511,2997,168074,"0%"
"Michigan","Presque Isle",2912,5343,105,8360,"0%"
"Michigan","Roscommon",5166,9670,182,15018,"4%"
"Michigan","Saginaw",51068,50784,1474,103326,"0%"
"Michigan","Sanilac",5966,16194,286,22446,"0%"
"Michigan","Schoolcraft",1589,3090,66,4745,"0%"
"Michigan","Shiawassee",15371,23154,725,39250,"0%"
"Michigan","St. Clair",31363,59184,1515,92062,"0%"
"Michigan","St. Joseph",9262,18128,592,27982,"0%"
"Michigan","Tuscola",8713,20310,472,29495,"0%"
"Michigan","Van Buren",16800,21591,669,39060,"0%"
"Michigan","Washtenaw",157130,56241,3553,216924,"0%"
"Michigan","Wayne",587074,264149,12159,863382,"0%"
"Michigan","Wexford",5838,12102,352,18292,"0%"
"Minnesota","Aitkin",3604,6256,145,10005,"0%"
"Minnesota","Anoka",100832,104848,5292,210972,"2%"
"Minnesota","Becker",6560,12415,426,19401,"0%"
"Minnesota","Beltrami",11424,12181,516,24121,"5%"
"Minnesota","Benton",7278,14373,556,22207,"0%"
"Minnesota","Big Stone",1052,1862,58,2972,"1%"
"Minnesota","Blue Earth",18319,16721,987,36027,"9%"
"Minnesota","Brown",4745,9548,330,14623,"0%"
"Minnesota","Carlton",10094,9787,480,20361,"0%"
"Minnesota","Carver",30760,34003,1337,66100,"0%"
"Minnesota","Cass",6337,11607,292,18236,"0%"
"Minnesota","Chippewa",2227,4247,121,6595,"0%"
"Minnesota","Chisago",11798,21909,806,34513,"0%"
"Minnesota","Clay",16346,15031,738,32115,"6%"
"Minnesota","Clearwater",1258,3371,76,4705,"0%"
"Minnesota","Cook",2494,1202,90,3786,"0%"
"Minnesota","Cottonwood",1816,4060,92,5968,"7%"
"Minnesota","Crow Wing",13723,25668,769,40160,"0%"
"Minnesota","Dakota",145144,109029,6425,260598,"3%"
"Minnesota","Dodge",4074,8574,305,12953,"0%"
"Minnesota","Douglas",7864,15790,452,24106,"5%"
"Minnesota","Faribault",2529,5186,170,7885,"0%"
"Minnesota","Fillmore",4551,7290,287,12128,"1%"
"Minnesota","Freeborn",6889,9578,346,16813,"0%"
"Minnesota","Goodhue",11801,16051,709,28561,"4%"
"Minnesota","Grant",1299,2267,81,3647,"2%"
"Minnesota","Hennepin",532373,205877,15466,753716,"5%"
"Minnesota","Houston",4851,6332,252,11435,"2%"
"Minnesota","Hubbard",4458,8194,263,12915,"3%"
"Minnesota","Isanti",7133,16480,533,24146,"0%"
"Minnesota","Itasca",10784,15232,486,26502,"0%"
"Minnesota","Jackson",1744,3945,120,5809,"4%"
"Minnesota","Kanabec",2773,6276,185,9234,"0%"
"Minnesota","Kandiyohi",8434,14433,434,23301,"3%"
"Minnesota","Kittson",1005,1544,87,2636,"0%"
"Minnesota","Koochiching",2656,4127,132,6915,"0%"
"Minnesota","Lac Qui Parle",1445,2527,67,4039,"5%"
"Minnesota","Lake",3643,3391,162,7196,"9%"
"Minnesota","Lake of the Woods",671,1699,30,2400,"0%"
"Minnesota","Le Sueur",5667,10769,328,16764,"0%"
"Minnesota","Lincoln",937,2120,57,3114,"7%"
"Minnesota","Lyon",4624,7975,278,12877,"0%"
"Minnesota","Mahnomen",1110,1142,50,2302,"0%"
"Minnesota","Marshall",1293,3716,84,5093,"2%"
"Minnesota","Martin",3304,7476,258,11038,"0%"
"Minnesota","McLeod",6410,13982,517,20909,"0%"
"Minnesota","Meeker",3865,9351,276,13492,"0%"
"Minnesota","Mille Lacs",4401,9948,309,14658,"0%"
"Minnesota","Morrison",4365,14815,337,19517,"0%"
"Minnesota","Mower",8997,10067,377,19441,"4%"
"Minnesota","Murray",1449,3362,71,4882,"4%"
"Minnesota","Nicollet",9612,9009,483,19104,"10%"
"Minnesota","Nobles",2928,5598,182,8708,"0%"
"Minnesota","Norman",1400,1951,74,3425,"2%"
"Minnesota","Olmsted",49480,39680,1897,91057,"2%"
"Minnesota","Otter Tail",11916,23753,544,36213,"4%"
"Minnesota","Pennington",2567,4532,163,7262,"0%"
"Minnesota","Pine",5251,9832,289,15372,"0%"
"Minnesota","Pipestone",1306,3553,73,4932,"0%"
"Minnesota","Polk",5435,9857,289,15581,"4%"
"Minnesota","Pope",2478,4413,128,7019,"0%"
"Minnesota","Ramsey",211338,77311,5824,294473,"9%"
"Minnesota","Red Lake",689,1450,51,2190,"0%"
"Minnesota","Redwood",2358,5775,157,8290,"0%"
"Minnesota","Renville",2497,5465,153,8115,"0%"
"Minnesota","Rice",17386,17455,741,35582,"5%"
"Minnesota","Rock",1554,3578,100,5232,"0%"
"Minnesota","Roseau",2182,6053,155,8390,"0%"
"Minnesota","Scott",40007,45840,1817,87664,"0%"
"Minnesota","Sherburne",18056,36205,1195,55456,"1%"
"Minnesota","Sibley",2416,5863,169,8448,"0%"
"Minnesota","St. Louis",67496,48820,2457,118773,"11%"
"Minnesota","Stearns",31883,50960,1804,84647,"8%"
"Minnesota","Steele",7794,12472,540,20806,"6%"
"Minnesota","Stevens",1921,3045,97,5063,"0%"
"Minnesota","Swift",1784,3316,85,5185,"0%"
"Minnesota","Todd",3286,9754,197,13237,"0%"
"Minnesota","Traverse",662,1173,29,1864,"6%"
"Minnesota","Wabasha",4691,8149,248,13088,"0%"
"Minnesota","Wadena",2021,5517,118,7656,"0%"
"Minnesota","Waseca",3493,6621,269,10383,"0%"
"Minnesota","Washington",89136,73749,3337,166222,"1%"
"Minnesota","Watonwan",1985,3100,101,5186,"0%"
"Minnesota","Wilkin",1027,2333,75,3435,"3%"
"Minnesota","Winona",13328,13223,548,27099,"14%"
"Minnesota","Wright",27763,51076,1710,80549,"0%"
"Minnesota","Yellow Medicine",1683,3732,106,5521,"0%"
"Missouri","Adair",3705,6391,241,10337,"0%"
"Missouri","Andrew",2351,7255,168,9774,"0%"
"Missouri","Atchison",564,2199,51,2814,"0%"
"Missouri","Audrain",2703,7727,230,10660,"0%"
"Missouri","Barry",2948,12425,243,15616,"0%"
"Missouri","Barton",844,5168,65,6077,"0%"
"Missouri","Bates",1672,6595,168,8435,"0%"
"Missouri","Benton",2179,8106,193,10478,"0%"
"Missouri","Bollinger",749,5162,70,5981,"0%"
"Missouri","Boone",49999,38596,2605,91200,"1%"
"Missouri","Buchanan",13445,22450,818,36713,"5%"
"Missouri","Butler",3301,14599,265,18165,"0%"
"Missouri","Caldwell",897,3725,74,4696,"0%"
"Missouri","Callaway",5868,14812,498,21178,"0%"
"Missouri","Camden",5640,18825,309,24774,"0%"
"Missouri","Cape Girardeau",10738,28873,641,40252,"1%"
"Missouri","Carroll",785,3706,40,4531,"1%"
"Missouri","Carter",418,2451,37,2906,"0%"
"Missouri","Cass",19035,37172,1317,57524,"0%"
"Missouri","Cedar",1143,5786,110,7039,"0%"
"Missouri","Chariton",916,3109,49,4074,"0%"
"Missouri","Christian",11126,34904,874,46904,"0%"
"Missouri","Clark",678,2672,44,3394,"0%"
"Missouri","Clay",59519,64583,2516,126618,"0%"
"Missouri","Clinton",2894,7789,211,10894,"0%"
"Missouri","Cole",12687,26066,733,39486,"4%"
"Missouri","Cooper",2249,6272,189,8710,"0%"
"Missouri","Crawford",2113,8725,135,10973,"0%"
"Missouri","Dade",656,3414,53,4123,"0%"
"Missouri","Dallas",1380,6620,122,8122,"0%"
"Missouri","Daviess",740,3077,67,3884,"0%"
"Missouri","DeKalb",930,3827,85,4842,"0%"
"Missouri","Dent",1056,5987,99,7142,"0%"
"Missouri","Douglas",1012,5896,86,6994,"0%"
"Missouri","Dunklin",2200,8135,84,10419,"7%"
"Missouri","Franklin",14561,38034,1155,53750,"1%"
"Missouri","Gasconade",1601,6222,111,7934,"0%"
"Missouri","Gentry",613,2580,46,3239,"0%"
"Missouri","Greene",53307,81312,3455,138074,"0%"
"Missouri","Grundy",799,3585,53,4437,"4%"
"Missouri","Harrison",597,3198,30,3825,"1%"
"Missouri","Henry",2615,8019,142,10776,"0%"
"Missouri","Hickory",1054,3965,61,5080,"0%"
"Missouri","Holt",338,1976,29,2343,"5%"
"Missouri","Howard",1412,3552,125,5089,"0%"
"Missouri","Howell",3214,15174,249,18637,"0%"
"Missouri","Iron",945,3596,51,4592,"0%"
"Missouri","Jackson",198031,125897,6843,330771,"4%"
"Missouri","Jasper",13539,37714,1262,52515,"0%"
"Missouri","Jefferson",37507,77021,2101,116629,"0%"
"Missouri","Johnson",6961,15468,705,23134,"0%"
"Missouri","Knox",340,1486,30,1856,"0%"
"Missouri","LaClede",2779,13755,285,16819,"0%"
"Missouri","Lafayette",4470,12262,351,17083,"0%"
"Missouri","Lawrence",3214,14421,295,17930,"0%"
"Missouri","Lewis",984,3541,82,4607,"1%"
"Missouri","Lincoln",6553,21702,559,28814,"0%"
"Missouri","Linn",1274,4344,82,5700,"3%"
"Missouri","Livingston",1409,5266,80,6755,"0%"
"Missouri","Macon",1661,6075,98,7834,"0%"
"Missouri","Madison",1017,4581,73,5671,"0%"
"Missouri","Maries",814,3890,70,4774,"0%"
"Missouri","Marion",3201,9910,259,13370,"0%"
"Missouri","McDonald",1437,7465,149,9051,"0%"
"Missouri","Mercer",222,1541,16,1779,"3%"
"Missouri","Miller",2038,10175,166,12379,"0%"
"Missouri","Mississippi",1178,3537,41,4756,"0%"
"Missouri","Moniteau",1307,5738,105,7150,"0%"
"Missouri","Monroe",931,3466,72,4469,"0%"
"Missouri","Montgomery",1206,4457,107,5770,"0%"
"Missouri","Morgan",1924,7439,121,9484,"0%"
"Missouri","New Madrid",1748,5447,53,7248,"6%"
"Missouri","Newton",5793,22090,513,28396,"0%"
"Missouri","Nodaway",2849,6855,170,9874,"3%"
"Missouri","Oregon",823,3847,72,4742,"3%"
"Missouri","Osage",1031,6341,77,7449,"0%"
"Missouri","Ozark",752,4064,54,4870,"0%"
"Missouri","Pemiscot",1556,4116,55,5727,"14%"
"Missouri","Perry",1661,7634,134,9429,"0%"
"Missouri","Pettis",4776,13835,458,19069,"0%"
"Missouri","Phelps",5619,13438,474,19531,"3%"
"Missouri","Pike",1717,5856,113,7686,"1%"
"Missouri","Platte",28111,29251,1161,58523,"0%"
"Missouri","Polk",2883,11849,327,15059,"0%"
"Missouri","Pulaski",3735,10326,358,14419,"2%"
"Missouri","Putnam",361,1984,16,2361,"4%"
"Missouri","Ralls",1205,4396,61,5662,"0%"
"Missouri","Randolph",2485,8018,239,10742,"1%"
"Missouri","Ray",3107,8328,219,11654,"0%"
"Missouri","Reynolds",529,2733,36,3298,"2%"
"Missouri","Ripley",833,4838,72,5743,"0%"
"Missouri","Saline",2903,6447,178,9528,"0%"
"Missouri","Schuyler",373,1606,26,2005,"0%"
"Missouri","Scotland",387,1560,38,1985,"0%"
"Missouri","Scott",3753,13769,226,17748,"0%"
"Missouri","Shannon",706,3164,38,3908,"4%"
"Missouri","Shelby",592,2699,64,3355,"0%"
"Missouri","St. Charles",89346,128193,4636,222175,"0%"
"Missouri","St. Clair",988,3930,54,4972,"4%"
"Missouri","St. Francois",7044,20506,446,27996,"0%"
"Missouri","St. Louis City",108385,21185,2306,131876,"0%"
"Missouri","St. Louis County",322802,196808,8497,528107,"9%"
"Missouri","Ste. Genevieve",2713,6627,155,9495,"0%"
"Missouri","Stoddard",1814,11460,136,13410,"4%"
"Missouri","Stone",3486,14716,176,18378,"0%"
"Missouri","Sullivan",478,1974,19,2471,"9%"
"Missouri","Taney",5325,20426,489,26240,"0%"
"Missouri","Texas",1716,9478,138,11332,"1%"
"Missouri","Vernon",1902,7135,127,9164,"0%"
"Missouri","Warren",4769,13222,382,18373,"0%"
"Missouri","Washington",1804,8046,122,9972,"0%"
"Missouri","Wayne",844,4984,46,5874,"3%"
"Missouri","Webster",3572,14874,330,18776,"0%"
"Missouri","Worth",215,877,15,1107,"0%"
"Missouri","Wright",1167,7452,122,8741,"0%"
"Mississippi","Adams",6914,5222,132,12268,"0%"
"Mississippi","Alcorn",2741,12689,209,15639,"0%"
"Mississippi","Amite",2114,3781,79,5974,"0%"
"Mississippi","Attala",0,0,0,0,"100%"
"Mississippi","Benton",1661,2553,43,4257,"0%"
"Mississippi","Bolivar",7203,4260,168,11631,"2%"
"Mississippi","Calhoun",1564,3959,58,5581,"20%"
"Mississippi","Carroll",1203,3257,49,4509,"17%"
"Mississippi","Chickasaw",3808,4173,162,8143,"0%"
"Mississippi","Choctaw",1170,2971,34,4175,"0%"
"Mississippi","Claiborne",2337,479,70,2886,"32%"
"Mississippi","Clarke",2317,4638,82,7037,"6%"
"Mississippi","Clay",5728,4147,179,10054,"0%"
"Mississippi","Coahoma",5189,1846,101,7136,"12%"
"Mississippi","Copiah",5227,5407,166,10800,"1%"
"Mississippi","Covington",1965,2864,62,4891,"42%"
"Mississippi","DeSoto",27733,45788,1492,75013,"0%"
"Mississippi","Forrest",10603,15326,611,26540,"3%"
"Mississippi","Franklin",1476,2894,61,4431,"0%"
"Mississippi","George",1208,9602,130,10940,"0%"
"Mississippi","Greene",0,0,0,0,"100%"
"Mississippi","Grenada",2866,4889,83,7838,"24%"
"Mississippi","Hancock",3095,13999,309,17403,"0%"
"Mississippi","Harrison",18499,41281,1161,60941,"13%"
"Mississippi","Hinds",59192,21242,1377,81811,"30%"
"Mississippi","Holmes",5182,1196,164,6542,"0%"
"Mississippi","Humphreys",2994,1115,55,4164,"0%"
"Mississippi","Issaquena",355,308,13,676,"0%"
"Mississippi","Itawamba",1230,9374,139,10743,"0%"
"Mississippi","Jackson",12061,32563,862,45486,"0%"
"Mississippi","Jasper",4287,4256,99,8642,"0%"
"Mississippi","Jeff Davis",2645,1927,78,4650,"12%"
"Mississippi","Jefferson",3325,529,53,3907,"0%"
"Mississippi","Jones",7017,19130,345,26492,"11%"
"Mississippi","Kemper",2275,1609,51,3935,"0%"
"Mississippi","Lafayette",6904,9878,381,17163,"12%"
"Mississippi","Lamar",5821,17700,431,23952,"3%"
"Mississippi","Lauderdale",9885,15791,294,25970,"12%"
"Mississippi","Lawrence",2240,4254,70,6564,"0%"
"Mississippi","Leake",3358,4973,76,8407,"0%"
"Mississippi","Lee",9910,21297,555,31762,"18%"
"Mississippi","Leflore",5444,2623,111,8178,"0%"
"Mississippi","Lincoln",3978,10107,162,14247,"12%"
"Mississippi","Lowndes",12913,13699,381,26993,"0%"
"Mississippi","Madison",18931,26188,713,45832,"0%"
"Mississippi","Marion",3421,7783,134,11338,"2%"
"Mississippi","Marshall",6283,6591,190,13064,"11%"
"Mississippi","Monroe",4565,9677,219,14461,"14%"
"Mississippi","Montgomery",2084,2866,22,4972,"1%"
"Mississippi","Neshoba",3247,8311,140,11698,"0%"
"Mississippi","Newton",2542,6037,99,8678,"10%"
"Mississippi","Noxubee",2867,1057,57,3981,"0%"
"Mississippi","Oktibbeha",0,0,0,0,"100%"
"Mississippi","Panola",4978,5738,127,10843,"15%"
"Mississippi","Pearl River",0,0,0,0,"100%"
"Mississippi","Perry",1340,4426,59,5825,"0%"
"Mississippi","Pike",7087,6881,205,14173,"0%"
"Mississippi","Pontotoc",2580,11425,210,14215,"0%"
"Mississippi","Prentiss",2128,8274,137,10539,"0%"
"Mississippi","Quitman",2138,1020,53,3211,"0%"
"Mississippi","Rankin",13496,39025,879,53400,"24%"
"Mississippi","Scott",3575,5688,123,9386,"7%"
"Mississippi","Sharkey",1440,687,30,2157,"0%"
"Mississippi","Simpson",3384,6552,130,10066,"9%"
"Mississippi","Smith",1518,5697,70,7285,"0%"
"Mississippi","Stone",1208,5239,99,6546,"0%"
"Mississippi","Sunflower",5118,2361,89,7568,"12%"
"Mississippi","Tallahatchie",2636,2228,92,4956,"16%"
"Mississippi","Tate",2744,5529,147,8420,"31%"
"Mississippi","Tippah",0,0,0,0,"100%"
"Mississippi","Tishomingo",1050,7854,153,9057,"0%"
"Mississippi","Tunica",2525,912,57,3494,"0%"
"Mississippi","Union",1792,9052,145,10989,"3%"
"Mississippi","Walthall",0,0,0,0,"100%"
"Mississippi","Warren",0,0,0,0,"100%"
"Mississippi","Washington",6218,4114,182,10514,"31%"
"Mississippi","Wayne",3592,6264,132,9988,"0%"
"Mississippi","Webster",1024,4255,68,5347,"0%"
"Mississippi","Wilkinson",2364,1188,54,3606,"4%"
"Mississippi","Winston",2994,4017,0,7011,"21%"
"Mississippi","Yalobusha",2767,3658,81,6506,"0%"
"Mississippi","Yazoo",4533,4370,109,9012,"0%"
"Montana","Beaverhead",1608,3923,130,5661,"0%"
"Montana","Big Horn",2401,2185,83,4669,"10%"
"Montana","Blaine",1589,1469,63,3121,"0%"
"Montana","Broadwater",830,3139,87,4056,"0%"
"Montana","Carbon",2412,4424,209,7045,"0%"
"Montana","Carter",74,775,15,864,"8%"
"Montana","Cascade",15384,23199,1105,39688,"0%"
"Montana","Chouteau",988,1888,91,2967,"1%"
"Montana","Custer",1510,4204,164,5878,"0%"
"Montana","Daniels",195,799,20,1014,"15%"
"Montana","Dawson",962,3758,117,4837,"0%"
"Montana","Deer Lodge",2562,2184,142,4888,"2%"
"Montana","Fallon",172,1375,28,1575,"10%"
"Montana","Fergus",1491,4830,166,6487,"7%"
"Montana","Flathead",20238,38233,1661,60132,"0%"
"Montana","Gallatin",36964,31639,2760,71363,"0%"
"Montana","Garfield",41,764,8,813,"4%"
"Montana","Glacier",3603,1882,145,5630,"1%"
"Montana","Golden Valley",78,414,11,503,"11%"
"Montana","Granite",638,1419,45,2102,"0%"
"Montana","Hill",2972,3952,243,7167,"0%"
"Montana","Jefferson",2625,5345,221,8191,"0%"
"Montana","Judith Basin",275,1040,29,1344,"6%"
"Montana","Lake",6911,9319,387,16617,"0%"
"Montana","Lewis and Clark",19741,21407,1333,42481,"0%"
"Montana","Liberty",249,821,13,1083,"7%"
"Montana","Lincoln",2812,8516,236,11564,"0%"
"Montana","Madison",1770,4186,151,6107,"0%"
"Montana","McCone",155,956,17,1128,"10%"
"Montana","Meagher",258,833,19,1110,"4%"
"Montana","Mineral",686,1828,48,2562,"0%"
"Montana","Missoula",43351,26336,2282,71969,"0%"
"Montana","Musselshell",413,2423,45,2881,"0%"
"Montana","Park",5277,6022,313,11612,"0%"
"Montana","Petroleum",39,298,14,351,"0%"
"Montana","Phillips",414,1936,34,2384,"5%"
"Montana","Pondera",903,2030,61,2994,"4%"
"Montana","Powder River",154,970,12,1136,"8%"
"Montana","Powell",752,2347,88,3187,"0%"
"Montana","Prairie",126,603,15,744,"10%"
"Montana","Ravalli",8757,19103,630,28490,"0%"
"Montana","Richland",874,4792,123,5789,"0%"
"Montana","Roosevelt",1902,1991,122,4015,"0%"
"Montana","Rosebud",1199,2485,98,3782,"0%"
"Montana","Sanders",1819,5660,172,7651,"0%"
"Montana","Sheridan",574,1402,53,2029,"11%"
"Montana","Silver Bow",10442,7790,741,18973,"0%"
"Montana","Stillwater",1155,4430,122,5707,"0%"
"Montana","Sweet Grass",549,1840,57,2446,"0%"
"Montana","Teton",1007,2608,80,3695,"0%"
"Montana","Toole",467,1596,60,2123,"0%"
"Montana","Treasure",78,373,9,460,"14%"
"Montana","Valley",1030,3135,107,4272,"2%"
"Montana","Wheatland",225,823,20,1068,"9%"
"Montana","Wibaux",77,516,5,598,"7%"
"Montana","Yellowstone",29936,49548,2733,82217,"0%"
"North Carolina","Alamance",38186,45490,1034,84710,"0%"
"North Carolina","Alexander",4113,15806,201,20120,"0%"
"North Carolina","Alleghany",1480,4501,59,6040,"0%"
"North Carolina","Anson",5768,5301,73,11142,"3%"
"North Carolina","Ashe",4149,11368,174,15691,"0%"
"North Carolina","Avery",2171,7092,76,9339,"3%"
"North Carolina","Beaufort",9575,16352,237,26164,"7%"
"North Carolina","Bertie",5846,3778,56,9680,"0%"
"North Carolina","Bladen",7281,9623,105,17009,"2%"
"North Carolina","Brunswick",32984,55373,971,89328,"1%"
"North Carolina","Buncombe",95881,61983,2579,160443,"8%"
"North Carolina","Burke",12985,30814,383,44182,"3%"
"North Carolina","Cabarrus",51594,62722,1779,116095,"2%"
"North Carolina","Caldwell",10105,31877,456,42438,"1%"
"North Carolina","Camden",1515,4277,87,5879,"0%"
"North Carolina","Carteret",11999,29886,561,42446,"5%"
"North Carolina","Caswell",4831,7040,91,11962,"0%"
"North Carolina","Catawba",25420,56203,1128,82751,"2%"
"North Carolina","Chatham",26642,21055,611,48308,"3%"
"North Carolina","Cherokee",3563,12568,210,16341,"2%"
"North Carolina","Chowan",3232,4458,64,7754,"12%"
"North Carolina","Clay",1685,5074,69,6828,"0%"
"North Carolina","Cleveland",16879,33664,552,51095,"0%"
"North Carolina","Columbus",9382,16696,165,26243,"0%"
"North Carolina","Craven",20977,30831,867,52675,"5%"
"North Carolina","Cumberland",83533,59498,2567,145598,"9%"
"North Carolina","Currituck",4151,11566,289,16006,"0%"
"North Carolina","Dare",9855,13844,362,24061,"0%"
"North Carolina","Davidson",21483,62143,1159,84785,"3%"
"North Carolina","Davie",6653,18115,291,25059,"2%"
"North Carolina","Duplin",8676,13703,131,22510,"1%"
"North Carolina","Durham",142770,31827,2630,177227,"0%"
"North Carolina","Edgecombe",15935,9139,153,25227,"4%"
"North Carolina","Forsyth",111769,84176,2524,198469,"11%"
"North Carolina","Franklin",15776,20748,555,37079,"2%"
"North Carolina","Gaston",40231,72132,1428,113791,"0%"
"North Carolina","Gates",2540,3354,50,5944,"1%"
"North Carolina","Graham",896,3667,43,4606,"0%"
"North Carolina","Granville",14448,16548,320,31316,"2%"
"North Carolina","Greene",3820,4858,37,8715,"0%"
"North Carolina","Guilford",171538,106384,3279,281201,"0%"
"North Carolina","Halifax",15382,9973,130,25485,"0%"
"North Carolina","Harnett",21839,34905,989,57733,"0%"
"North Carolina","Haywood",13095,22698,472,36265,"2%"
"North Carolina","Henderson",27014,39810,949,67773,"1%"
"North Carolina","Hertford",7077,3470,43,10590,"0%"
"North Carolina","Hoke",11929,9601,349,21879,"0%"
"North Carolina","Hyde",1035,1408,27,2470,"0%"
"North Carolina","Iredell",33426,66439,1411,101276,"1%"
"North Carolina","Jackson",9522,11263,452,21237,"0%"
"North Carolina","Johnston",40861,67901,1484,110246,"1%"
"North Carolina","Jones",2175,3267,42,5484,"3%"
"North Carolina","Lee",12076,16388,387,28851,"2%"
"North Carolina","Lenoir",13494,14500,183,28177,"0%"
"North Carolina","Lincoln",13178,36167,505,49850,"0%"
"North Carolina","Macon",6213,14152,282,20647,"1%"
"North Carolina","Madison",4878,7928,194,13000,"2%"
"North Carolina","Martin",5876,6493,85,12454,"0%"
"North Carolina","McDowell",5807,16839,245,22891,"0%"
"North Carolina","Mecklenburg",375503,178066,9649,563218,"5%"
"North Carolina","Mitchell",1852,7041,67,8960,"5%"
"North Carolina","Montgomery",4305,8363,111,12779,"0%"
"North Carolina","Moore",20547,36459,765,57771,"0%"
"North Carolina","Nash",25702,25653,471,51826,"0%"
"North Carolina","New Hanover",64876,62420,1958,129254,"8%"
"North Carolina","Northampton",6048,3977,50,10075,"0%"
"North Carolina","Onslow",23474,45016,1627,70117,"0%"
"North Carolina","Orange",63097,19993,920,84010,"18%"
"North Carolina","Pamlico",2699,4815,58,7572,"6%"
"North Carolina","Pasquotank",9653,9626,233,19512,"8%"
"North Carolina","Pender",11655,21833,483,33971,"0%"
"North Carolina","Perquimans",2485,4894,78,7457,"5%"
"North Carolina","Person",8416,13104,217,21737,"0%"
"North Carolina","Pitt",46515,38437,1082,86034,"0%"
"North Carolina","Polk",4485,7643,125,12253,"5%"
"North Carolina","Randolph",15506,56589,693,72788,"4%"
"North Carolina","Richmond",8676,11752,169,20597,"0%"
"North Carolina","Robeson",17998,25927,277,44202,"5%"
"North Carolina","Rockingham",15766,30955,432,47153,"0%"
"North Carolina","Rowan",22889,49053,814,72756,"3%"
"North Carolina","Rutherford",9049,24631,396,34076,"4%"
"North Carolina","Sampson",10606,17132,222,27960,"2%"
"North Carolina","Scotland",7137,7399,96,14632,"1%"
"North Carolina","Stanly",8037,25297,290,33624,"4%"
"North Carolina","Stokes",5258,19997,270,25525,"2%"
"North Carolina","Surry",8635,27344,311,36290,"4%"
"North Carolina","Swain",2765,4152,109,7026,"2%"
"North Carolina","Transylvania",8413,11578,262,20253,"3%"
"North Carolina","Tyrrell",757,1043,12,1812,"2%"
"North Carolina","Union",48199,79778,1498,129475,"0%"
"North Carolina","Vance",12412,8385,151,20948,"0%"
"North Carolina","Wake",388686,223466,11897,624049,"5%"
"North Carolina","Warren",6344,3739,124,10207,"0%"
"North Carolina","Washington",3387,2778,26,6191,"2%"
"North Carolina","Watauga",16925,14332,514,31771,"0%"
"North Carolina","Wayne",23986,30505,600,55091,"8%"
"North Carolina","Wilkes",7445,27397,355,35197,"1%"
"North Carolina","Wilson",20579,19473,394,40446,"1%"
"North Carolina","Yadkin",3744,15861,189,19794,"1%"
"North Carolina","Yancey",3678,7481,123,11282,"0%"
"North Dakota","Adams",258,978,30,1266,"13%"
"North Dakota","Barnes",1800,3532,175,5507,"12%"
"North Dakota","Benson",817,1090,45,1952,"20%"
"North Dakota","Billings",72,539,22,633,"8%"
"North Dakota","Bottineau",819,2563,74,3456,"14%"
"North Dakota","Bowman",227,1382,34,1643,"19%"
"North Dakota","Burke",196,1022,114,1332,"5%"
"North Dakota","Burleigh",14226,34588,1651,50465,"8%"
"North Dakota","Cass",40219,42567,3120,85906,"7%"
"North Dakota","Cavalier",474,1499,47,2020,"14%"
"North Dakota","Dickey",602,1732,74,2408,"16%"
"North Dakota","Divide",265,899,33,1197,"14%"
"North Dakota","Dunn",338,1945,45,2328,"9%"
"North Dakota","Eddy",382,851,24,1257,"10%"
"North Dakota","Emmons",237,1735,34,2006,"11%"
"North Dakota","Foster",369,1338,41,1748,"11%"
"North Dakota","Golden Valley",136,870,18,1024,"6%"
"North Dakota","Grand Forks",12856,16963,1096,30915,"0%"
"North Dakota","Grant",207,1132,28,1367,"14%"
"North Dakota","Griggs",308,906,34,1248,"18%"
"North Dakota","Hettinger",195,1086,25,1306,"15%"
"North Dakota","Kidder",221,1206,23,1450,"8%"
"North Dakota","LaMoure",526,1633,47,2206,"11%"
"North Dakota","Logan",125,923,18,1066,"12%"
"North Dakota","McHenry",559,2345,70,2974,"7%"
"North Dakota","McIntosh",259,1147,41,1447,"17%"
"North Dakota","McKenzie",813,4476,123,5412,"0%"
"North Dakota","McLean",1216,4169,106,5491,"9%"
"North Dakota","Mercer",703,3850,115,4668,"13%"
"North Dakota","Morton",3865,12234,504,16603,"8%"
"North Dakota","Mountrail",1251,2806,85,4142,"12%"
"North Dakota","Nelson",585,1139,50,1774,"9%"
"North Dakota","Oliver",127,917,19,1063,"8%"
"North Dakota","Pembina",783,2435,85,3303,"11%"
"North Dakota","Pierce",569,1637,172,2378,"4%"
"North Dakota","Ramsey",1636,3570,156,5362,"11%"
"North Dakota","Ransom",942,1411,90,2443,"11%"
"North Dakota","Renville",218,1053,34,1305,"11%"
"North Dakota","Richland",2495,5035,227,7757,"10%"
"North Dakota","Rolette",2475,1253,63,3791,"27%"
"North Dakota","Sargent",812,1286,215,2313,"0%"
"North Dakota","Sheridan",104,688,20,812,"13%"
"North Dakota","Sioux",804,257,124,1185,"16%"
"North Dakota","Slope",44,379,3,426,"14%"
"North Dakota","Stark",2490,12091,438,15019,"0%"
"North Dakota","Steele",392,649,44,1085,"8%"
"North Dakota","Stutsman",2670,6981,288,9939,"0%"
"North Dakota","Towner",317,828,27,1172,"12%"
"North Dakota","Traill",1491,2519,121,4131,"8%"
"North Dakota","Walsh",1329,3309,124,4762,"12%"
"North Dakota","Ward",7264,19921,974,28159,"10%"
"North Dakota","Wells",442,1891,39,2372,"13%"
"North Dakota","Williams",2157,11707,421,14285,"2%"
"Nebraska","Adams",4171,9993,348,14512,"4%"
"Nebraska","Antelope",449,3076,36,3561,"3%"
"Nebraska","Arthur",21,260,3,284,"7%"
"Nebraska","Banner",43,362,5,410,"10%"
"Nebraska","Blaine",35,280,2,317,"11%"
"Nebraska","Boone",499,2653,65,3217,"1%"
"Nebraska","Box Butte",1037,3920,124,5081,"8%"
"Nebraska","Boyd",135,1006,8,1149,"11%"
"Nebraska","Brown",190,1468,18,1676,"6%"
"Nebraska","Buffalo",6292,16473,709,23474,"0%"
"Nebraska","Burt",1061,2560,88,3709,"7%"
"Nebraska","Butler",869,3526,83,4478,"0%"
"Nebraska","Cass",4364,9296,411,14071,"0%"
"Nebraska","Cedar",725,4174,97,4996,"0%"
"Nebraska","Chase",226,1714,27,1967,"7%"
"Nebraska","Cherry",367,2838,47,3252,"7%"
"Nebraska","Cheyenne",851,3782,97,4730,"10%"
"Nebraska","Clay",631,2840,78,3549,"1%"
"Nebraska","Colfax",1024,2635,65,3724,"0%"
"Nebraska","Cuming",862,3476,74,4412,"3%"
"Nebraska","Custer",768,4996,113,5877,"7%"
"Nebraska","Dakota",2696,3869,122,6687,"5%"
"Nebraska","Dawes",1076,2919,107,4102,"1%"
"Nebraska","Dawson",2484,6487,169,9140,"5%"
"Nebraska","Deuel",153,901,28,1082,"5%"
"Nebraska","Dixon",651,2335,97,3083,"1%"
"Nebraska","Dodge",5526,10963,391,16880,"3%"
"Nebraska","Douglas",141140,112354,4928,258422,"4%"
"Nebraska","Dundy",105,883,11,999,"9%"
"Nebraska","Fillmore",691,2333,81,3105,"6%"
"Nebraska","Franklin",276,1434,11,1721,"8%"
"Nebraska","Frontier",185,1207,22,1414,"5%"
"Nebraska","Furnas",397,2155,37,2589,"1%"
"Nebraska","Gage",3373,7397,237,11007,"2%"
"Nebraska","Garden",161,1016,18,1195,"2%"
"Nebraska","Garfield",133,925,9,1067,"3%"
"Nebraska","Gosper",215,893,10,1118,"1%"
"Nebraska","Grant",20,373,7,400,"12%"
"Nebraska","Greeley",228,1015,13,1256,"5%"
"Nebraska","Hall",7551,15950,498,23999,"3%"
"Nebraska","Hamilton",1117,4297,106,5520,"1%"
"Nebraska","Harlan",282,1615,31,1928,"6%"
"Nebraska","Hayes",34,492,6,532,"12%"
"Nebraska","Hitchcock",174,1260,30,1464,"12%"
"Nebraska","Holt",678,4717,82,5477,"4%"
"Nebraska","Hooker",59,376,7,442,"5%"
"Nebraska","Howard",648,2786,67,3501,"0%"
"Nebraska","Jefferson",1009,2593,84,3686,"6%"
"Nebraska","Johnson",646,1517,64,2227,"5%"
"Nebraska","Kearney",699,2812,80,3591,"3%"
"Nebraska","Keith",760,3525,56,4341,"4%"
"Nebraska","Keya Paha",49,476,4,529,"9%"
"Nebraska","Kimball",267,1553,40,1860,"1%"
"Nebraska","Knox",903,3719,71,4693,"0%"
"Nebraska","Lancaster",80513,68321,4197,153031,"0%"
"Nebraska","Lincoln",3655,12887,384,16926,"7%"
"Nebraska","Logan",38,407,5,450,"11%"
"Nebraska","Loup",75,370,9,454,"0%"
"Nebraska","Madison",3393,11678,336,15407,"3%"
"Nebraska","McPherson",17,274,10,301,"0%"
"Nebraska","Merrick",740,3407,120,4267,"0%"
"Nebraska","Morrill",386,2113,58,2557,"0%"
"Nebraska","Nance",358,1430,32,1820,"0%"
"Nebraska","Nemaha",911,2396,74,3381,"6%"
"Nebraska","Nuckolls",409,1850,37,2296,"7%"
"Nebraska","Otoe",2481,5609,216,8306,"0%"
"Nebraska","Pawnee",322,1069,36,1427,"5%"
"Nebraska","Perkins",199,1316,25,1540,"6%"
"Nebraska","Phelps",749,4131,99,4979,"5%"
"Nebraska","Pierce",480,3462,64,4006,"1%"
"Nebraska","Platte",3208,11827,221,15256,"6%"
"Nebraska","Polk",527,2286,57,2870,"1%"
"Nebraska","Red Willow",811,4525,116,5452,"6%"
"Nebraska","Richardson",981,2981,56,4018,"6%"
"Nebraska","Rock",84,741,13,838,"6%"
"Nebraska","Saline",1737,3458,141,5336,"7%"
"Nebraska","Sarpy",41029,51518,2862,95409,"0%"
"Nebraska","Saunders",3318,9036,292,12646,"0%"
"Nebraska","Scotts Bluff",4133,10810,346,15289,"5%"
"Nebraska","Seward",2430,6424,211,9065,"0%"
"Nebraska","Sheridan",340,2292,40,2672,"9%"
"Nebraska","Sherman",341,1306,33,1680,"5%"
"Nebraska","Sioux",72,640,15,727,"12%"
"Nebraska","Stanton",532,2561,72,3165,"0%"
"Nebraska","Thayer",619,2285,47,2951,"2%"
"Nebraska","Thomas",45,377,5,427,"7%"
"Nebraska","Thurston",1107,1164,23,2294,"7%"
"Nebraska","Valley",410,1892,31,2333,"6%"
"Nebraska","Washington",3547,8533,272,12352,"0%"
"Nebraska","Wayne",1022,3055,123,4200,"1%"
"Nebraska","Webster",335,1511,30,1876,"4%"
"Nebraska","Wheeler",59,437,5,501,"4%"
"Nebraska","York",1619,5296,174,7089,"1%"
"New Hampshire","Belknap",16857,20870,660,38387,"NA%"
"New Hampshire","Carroll",16618,16065,428,33111,"NA%"
"New Hampshire","Cheshire",23474,16120,747,40341,"NA%"
"New Hampshire","Coos",7625,8611,271,16507,"NA%"
"New Hampshire","Grafton",33168,19903,904,53975,"NA%"
"New Hampshire","Hillsborough",120032,104553,5946,230531,"NA%"
"New Hampshire","Merrimack",48447,39389,1591,89427,"NA%"
"New Hampshire","Rockingham",99974,95858,2890,198722,"NA%"
"New Hampshire","Strafford",41663,30486,1497,73646,"NA%"
"New Hampshire","Sullivan",12360,11490,485,24335,"NA%"
"New Jersey","Atlantic",61032,51884,1594,114510,"15%"
"New Jersey","Bergen",239742,160488,5508,405738,"16%"
"New Jersey","Burlington",126131,74502,2999,203632,"19%"
"New Jersey","Camden",105963,40258,1752,147973,"43%"
"New Jersey","Cape May",22713,31498,734,54945,"2%"
"New Jersey","Cumberland",15440,9974,257,25671,"60%"
"New Jersey","Essex",224615,63971,2519,291105,"19%"
"New Jersey","Gloucester",84120,80700,3273,168093,"0%"
"New Jersey","Hudson",141997,45160,2364,189521,"25%"
"New Jersey","Hunterdon",34597,34320,1434,70351,"14%"
"New Jersey","Mercer",98338,38339,2207,138884,"23%"
"New Jersey","Middlesex",141137,70095,2268,213500,"43%"
"New Jersey","Monmouth",129974,116551,2830,249355,"31%"
"New Jersey","Morris",73790,54392,1958,130140,"55%"
"New Jersey","Ocean",104552,180820,4179,289551,"8%"
"New Jersey","Passaic",78552,49256,1514,129322,"42%"
"New Jersey","Salem",11613,13992,473,26078,"23%"
"New Jersey","Somerset",87411,51400,1842,140653,"22%"
"New Jersey","Sussex",26115,33253,1212,60580,"29%"
"New Jersey","Union",88984,32422,1360,122766,"17%"
"New Jersey","Warren",17750,20991,757,39498,"30%"
"New Mexico","Bernalillo",192042,115674,7616,315332,"0%"
"New Mexico","Catron",580,1672,32,2284,"0%"
"New Mexico","Chaves",6379,15646,406,22431,"0%"
"New Mexico","Cibola",4668,3946,177,8791,"0%"
"New Mexico","Colfax",2611,3271,134,6016,"9%"
"New Mexico","Curry",4179,10303,330,14812,"0%"
"New Mexico","DeBaca",231,654,14,899,"0%"
"New Mexico","Dona Ana",47919,32760,1877,82556,"0%"
"New Mexico","Eddy",5343,17356,340,23039,"0%"
"New Mexico","Grant",7538,6528,291,14357,"3%"
"New Mexico","Guadalupe",1229,912,38,2179,"0%"
"New Mexico","Harding",179,319,7,505,"22%"
"New Mexico","Hidalgo",812,1105,31,1948,"6%"
"New Mexico","Lea",4007,16475,323,20805,"0%"
"New Mexico","Lincoln",3139,6872,165,10176,"0%"
"New Mexico","Los Alamos",7363,4230,445,12038,"4%"
"New Mexico","Luna",3563,4406,132,8101,"0%"
"New Mexico","McKinley",17684,7597,645,25926,"0%"
"New Mexico","Mora",1744,902,37,2683,"11%"
"New Mexico","Otero",8477,14514,565,23556,"0%"
"New Mexico","Quay",1170,2634,69,3873,"3%"
"New Mexico","Rio Arriba",13597,7255,269,21121,"1%"
"New Mexico","Roosevelt",1799,4629,172,6600,"0%"
"New Mexico","San Juan",17991,32807,1327,52125,"2%"
"New Mexico","San Miguel",7822,3406,219,11447,"14%"
"New Mexico","Sandoval",40307,34048,1787,76142,"0%"
"New Mexico","Santa Fe",61629,18236,1348,81213,"1%"
"New Mexico","Sierra",2264,3541,138,5943,"0%"
"New Mexico","Socorro",3686,3242,183,7111,"0%"
"New Mexico","Taos",12816,3638,336,16790,"5%"
"New Mexico","Torrance",2327,4756,164,7247,"0%"
"New Mexico","Union",381,1381,18,1780,"6%"
"New Mexico","Valencia",14051,17245,643,31939,"0%"
"Nevada","Carson City",11775,14846,727,27348,"12%"
"Nevada","Churchill",2862,8916,417,12195,"10%"
"Nevada","Clark",431863,367279,14051,813193,"12%"
"Nevada","Douglas",9727,17985,626,28338,"18%"
"Nevada","Elko",4246,15726,603,20575,"11%"
"Nevada","Esmeralda",72,389,13,474,"10%"
"Nevada","Eureka",92,833,17,942,"0%"
"Nevada","Humboldt",1608,5531,185,7324,"8%"
"Nevada","Lander",477,2107,64,2648,"11%"
"Nevada","Lincoln",318,1949,45,2312,"13%"
"Nevada","Lyon",8256,20288,825,29369,"0%"
"Nevada","Mineral",759,1343,77,2179,"12%"
"Nevada","Nye",6435,15418,423,22276,"8%"
"Nevada","Pershing",525,1668,39,2232,"9%"
"Nevada","Storey",899,1903,66,2868,"10%"
"Nevada","Washoe",123501,113394,6986,243881,"6%"
"Nevada","White Pine",836,3238,103,4177,"11%"
"New York","Albany",73189,45570,2770,121529,"22%"
"New York","Allegany",4188,12670,413,17271,"18%"
"New York","Bronx",271835,55849,1954,329638,"26%"
"New York","Brooklyn",514133,174731,5073,693937,"23%"
"New York","Broome",32209,38296,1746,72251,"25%"
"New York","Cattaraugus",9142,20295,614,30051,"14%"
"New York","Cayuga",11993,17639,664,30296,"18%"
"New York","Chautauqua",16200,31247,981,48428,"20%"
"New York","Chemung",11573,19388,685,31646,"22%"
"New York","Chenango",5126,11736,379,17241,"24%"
"New York","Clinton",12690,14354,427,27471,"24%"
"New York","Columbia",14148,12883,506,27537,"20%"
"New York","Cortland",6829,9484,387,16700,"26%"
"New York","Delaware",6420,11952,340,18712,"16%"
"New York","Dutchess",57720,59661,2158,119539,"15%"
"New York","Erie",198808,178349,6795,383952,"19%"
"New York","Essex",6970,7953,262,15185,"21%"
"New York","Franklin",6586,8530,281,15397,"19%"
"New York","Fulton",5804,13989,360,20153,"15%"
"New York","Genesee",7048,17340,616,25004,"16%"
"New York","Greene",7675,12722,485,20882,"15%"
"New York","Hamilton",863,1917,45,2825,"22%"
"New York","Herkimer",7282,17038,446,24766,"16%"
"New York","Jefferson",12053,22779,698,35530,"17%"
"New York","Lewis",2768,7931,179,10878,"14%"
"New York","Livingston",9150,16575,608,26333,"22%"
"New York","Madison",10417,16553,728,27698,"18%"
"New York","Manhattan",377605,65001,4255,446861,"40%"
"New York","Monroe",146299,122799,6834,275932,"29%"
"New York","Montgomery",5746,11500,369,17615,"12%"
"New York","Nassau",280288,286661,5757,572706,"12%"
"New York","Niagara",34809,51355,1657,87821,"15%"
"New York","Oneida",30542,51950,1607,84099,"17%"
"New York","Onondaga",93850,78994,3954,176798,"24%"
"New York","Ontario",20779,25757,1294,47830,"18%"
"New York","Orange",61868,76218,1870,139956,"18%"
"New York","Orleans",4082,11173,370,15625,"15%"
"New York","Oswego",14677,28914,955,44546,"17%"
"New York","Otsego",9138,12682,520,22340,"22%"
"New York","Putnam",17106,25899,656,43661,"20%"
"New York","Queens",769135,173304,4133,946572,"0%"
"New York","Rensselaer",30450,33371,1464,65285,"19%"
"New York","Rockland",50926,63830,1268,116024,"23%"
"New York","Saint Lawrence",13036,21862,621,35519,"18%"
"New York","Saratoga",49697,55248,2638,107583,"16%"
"New York","Schenectady",31685,27544,1362,60591,"20%"
"New York","Schoharie",4006,9010,358,13374,"15%"
"New York","Schuyler",2858,5181,181,8220,"16%"
"New York","Seneca",5076,7582,296,12954,"17%"
"New York","Staten Island",67223,110094,1434,178751,"12%"
"New York","Steuben",11299,26781,717,38797,"18%"
"New York","Suffolk",258007,333100,7022,598129,"22%"
"New York","Sullivan",10995,15555,381,26931,"20%"
"New York","Tioga",6724,13292,495,20511,"18%"
"New York","Tompkins",21643,8522,686,30851,"35%"
"New York","Ulster",42606,33580,1481,77667,"19%"
"New York","Warren",11811,15200,614,27625,"21%"
"New York","Washington",8537,14577,493,23607,"14%"
"New York","Wayne",12799,23734,892,37425,"16%"
"New York","Westchester",400881,217725,6712,625318,"1%"
"New York","Wyoming",3840,12969,353,17162,"11%"
"New York","Yates",3046,5552,219,8817,"22%"
"Ohio","Adams",2130,9660,115,11905,"4%"
"Ohio","Allen",13611,32052,699,46362,"5%"
"Ohio","Ashland",6448,19002,433,25883,"0%"
"Ohio","Ashtabula",16207,26225,821,43253,"0%"
"Ohio","Athens",14047,10386,443,24876,"0%"
"Ohio","Auglaize",4583,20451,362,25396,"0%"
"Ohio","Belmont",9007,23092,435,32534,"2%"
"Ohio","Brown",4326,16032,228,20586,"0%"
"Ohio","Butler",67729,111722,2583,182034,"8%"
"Ohio","Carroll",3206,10525,226,13957,"0%"
"Ohio","Champaign",4946,14086,337,19369,"0%"
"Ohio","Clark",23625,38217,1028,62870,"8%"
"Ohio","Clermont",33505,73077,1949,108531,"4%"
"Ohio","Clinton",4556,15061,323,19940,"0%"
"Ohio","Columbiana",13183,35124,862,49169,"0%"
"Ohio","Coshocton",4057,11982,309,16348,"0%"
"Ohio","Crawford",4831,15043,348,20222,"0%"
"Ohio","Cuyahoga",402315,195089,7864,605268,"18%"
"Ohio","Darke",4668,21569,384,26621,"0%"
"Ohio","Defiance",5870,12778,384,19032,"1%"
"Ohio","Delaware",56961,65163,1880,124004,"0%"
"Ohio","Erie",17142,21724,657,39523,"12%"
"Ohio","Fairfield",30634,49714,1243,81591,"2%"
"Ohio","Fayette",2911,9220,174,12305,"0%"
"Ohio","Franklin",391584,203154,11284,606022,"9%"
"Ohio","Fulton",6545,15396,358,22299,"0%"
"Ohio","Gallia",2911,10289,158,13358,"2%"
"Ohio","Geauga",20980,33581,820,55381,"0%"
"Ohio","Greene",34023,50937,1656,86616,"1%"
"Ohio","Guernsey",4498,13077,231,17806,"0%"
"Ohio","Hamilton",238101,173015,6458,417574,"13%"
"Ohio","Hancock",11535,25796,668,37999,"7%"
"Ohio","Hardin",3025,9698,231,12954,"1%"
"Ohio","Harrison",1742,5668,90,7500,"0%"
"Ohio","Henry",3995,10273,214,14482,"4%"
"Ohio","Highland",3741,15369,193,19303,"0%"
"Ohio","Hocking",3836,9554,396,13786,"0%"
"Ohio","Holmes",1981,10645,183,12809,"0%"
"Ohio","Huron",7643,18537,448,26628,"0%"
"Ohio","Jackson",3193,10804,163,14160,"0%"
"Ohio","Jefferson",9823,22309,440,32572,"6%"
"Ohio","Knox",8433,21825,445,30703,"0%"
"Ohio","Lake",54337,71615,1915,127867,"5%"
"Ohio","Lawrence",7353,19759,315,27427,"1%"
"Ohio","Licking",32324,57965,1541,91830,"3%"
"Ohio","Logan",4990,17625,370,22985,"0%"
"Ohio","Lorain",72792,76719,2477,151988,"7%"
"Ohio","Lucas",111989,79628,3265,194882,"19%"
"Ohio","Madison",5558,13445,306,19309,"0%"
"Ohio","Mahoning",56346,58601,1618,116565,"0%"
"Ohio","Marion",8089,18526,511,27126,"0%"
"Ohio","Medina",39326,63451,1601,104378,"0%"
"Ohio","Meigs",2452,8163,149,10764,"0%"
"Ohio","Mercer",3981,19145,300,23426,"0%"
"Ohio","Miami",15420,40531,1017,56968,"0%"
"Ohio","Monroe",1597,5392,77,7066,"0%"
"Ohio","Montgomery",131592,126085,4883,262560,"14%"
"Ohio","Morgan",1703,4932,86,6721,"0%"
"Ohio","Morrow",3988,13784,316,18088,"0%"
"Ohio","Muskingum",11755,27334,604,39693,"0%"
"Ohio","Noble",1156,5024,41,6221,"0%"
"Ohio","Ottawa",8847,14285,393,23525,"1%"
"Ohio","Paulding",2172,6927,181,9280,"0%"
"Ohio","Perry",4006,11959,214,16179,"0%"
"Ohio","Pickaway",7167,20059,404,27630,"0%"
"Ohio","Pike",3051,8872,140,12063,"2%"
"Ohio","Portage",34935,45034,1311,81280,"0%"
"Ohio","Preble",4435,16697,305,21437,"0%"
"Ohio","Putnam",3152,16218,301,19671,"1%"
"Ohio","Richland",17231,40534,836,58601,"4%"
"Ohio","Ross",10345,21687,499,32531,"0%"
"Ohio","Sandusky",10391,18487,612,29490,"3%"
"Ohio","Scioto",8876,21926,344,31146,"5%"
"Ohio","Seneca",8147,16739,436,25322,"5%"
"Ohio","Shelby",4399,19988,398,24785,"0%"
"Ohio","Stark",74336,108610,2768,185714,"10%"
"Ohio","Summit",148151,122023,4594,274768,"10%"
"Ohio","Trumbull",43534,53756,1387,98677,"0%"
"Ohio","Tuscarawas",12643,29519,658,42820,"2%"
"Ohio","Union",10985,21233,620,32838,"3%"
"Ohio","Van Wert",3026,11470,271,14767,"0%"
"Ohio","Vinton",1306,4525,71,5902,"0%"
"Ohio","Warren",45040,85069,2282,132391,"0%"
"Ohio","Washington",9114,21798,470,31382,"1%"
"Ohio","Wayne",24040,33618,684,58342,"0%"
"Ohio","Williams",4726,13218,346,18290,"0%"
"Ohio","Wood",29797,34815,1248,65860,"3%"
"Ohio","Wyandot",2690,8248,184,11122,"0%"
"Oklahoma","Adair",1382,5560,136,7078,"0%"
"Oklahoma","Alfalfa",231,1978,52,2261,"6%"
"Oklahoma","Atoka",761,4543,67,5371,"0%"
"Oklahoma","Beaver",190,1964,20,2174,"12%"
"Oklahoma","Beckham",1048,6753,132,7933,"0%"
"Oklahoma","Blaine",688,3133,77,3898,"3%"
"Oklahoma","Bryan",3317,12319,308,15944,"0%"
"Oklahoma","Caddo",2666,7006,176,9848,"0%"
"Oklahoma","Canadian",16729,43481,1647,61857,"0%"
"Oklahoma","Carter",4470,14699,310,19479,"2%"
"Oklahoma","Cherokee",6023,11210,464,17697,"0%"
"Oklahoma","Choctaw",1081,4696,52,5829,"0%"
"Oklahoma","Cimarron",70,966,14,1050,"18%"
"Oklahoma","Cleveland",49754,66569,3268,119591,"2%"
"Oklahoma","Coal",373,2091,59,2523,"0%"
"Oklahoma","Comanche",13743,20894,979,35616,"0%"
"Oklahoma","Cotton",393,2117,62,2572,"6%"
"Oklahoma","Craig",1217,4686,129,6032,"1%"
"Oklahoma","Creek",6570,23269,634,30473,"0%"
"Oklahoma","Custer",2365,8051,261,10677,"8%"
"Oklahoma","Delaware",3470,13532,216,17218,"0%"
"Oklahoma","Dewey",213,2121,21,2355,"2%"
"Oklahoma","Ellis",162,1686,23,1871,"4%"
"Oklahoma","Garfield",4915,16956,541,22412,"0%"
"Oklahoma","Garvin",1864,8863,178,10905,"2%"
"Oklahoma","Grady",4131,18499,417,23047,"0%"
"Oklahoma","Grant",280,1916,30,2226,"5%"
"Oklahoma","Greer",328,1604,40,1972,"1%"
"Oklahoma","Harmon",177,747,9,933,"11%"
"Oklahoma","Harper",136,1324,24,1484,"7%"
"Oklahoma","Haskell",782,4158,66,5006,"0%"
"Oklahoma","Hughes",919,3875,63,4857,"0%"
"Oklahoma","Jackson",1645,6391,183,8219,"3%"
"Oklahoma","Jefferson",319,2023,40,2382,"4%"
"Oklahoma","Johnston",736,3431,72,4239,"0%"
"Oklahoma","Kay",4037,12829,374,17240,"0%"
"Oklahoma","Kingfisher",853,5514,90,6457,"1%"
"Oklahoma","Kiowa",699,2667,55,3421,"7%"
"Oklahoma","Latimer",762,3435,50,4247,"0%"
"Oklahoma","LeFlore",3296,15199,292,18787,"0%"
"Oklahoma","Lincoln",2607,11996,266,14869,"0%"
"Oklahoma","Logan",5452,15596,510,21558,"0%"
"Oklahoma","Love",711,3301,60,4072,"0%"
"Oklahoma","Major",320,3082,63,3465,"3%"
"Oklahoma","Marshall",1099,4887,73,6059,"0%"
"Oklahoma","Mayes",3580,12743,296,16619,"0%"
"Oklahoma","McClain",3581,15264,356,19201,"0%"
"Oklahoma","McCurtain",1856,9478,124,11458,"0%"
"Oklahoma","McIntosh",2024,6152,132,8308,"1%"
"Oklahoma","Murray",1156,4610,126,5892,"0%"
"Oklahoma","Muskogee",8013,16495,527,25035,"0%"
"Oklahoma","Noble",1000,3816,114,4930,"5%"
"Oklahoma","Nowata",712,3610,69,4391,"1%"
"Oklahoma","Okfuskee",889,3046,84,4019,"3%"
"Oklahoma","Oklahoma",141587,144916,7957,294460,"0%"
"Oklahoma","Okmulgee",4352,9651,286,14289,"3%"
"Oklahoma","Osage",5998,14107,415,20520,"0%"
"Oklahoma","Ottawa",2684,8545,207,11436,"0%"
"Oklahoma","Pawnee",1362,5256,156,6774,"0%"
"Oklahoma","Payne",10881,17778,924,29583,"3%"
"Oklahoma","Pittsburg",3766,13829,305,17900,"0%"
"Oklahoma","Pontotoc",4116,10784,398,15298,"6%"
"Oklahoma","Pottawatomie",7274,20224,669,28167,"0%"
"Oklahoma","Pushmataha",668,4015,55,4738,"0%"
"Oklahoma","Roger Mills",168,1626,37,1831,"1%"
"Oklahoma","Rogers",9578,33988,932,44498,"0%"
"Oklahoma","Seminole",2150,6008,176,8334,"1%"
"Oklahoma","Sequoyah",3035,12113,238,15386,"0%"
"Oklahoma","Stephens",3151,15552,343,19046,"0%"
"Oklahoma","Texas",894,4504,122,5520,"11%"
"Oklahoma","Tillman",597,2076,35,2708,"5%"
"Oklahoma","Tulsa",108813,150266,7085,266164,"4%"
"Oklahoma","Wagoner",8439,26058,707,35204,"0%"
"Oklahoma","Washington",5790,17069,634,23493,"0%"
"Oklahoma","Washita",596,4078,93,4767,"4%"
"Oklahoma","Woods",590,2989,94,3673,"9%"
"Oklahoma","Woodward",1005,6607,169,7781,"4%"
"Oregon","Baker",2332,7316,230,9878,"1%"
"Oregon","Benton",35438,14647,2049,52134,"6%"
"Oregon","Clackamas",114121,78503,4908,197532,"19%"
"Oregon","Clatsop",12295,9713,750,22758,"0%"
"Oregon","Columbia",13535,16779,1204,31518,"0%"
"Oregon","Coos",14024,21488,972,36484,"0%"
"Oregon","Crook",3715,11103,347,15165,"2%"
"Oregon","Curry",6023,8441,379,14843,"0%"
"Oregon","Deschutes",64102,54183,3447,121732,"0%"
"Oregon","Douglas",18780,42513,1814,63107,"0%"
"Oregon","Gilliam",323,830,19,1172,"2%"
"Oregon","Grant",923,3537,117,4577,"0%"
"Oregon","Harney",890,3465,110,4465,"1%"
"Oregon","Hood River",8530,3858,357,12745,"0%"
"Oregon","Jackson",58386,63012,3786,125184,"0%"
"Oregon","Jefferson",4306,7044,316,11666,"0%"
"Oregon","Josephine",17908,30954,1343,50205,"1%"
"Oregon","Klamath",10260,25048,1023,36331,"0%"
"Oregon","Lake",788,3449,99,4336,"3%"
"Oregon","Lane",132015,79208,7298,218521,"0%"
"Oregon","Lincoln",17248,12336,857,30441,"0%"
"Oregon","Linn",25893,42708,2547,71148,"0%"
"Oregon","Malheur",3202,8101,350,11653,"2%"
"Oregon","Marion",73281,71107,4621,149009,"4%"
"Oregon","Morrow",1345,3557,158,5060,"0%"
"Oregon","Multnomah",360326,80986,12934,454246,"0%"
"Oregon","Polk",22431,23259,1589,47279,"0%"
"Oregon","Sherman",257,914,26,1197,"0%"
"Oregon","Tillamook",7956,8306,463,16725,"0%"
"Oregon","Umatilla",10499,21002,1038,32539,"0%"
"Oregon","Union",4227,10247,388,14862,"0%"
"Oregon","Wallowa",1619,3390,119,5128,"0%"
"Oregon","Wasco",6467,6965,472,13904,"0%"
"Oregon","Washington",193029,90662,9831,293522,"4%"
"Oregon","Wheeler",216,710,37,963,"0%"
"Oregon","Yamhill",25296,27494,1977,54767,"1%"
"Pennsylvania","Adams",17919,37009,886,55814,"0%"
"Pennsylvania","Allegheny",396042,267838,10367,674247,"6%"
"Pennsylvania","Armstrong",7130,26105,389,33624,"6%"
"Pennsylvania","Beaver",37389,53886,1492,92767,"4%"
"Pennsylvania","Bedford",4266,22529,223,27018,"0%"
"Pennsylvania","Berks",89530,105941,3332,198803,"7%"
"Pennsylvania","Blair",17251,44540,744,62535,"2%"
"Pennsylvania","Bradford",7729,21037,551,29317,"0%"
"Pennsylvania","Bucks",191104,179299,4802,375205,"6%"
"Pennsylvania","Butler",36534,73023,1460,111017,"1%"
"Pennsylvania","Cambria",21293,47386,906,69585,"5%"
"Pennsylvania","Cameron",634,1771,35,2440,"1%"
"Pennsylvania","Carbon",10989,21595,452,33036,"0%"
"Pennsylvania","Centre",39711,36041,1340,77092,"13%"
"Pennsylvania","Chester",177408,126446,4719,308573,"1%"
"Pennsylvania","Clarion",4615,14363,256,19234,"6%"
"Pennsylvania","Clearfield",9598,28984,542,39124,"0%"
"Pennsylvania","Clinton",5406,11668,247,17321,"1%"
"Pennsylvania","Columbia",10289,19752,628,30669,"0%"
"Pennsylvania","Crawford",10052,26439,516,37007,"13%"
"Pennsylvania","Cumberland",61168,76149,2394,139711,"1%"
"Pennsylvania","Dauphin",77125,65074,2340,144539,"0%"
"Pennsylvania","Delaware",184648,111046,3537,299231,"14%"
"Pennsylvania","Elk",4440,11931,278,16649,"0%"
"Pennsylvania","Erie",66966,65647,2312,134925,"6%"
"Pennsylvania","Fayette",19381,39887,507,59775,"2%"
"Pennsylvania","Forest",715,1864,42,2621,"0%"
"Pennsylvania","Franklin",21994,56565,1232,79791,"2%"
"Pennsylvania","Fulton",1068,6660,79,7807,"0%"
"Pennsylvania","Greene",3631,11637,156,15424,"13%"
"Pennsylvania","Huntingdon",5389,16937,331,22657,"0%"
"Pennsylvania","Indiana",12475,27832,528,40835,"7%"
"Pennsylvania","Jefferson",4498,17928,373,22799,"0%"
"Pennsylvania","Juniata",2252,9638,157,12047,"0%"
"Pennsylvania","Lackawanna",61001,51396,1347,113744,"0%"
"Pennsylvania","Lancaster",112536,156938,4053,273527,"2%"
"Pennsylvania","Lawrence",15557,29071,589,45217,"4%"
"Pennsylvania","Lebanon",23263,45781,1156,70200,"2%"
"Pennsylvania","Lehigh",79879,75560,1823,157262,"16%"
"Pennsylvania","Luzerne",62983,84649,1471,149103,"5%"
"Pennsylvania","Lycoming",16718,40878,866,58462,"0%"
"Pennsylvania","McKean",5024,13892,279,19195,"0%"
"Pennsylvania","Mercer",14425,32213,607,47245,"22%"
"Pennsylvania","Mifflin",4560,16532,225,21317,"0%"
"Pennsylvania","Monroe",31261,33168,898,65327,"19%"
"Pennsylvania","Montgomery",313543,182907,5111,501561,"1%"
"Pennsylvania","Montour",3768,5842,202,9812,"1%"
"Pennsylvania","Northampton",83401,82548,2411,168360,"0%"
"Pennsylvania","Northumberland",12414,28412,734,41560,"0%"
"Pennsylvania","Perry",5704,17879,449,24032,"0%"
"Pennsylvania","Philadelphia",509491,119287,5814,634592,"11%"
"Pennsylvania","Pike",12845,18951,321,32117,"0%"
"Pennsylvania","Potter",1686,7117,98,8901,"0%"
"Pennsylvania","Schuylkill",20425,48100,1124,69649,"2%"
"Pennsylvania","Snyder",4848,13816,281,18945,"0%"
"Pennsylvania","Somerset",8543,31105,445,40093,"1%"
"Pennsylvania","Sullivan",902,2595,53,3550,"0%"
"Pennsylvania","Susquehanna",6084,14878,362,21324,"0%"
"Pennsylvania","Tioga",4883,15503,409,20795,"0%"
"Pennsylvania","Union",7302,12175,355,19832,"2%"
"Pennsylvania","Venango",7475,18286,437,26198,"1%"
"Pennsylvania","Warren",5987,14020,394,20401,"2%"
"Pennsylvania","Washington",44231,71072,1557,116860,"1%"
"Pennsylvania","Wayne",9118,18444,314,27876,"0%"
"Pennsylvania","Westmoreland",69110,127316,2716,199142,"6%"
"Pennsylvania","Wyoming",4642,9819,255,14716,"1%"
"Pennsylvania","York",85323,143260,4150,232733,"3%"
"Rhode Island","Bristol",17549,9501,448,27498,"NA%"
"Rhode Island","Kent",47748,41249,1416,90413,"NA%"
"Rhode Island","Newport",28610,15417,668,44695,"NA%"
"Rhode Island","Providence",160165,100537,3619,264321,"NA%"
"Rhode Island","Washington",43001,29293,1182,73476,"NA%"
"South Carolina","Abbeville",5106,9343,103,14552,"2%"
"South Carolina","Aiken",32257,51554,1319,85130,"0%"
"South Carolina","Allendale",2714,831,40,3585,"15%"
"South Carolina","Anderson",27055,67286,1352,95693,"0%"
"South Carolina","Bamberg",4003,2413,54,6470,"7%"
"South Carolina","Barnwell",4717,5487,109,10313,"4%"
"South Carolina","Beaufort",43231,52954,1212,97397,"0%"
"South Carolina","Berkeley",45126,57285,1836,104247,"1%"
"South Carolina","Calhoun",3903,4302,81,8286,"2%"
"South Carolina","Charleston",121084,92952,4054,218090,"0%"
"South Carolina","Cherokee",6980,18040,244,25264,"3%"
"South Carolina","Chester",6941,8657,156,15754,"0%"
"South Carolina","Chesterfield",7427,11279,148,18854,"2%"
"South Carolina","Clarendon",8250,8359,122,16731,"0%"
"South Carolina","Colleton",8568,10396,241,19205,"0%"
"South Carolina","Darlington",15199,16808,364,32371,"0%"
"South Carolina","Dillon",6435,6578,83,13096,"1%"
"South Carolina","Dorchester",33745,41817,1533,77095,"0%"
"South Carolina","Edgefield",4953,8183,167,13303,"0%"
"South Carolina","Fairfield",7369,4619,128,12116,"0%"
"South Carolina","Florence",30792,32304,717,63813,"0%"
"South Carolina","Georgetown",15787,20431,355,36573,"0%"
"South Carolina","Greenville",102640,149253,5058,256951,"0%"
"South Carolina","Greenwood",12090,19366,430,31886,"0%"
"South Carolina","Hampton",5310,3893,76,9279,"1%"
"South Carolina","Horry",58689,118228,1713,178630,"0%"
"South Carolina","Jasper",7162,7065,662,14889,"0%"
"South Carolina","Kershaw",12690,20458,459,33607,"0%"
"South Carolina","Lancaster",18824,30146,613,49583,"0%"
"South Carolina","Laurens",10141,19969,324,30434,"5%"
"South Carolina","Lee",5308,2997,92,8397,"0%"
"South Carolina","Lexington",49206,92594,2437,144237,"2%"
"South Carolina","Marion",8846,5694,121,14661,"4%"
"South Carolina","Marlboro",6277,5027,111,11415,"0%"
"South Carolina","McCormick",2685,2958,52,5695,"0%"
"South Carolina","Newberry",6926,11418,230,18574,"0%"
"South Carolina","Oconee",10396,29641,555,40592,"1%"
"South Carolina","Orangeburg",27250,13586,307,41143,"6%"
"South Carolina","Pickens",13625,42759,991,57375,"4%"
"South Carolina","Richland",132384,58235,2930,193549,"4%"
"South Carolina","Saluda",2948,6179,101,9228,"0%"
"South Carolina","Spartanburg",52592,92562,2155,147309,"0%"
"South Carolina","Sumter",27297,20951,539,48787,"0%"
"South Carolina","Union",4934,8182,139,13255,"0%"
"South Carolina","Williamsburg",10282,5523,164,15969,"0%"
"South Carolina","York",58094,80501,2257,140852,"0%"
"South Dakota","Aurora",317,1052,36,1405,"5%"
"South Dakota","Beadle",2107,4808,166,7081,"0%"
"South Dakota","Bennett",466,694,23,1183,"6%"
"South Dakota","Bon Homme",721,2235,45,3001,"7%"
"South Dakota","Brookings",6110,8000,457,14567,"0%"
"South Dakota","Brown",6538,10580,429,17547,"1%"
"South Dakota","Brule",673,1750,67,2490,"0%"
"South Dakota","Buffalo",352,183,14,549,"19%"
"South Dakota","Butte",939,3731,132,4802,"1%"
"South Dakota","Campbell",117,747,9,873,"0%"
"South Dakota","Charles Mix",1177,2552,54,3783,"4%"
"South Dakota","Clark",437,1373,40,1850,"8%"
"South Dakota","Clay",3083,2456,159,5698,"0%"
"South Dakota","Codington",3837,8958,366,13161,"0%"
"South Dakota","Corson",622,647,14,1283,"0%"
"South Dakota","Custer",1522,3852,120,5494,"0%"
"South Dakota","Davison",2648,5613,193,8454,"0%"
"South Dakota","Day",1052,1869,43,2964,"2%"
"South Dakota","Deuel",609,1699,42,2350,"2%"
"South Dakota","Dewey",1131,790,45,1966,"1%"
"South Dakota","Douglas",216,1468,23,1707,"4%"
"South Dakota","Edmunds",417,1538,30,1985,"2%"
"South Dakota","Fall River",1053,2878,111,4042,"0%"
"South Dakota","Faulk",198,964,20,1182,"0%"
"South Dakota","Grant",1056,2618,71,3745,"6%"
"South Dakota","Gregory",455,1772,32,2259,"0%"
"South Dakota","Haakon",105,1026,6,1137,"1%"
"South Dakota","Hamlin",647,2372,64,3083,"0%"
"South Dakota","Hand",373,1433,30,1836,"6%"
"South Dakota","Hanson",557,1793,38,2388,"6%"
"South Dakota","Harding",49,748,16,813,"6%"
"South Dakota","Hughes",2953,5522,248,8723,"0%"
"South Dakota","Hutchinson",762,2944,61,3767,"0%"
"South Dakota","Hyde",136,564,10,710,"8%"
"South Dakota","Jackson",359,738,18,1115,"4%"
"South Dakota","Jerauld",270,721,15,1006,"5%"
"South Dakota","Jones",90,498,11,599,"6%"
"South Dakota","Kingsbury",819,1904,56,2779,"4%"
"South Dakota","Lake",2068,3681,124,5873,"0%"
"South Dakota","Lawrence",4537,8753,538,13828,"0%"
"South Dakota","Lincoln",11981,19676,798,32455,"0%"
"South Dakota","Lyman",525,1042,30,1597,"3%"
"South Dakota","Marshall",858,1287,33,2178,"0%"
"South Dakota","McCook",769,2068,63,2900,"0%"
"South Dakota","McPherson",222,1075,27,1324,"0%"
"South Dakota","Meade",3285,9875,510,13670,"1%"
"South Dakota","Mellette",298,449,22,769,"5%"
"South Dakota","Miner",320,787,31,1138,"10%"
"South Dakota","Minnehaha",40482,49249,2595,92326,"0%"
"South Dakota","Moody",1179,1951,76,3206,"4%"
"South Dakota","Oglala Lakota",2824,297,74,3195,"9%"
"South Dakota","Pennington",20606,35063,1849,57518,"0%"
"South Dakota","Perkins",239,1401,29,1669,"7%"
"South Dakota","Potter",227,1139,14,1380,"5%"
"South Dakota","Roberts",1828,2404,75,4307,"9%"
"South Dakota","Sanborn",257,905,23,1185,"0%"
"South Dakota","Spink",998,2104,61,3163,"1%"
"South Dakota","Stanley",421,1203,28,1652,"0%"
"South Dakota","Sully",185,726,19,930,"0%"
"South Dakota","Todd",1963,532,44,2539,"3%"
"South Dakota","Tripp",495,2161,40,2696,"5%"
"South Dakota","Turner",1139,3290,119,4548,"2%"
"South Dakota","Union",2729,5949,186,8864,"0%"
"South Dakota","Walworth",565,1966,49,2580,"1%"
"South Dakota","Yankton",4016,6581,303,10900,"1%"
"South Dakota","Ziebach",481,404,21,906,"0%"
"Tennessee","Anderson",11733,23163,631,35527,"4%"
"Tennessee","Bedford",4443,14317,279,19039,"0%"
"Tennessee","Benton",1526,5661,63,7250,"1%"
"Tennessee","Bledsoe",971,4725,62,5758,"0%"
"Tennessee","Blount",17834,47195,1277,66306,"0%"
"Tennessee","Bradley",9849,35194,925,45968,"0%"
"Tennessee","Campbell",2438,12330,161,14929,"0%"
"Tennessee","Cannon",1261,5190,111,6562,"1%"
"Tennessee","Carroll",2558,9194,141,11893,"9%"
"Tennessee","Carter",4613,19873,382,24868,"0%"
"Tennessee","Cheatham",5457,14328,306,20091,"0%"
"Tennessee","Chester",1411,5951,216,7578,"3%"
"Tennessee","Claiborne",2201,10598,136,12935,"0%"
"Tennessee","Clay",735,2733,38,3506,"0%"
"Tennessee","Cocke",2524,12182,164,14870,"1%"
"Tennessee","Coffee",5704,17863,746,24313,"0%"
"Tennessee","Crockett",1382,4673,59,6114,"4%"
"Tennessee","Cumberland",6728,25167,412,32307,"0%"
"Tennessee","Davidson",197846,99415,11064,308325,"0%"
"Tennessee","DeKalb",1747,6663,91,8501,"0%"
"Tennessee","Decatur",904,4229,117,5250,"1%"
"Tennessee","Dickson",6098,17619,625,24342,"0%"
"Tennessee","Dyer",3157,11766,151,15074,"9%"
"Tennessee","Fayette",7000,15661,267,22928,"6%"
"Tennessee","Fentress",1210,7403,74,8687,"0%"
"Tennessee","Franklin",4863,13977,306,19146,"0%"
"Tennessee","Gibson",5764,16245,327,22336,"0%"
"Tennessee","Giles",3298,9783,121,13202,"1%"
"Tennessee","Grainger",1463,8559,101,10123,"1%"
"Tennessee","Greene",5183,22185,689,28057,"0%"
"Tennessee","Grundy",985,4795,64,5844,"1%"
"Tennessee","Hamblen",5497,18789,339,24625,"1%"
"Tennessee","Hamilton",75360,91991,3384,170735,"0%"
"Tennessee","Hancock",362,2372,10,2744,"1%"
"Tennessee","Hardeman",4180,5760,118,10058,"17%"
"Tennessee","Hardin",1774,9556,204,11534,"5%"
"Tennessee","Hawkins",4069,20372,335,24776,"0%"
"Tennessee","Haywood",4000,3338,82,7420,"15%"
"Tennessee","Henderson",2092,9797,131,12020,"0%"
"Tennessee","Henry",3547,11230,257,15034,"3%"
"Tennessee","Hickman",2130,7577,125,9832,"1%"
"Tennessee","Houston",869,2715,97,3681,"0%"
"Tennessee","Humphreys",2017,6116,99,8232,"1%"
"Tennessee","Jackson",1133,4106,69,5308,"0%"
"Tennessee","Jefferson",4645,18609,308,23562,"0%"
"Tennessee","Johnson",1242,6466,85,7793,"0%"
"Tennessee","Knox",91097,124339,4433,219869,"0%"
"Tennessee","Lake",526,1492,16,2034,"16%"
"Tennessee","Lauderdale",3193,5672,98,8963,"11%"
"Tennessee","Lawrence",3195,15334,189,18718,"1%"
"Tennessee","Lewis",1068,4473,63,5604,"0%"
"Tennessee","Lincoln",2909,12258,408,15575,"3%"
"Tennessee","Loudon",6933,21684,758,29375,"0%"
"Tennessee","Macon",1307,8095,84,9486,"0%"
"Tennessee","Madison",18309,23922,616,42847,"9%"
"Tennessee","Marion",3165,9873,166,13204,"0%"
"Tennessee","Marshall",3603,11029,230,14862,"0%"
"Tennessee","Maury",14386,31408,876,46670,"0%"
"Tennessee","McMinn",4357,18175,283,22815,"0%"
"Tennessee","McNairy",1943,9085,239,11267,"3%"
"Tennessee","Meigs",1008,4464,57,5529,"0%"
"Tennessee","Monroe",3760,16742,247,20749,"0%"
"Tennessee","Montgomery",32426,42156,2096,76678,"0%"
"Tennessee","Moore",573,2888,78,3539,"3%"
"Tennessee","Morgan",1161,6926,131,8218,"0%"
"Tennessee","Obion",2589,10790,142,13521,"9%"
"Tennessee","Overton",2028,7911,86,10025,"0%"
"Tennessee","Perry",615,2775,38,3428,"0%"
"Tennessee","Pickett",524,2373,25,2922,"4%"
"Tennessee","Polk",1492,6792,76,8360,"0%"
"Tennessee","Putnam",9154,23694,633,33481,"1%"
"Tennessee","Rhea",2363,11031,214,13608,"0%"
"Tennessee","Roane",6034,19195,685,25914,"0%"
"Tennessee","Robertson",8690,24535,487,33712,"0%"
"Tennessee","Rutherford",59177,81344,3367,143888,"0%"
"Tennessee","Scott",986,8004,62,9052,"1%"
"Tennessee","Sequatchie",1295,5846,98,7239,"0%"
"Tennessee","Sevier",8695,33742,1137,43574,"0%"
"Tennessee","Shelby",245208,129543,7107,381858,"0%"
"Tennessee","Smith",1798,7124,113,9035,"0%"
"Tennessee","Stewart",1230,4942,111,6283,"1%"
"Tennessee","Sullivan",17226,55774,1206,74206,"4%"
"Tennessee","Sumner",27630,63404,1495,92529,"0%"
"Tennessee","Tipton",6832,20063,396,27291,"6%"
"Tennessee","Trousdale",1011,2930,50,3991,"0%"
"Tennessee","Unicoi",1610,6593,91,8294,"4%"
"Tennessee","Union",1248,6777,71,8096,"0%"
"Tennessee","Van Buren",544,2338,35,2917,"0%"
"Tennessee","Warren",4126,12323,243,16692,"0%"
"Tennessee","Washington",18214,40120,1140,59474,"0%"
"Tennessee","Wayne",820,5795,52,6667,"2%"
"Tennessee","Weakley",3011,10382,317,13710,"10%"
"Tennessee","White",2134,9587,146,11867,"0%"
"Tennessee","Williamson",50161,86469,3010,139640,"0%"
"Tennessee","Wilson",22197,50149,1750,74096,"0%"
"Texas","Anderson",3934,15062,159,19155,"4%"
"Texas","Andrews",849,4937,70,5856,"0%"
"Texas","Angelina",9136,25070,422,34628,"2%"
"Texas","Aransas",2896,9210,135,12241,"1%"
"Texas","Archer",446,4300,50,4796,"9%"
"Texas","Armstrong",75,1035,2,1112,"12%"
"Texas","Atascosa",5865,12020,200,18085,"0%"
"Texas","Austin",2931,11282,155,14368,"5%"
"Texas","Bailey",407,1430,17,1854,"21%"
"Texas","Bandera",2503,10050,150,12703,"0%"
"Texas","Bastrop",15452,20486,771,36709,"0%"
"Texas","Baylor",179,1478,23,1680,"11%"
"Texas","Bee",3280,5999,126,9405,"6%"
"Texas","Bell",56032,67113,2722,125867,"0%"
"Texas","Bexar",440823,303871,12973,757667,"1%"
"Texas","Blanco",1905,5429,85,7419,"0%"
"Texas","Borden",16,395,1,412,"13%"
"Texas","Bosque",1552,7446,96,9094,"2%"
"Texas","Bowie",10692,27053,449,38194,"9%"
"Texas","Brazoria",61780,89939,2318,154037,"0%"
"Texas","Brazos",35242,47456,2055,84753,"0%"
"Texas","Brewster",2251,2451,103,4805,"0%"
"Texas","Briscoe",77,639,8,724,"24%"
"Texas","Brooks",1470,998,16,2484,"26%"
"Texas","Brown",2103,13681,156,15940,"4%"
"Texas","Burleson",1786,6740,78,8604,"0%"
"Texas","Burnet",5615,18721,310,24646,"0%"
"Texas","Caldwell",6536,7975,264,14775,"0%"
"Texas","Calhoun",2146,5640,67,7853,"5%"
"Texas","Callahan",734,6006,86,6826,"0%"
"Texas","Cameron",63732,48834,1223,113789,"5%"
"Texas","Camp",1392,3626,39,5057,"6%"
"Texas","Carson",289,2747,45,3081,"16%"
"Texas","Cass",2777,10979,100,13856,"5%"
"Texas","Castro",466,1601,15,2082,"24%"
"Texas","Chambers",3997,17343,301,21641,"0%"
"Texas","Cherokee",4196,15065,196,19457,"2%"
"Texas","Childress",305,1928,26,2259,"8%"
"Texas","Clay",614,5064,58,5736,"4%"
"Texas","Cochran",176,806,14,996,"16%"
"Texas","Coke",215,1565,14,1794,"0%"
"Texas","Coleman",450,3638,37,4125,"4%"
"Texas","Collin",227868,250194,8855,486917,"0%"
"Texas","Collingsworth",155,1048,15,1218,"11%"
"Texas","Colorado",2403,3653,79,6135,"39%"
"Texas","Comal",24369,62260,1313,87942,"0%"
"Texas","Comanche",852,5177,55,6084,"2%"
"Texas","Concho",197,1058,13,1268,"0%"
"Texas","Cooke",3205,15579,213,18997,"0%"
"Texas","Coryell",7542,15397,486,23425,"0%"
"Texas","Cottle",113,543,9,665,"31%"
"Texas","Crane",241,1247,15,1503,"16%"
"Texas","Crockett",344,1219,10,1573,"17%"
"Texas","Crosby",527,1396,30,1953,"7%"
"Texas","Culberson",438,415,11,864,"24%"
"Texas","Dallam",196,1386,23,1605,"12%"
"Texas","Dallas",597407,306572,15950,919929,"7%"
"Texas","Dawson",808,2951,30,3789,"12%"
"Texas","De Witt",1494,6567,57,8118,"0%"
"Texas","Deaf Smith",1263,3293,52,4608,"18%"
"Texas","Delta",403,2157,27,2587,"4%"
"Texas","Denton",188023,221829,6758,416610,"0%"
"Texas","Dickens",130,850,5,985,"26%"
"Texas","Dimmit",2264,1384,18,3666,"13%"
"Texas","Donley",198,1438,12,1648,"9%"
"Texas","Duval",2573,2442,35,5050,"11%"
"Texas","Eastland",982,7216,73,8271,"0%"
"Texas","Ector",11310,32586,521,44417,"0%"
"Texas","Edwards",166,893,5,1064,"16%"
"Texas","El Paso",168801,81235,4540,254576,"8%"
"Texas","Ellis",27513,56651,1402,85566,"0%"
"Texas","Erath",2914,13669,254,16837,"2%"
"Texas","Falls",1899,4177,57,6133,"4%"
"Texas","Fannin",2638,12150,181,14969,"0%"
"Texas","Fayette",2650,10163,111,12924,"2%"
"Texas","Fisher",352,1448,26,1826,"11%"
"Texas","Floyd",437,1581,17,2035,"17%"
"Texas","Foard",99,445,7,551,"17%"
"Texas","Fort Bend",195191,157595,5047,357833,"0%"
"Texas","Franklin",803,4153,44,5000,"8%"
"Texas","Freestone",1629,6966,83,8678,"4%"
"Texas","Frio",2421,2812,31,5264,"8%"
"Texas","Gaines",572,5323,65,5960,"0%"
"Texas","Galveston",58247,93306,2290,153843,"0%"
"Texas","Garza",231,1411,9,1651,"10%"
"Texas","Gillespie",3163,12495,159,15817,"6%"
"Texas","Glasscock",39,611,3,653,"17%"
"Texas","Goliad",872,3081,25,3978,"9%"
"Texas","Gonzales",1894,5568,72,7534,"0%"
"Texas","Gray",820,6812,113,7745,"11%"
"Texas","Grayson",14223,43776,761,58760,"0%"
"Texas","Gregg",14657,32352,691,47700,"3%"
"Texas","Grimes",2831,9419,148,12398,"0%"
"Texas","Guadalupe",28706,47423,1253,77382,"0%"
"Texas","Hale",2271,7162,127,9560,"9%"
"Texas","Hall",167,992,6,1165,"11%"
"Texas","Hamilton",641,3613,93,4347,"0%"
"Texas","Hansford",166,1848,32,2046,"12%"
"Texas","Hardeman",241,1330,9,1580,"12%"
"Texas","Hardin",3449,23806,300,27555,"0%"
"Texas","Harris",911913,699771,21873,1633557,"4%"
"Texas","Harrison",7812,21318,332,29462,"6%"
"Texas","Hartley",195,1866,15,2076,"10%"
"Texas","Haskell",353,1837,21,2211,"7%"
"Texas","Hays",59213,47427,2182,108822,"0%"
"Texas","Hemphill",206,1486,28,1720,"14%"
"Texas","Henderson",7048,28816,333,36197,"0%"
"Texas","Hidalgo",127391,89925,2117,219433,"3%"
"Texas","Hill",2829,11869,145,14843,"0%"
"Texas","Hockley",1481,6534,76,8091,"6%"
"Texas","Hood",5641,26489,452,32582,"0%"
"Texas","Hopkins",3043,12713,176,15932,"0%"
"Texas","Houston",2312,7050,64,9426,"4%"
"Texas","Howard",2017,7899,127,10043,"3%"
"Texas","Hudspeth",371,771,15,1157,"0%"
"Texas","Hunt",8879,29135,503,38517,"0%"
"Texas","Hutchinson",957,7659,125,8741,"9%"
"Texas","Irion",120,759,10,889,"13%"
"Texas","Jack",331,3415,33,3779,"4%"
"Texas","Jackson",1018,5116,76,6210,"1%"
"Texas","Jasper",2906,12453,110,15469,"3%"
"Texas","Jeff Davis",501,783,20,1304,"14%"
"Texas","Jefferson",46022,47535,1108,94665,"10%"
"Texas","Jim Hogg",1197,831,6,2034,"26%"
"Texas","Jim Wells",6025,7389,93,13507,"16%"
"Texas","Johnson",16418,54523,987,71928,"0%"
"Texas","Jones",989,5621,81,6691,"5%"
"Texas","Karnes",1220,3959,50,5229,"0%"
"Texas","Kaufman",18290,37474,671,56435,"0%"
"Texas","Kendall",6008,20064,347,26419,"0%"
"Texas","Kenedy",65,127,2,194,"20%"
"Texas","Kent",47,411,4,462,"18%"
"Texas","Kerr",6510,20858,370,27738,"4%"
"Texas","Kimble",284,1987,21,2292,"1%"
"Texas","King",8,151,0,159,"23%"
"Texas","Kinney",446,1144,13,1603,"14%"
"Texas","Kleberg",5359,5557,125,11041,"11%"
"Texas","Knox",265,1180,11,1456,"18%"
"Texas","La Salle",1052,1335,19,2406,"10%"
"Texas","La Vaca",1333,8802,60,10195,"0%"
"Texas","Lamar",4420,16698,220,21338,"0%"
"Texas","Lamb",835,3513,46,4394,"9%"
"Texas","Lampasas",2134,8070,169,10373,"0%"
"Texas","Lee",1745,6248,82,8075,"0%"
"Texas","Leon",1072,7522,78,8672,"1%"
"Texas","Liberty",5779,23288,247,29314,"0%"
"Texas","Limestone",2213,6786,93,9092,"1%"
"Texas","Lipscomb",131,1203,17,1351,"14%"
"Texas","Live Oak",819,4198,36,5053,"1%"
"Texas","Llano",3167,9996,115,13278,"0%"
"Texas","Loving",4,60,2,66,"22%"
"Texas","Lubbock",39757,78560,1887,120204,"0%"
"Texas","Lynn",428,1853,12,2293,"3%"
"Texas","Madison",1084,4165,40,5289,"0%"
"Texas","Marion",1331,3459,54,4844,"4%"
"Texas","Martin",288,1857,15,2160,"0%"
"Texas","Mason",566,2108,26,2700,"0%"
"Texas","Matagorda",3726,9836,148,13710,"5%"
"Texas","Maverick",16648,13762,266,30676,"0%"
"Texas","McCulloch",490,2898,42,3430,"6%"
"Texas","McLennan",36550,59432,1635,97617,"0%"
"Texas","McMullen",53,460,3,516,"21%"
"Texas","Medina",6731,15599,238,22568,"0%"
"Texas","Menard",196,819,8,1023,"9%"
"Texas","Midland",12258,45463,1031,58752,"3%"
"Texas","Milam",2475,7950,98,10523,"0%"
"Texas","Mills",271,2214,17,2502,"6%"
"Texas","Mitchell",397,2169,13,2579,"6%"
"Texas","Montague",1097,8613,102,9812,"3%"
"Texas","Montgomery",74255,193224,3696,271175,"0%"
"Texas","Moore",1059,4356,87,5502,"12%"
"Texas","Morris",1664,3841,43,5548,"9%"
"Texas","Motley",46,604,2,652,"18%"
"Texas","Nacogdoches",8989,17359,407,26755,"4%"
"Texas","Navarro",5097,13787,221,19105,"2%"
"Texas","Newton",1175,4882,39,6096,"12%"
"Texas","Nolan",1161,4127,64,5352,"7%"
"Texas","Nueces",60749,64467,1768,126984,"6%"
"Texas","Ochiltree",302,2811,42,3155,"11%"
"Texas","Oldham",81,917,11,1009,"18%"
"Texas","Orange",6354,29170,450,35974,"5%"
"Texas","Palo Pinto",2177,10170,131,12478,"0%"
"Texas","Panola",2057,9322,73,11452,"7%"
"Texas","Parker",12789,61584,1061,75434,"3%"
"Texas","Parmer",488,2133,27,2648,"20%"
"Texas","Pecos",1378,3213,77,4668,"14%"
"Texas","Polk",5353,18496,223,24072,"0%"
"Texas","Potter",9867,22732,643,33242,"0%"
"Texas","Presidio",1463,721,33,2217,"23%"
"Texas","Rains",841,5147,56,6044,"0%"
"Texas","Randall",11414,57695,864,69973,"0%"
"Texas","Reagan",172,942,10,1124,"4%"
"Texas","Real",320,1643,19,1982,"0%"
"Texas","Red River",1244,4513,43,5800,"5%"
"Texas","Reeves",1394,2249,40,3683,"11%"
"Texas","Refugio",1108,2210,48,3366,"3%"
"Texas","Roberts",17,529,4,550,"24%"
"Texas","Robertson",2359,5631,90,8080,"6%"
"Texas","Rockwall",18149,38842,801,57792,"0%"
"Texas","Runnels",531,3682,49,4262,"5%"
"Texas","Rusk",4624,16511,232,21367,"5%"
"Texas","Sabine",662,4767,33,5462,"1%"
"Texas","San Augustine",979,3005,14,3998,"8%"
"Texas","San Jacinto",2332,10154,142,12628,"0%"
"Texas","San Patricio",8971,16495,384,25850,"0%"
"Texas","San Saba",287,2308,7,2602,"7%"
"Texas","Schleicher",211,939,8,1158,"7%"
"Texas","Scurry",818,4978,69,5865,"6%"
"Texas","Shackelford",130,1484,14,1628,"12%"
"Texas","Shelby",2058,7962,43,10063,"8%"
"Texas","Sherman",91,885,14,990,"27%"
"Texas","Smith",29343,68546,1632,99521,"0%"
"Texas","Somervell",768,4099,73,4940,"0%"
"Texas","Starr",9099,8224,155,17478,"1%"
"Texas","Stephens",396,3385,18,3799,"7%"
"Texas","Sterling",51,584,4,639,"22%"
"Texas","Stonewall",116,615,5,736,"19%"
"Texas","Sutton",322,1222,13,1557,"20%"
"Texas","Swisher",478,1842,33,2353,"12%"
"Texas","Tarrant",401313,401509,13140,815962,"6%"
"Texas","Taylor",14489,39439,996,54924,"0%"
"Texas","Terrell",119,334,5,458,"36%"
"Texas","Terry",757,2809,42,3608,"18%"
"Texas","Throckmorton",82,806,11,899,"15%"
"Texas","Titus",2852,7563,115,10530,"5%"
"Texas","Tom Green",14774,35149,721,50644,"0%"
"Texas","Travis",432062,159907,13065,605034,"1%"
"Texas","Trinity",1323,5579,36,6938,"6%"
"Texas","Tyler",2188,11162,62,13412,"0%"
"Texas","Upshur",2869,15775,206,18850,"0%"
"Texas","Upton",169,1176,20,1365,"14%"
"Texas","Uvalde",4066,6160,97,10323,"11%"
"Texas","Val Verde",6401,7839,177,14417,"19%"
"Texas","Van Zandt",3419,22126,208,25753,"0%"
"Texas","Victoria",10371,23347,487,34205,"7%"
"Texas","Walker",7875,15368,398,23641,"0%"
"Texas","Waller",8130,14206,281,22617,"0%"
"Texas","Ward",761,3238,35,4034,"1%"
"Texas","Washington",4254,12949,207,17410,"5%"
"Texas","Webb",41820,25898,721,68439,"8%"
"Texas","Wharton",4671,11892,146,16709,"4%"
"Texas","Wheeler",168,2158,10,2336,"14%"
"Texas","Wichita",13024,31930,798,45752,"10%"
"Texas","Wilbarger",954,3520,44,4518,"7%"
"Texas","Willacy",3097,2437,41,5575,"16%"
"Texas","Williamson",142457,138649,6590,287696,"0%"
"Texas","Wilson",6350,18457,199,25006,"0%"
"Texas","Winkler",358,1753,15,2126,"13%"
"Texas","Wise",4953,26986,358,32297,"0%"
"Texas","Wood",3487,18962,216,22665,"0%"
"Texas","Yoakum",419,2172,42,2633,"12%"
"Texas","Young",1036,7112,94,8242,"9%"
"Texas","Zapata",1820,2032,15,3867,"16%"
"Texas","Zavala",2864,1490,25,4379,"8%"
"Utah","Beaver",356,2673,47,3076,"0%"
"Utah","Box Elder",4072,19263,988,24323,"0%"
"Utah","Cache",15246,34377,3169,52792,"4%"
"Utah","Carbon",2306,6255,261,8822,"6%"
"Utah","Daggett",105,473,12,590,"4%"
"Utah","Davis",49128,82491,6070,137689,"16%"
"Utah","Duchesne",830,7445,201,8476,"0%"
"Utah","Emery",566,4166,84,4816,"8%"
"Utah","Garfield",513,2149,60,2722,"2%"
"Utah","Grand",2733,2168,126,5027,"6%"
"Utah","Iron",4033,14474,649,19156,"8%"
"Utah","Juab",638,5069,168,5875,"0%"
"Utah","Kane",1005,2777,87,3869,"6%"
"Utah","Millard",529,4267,91,4887,"21%"
"Utah","Morgan",1060,4957,237,6254,"0%"
"Utah","Piute",86,773,12,871,"6%"
"Utah","Rich",178,1118,24,1320,"0%"
"Utah","Salt Lake",207958,151098,14347,373403,"24%"
"Utah","San Juan",2451,2634,158,5243,"18%"
"Utah","Sanpete",1724,9961,448,12133,"0%"
"Utah","Sevier",1032,8427,272,9731,"5%"
"Utah","Summit",11733,6122,275,18130,"26%"
"Utah","Tooele",8498,19531,1741,29770,"0%"
"Utah","Uintah",1601,12777,418,14796,"2%"
"Utah","Utah",66766,165538,15352,247656,"0%"
"Utah","Wasatch",5762,9953,741,16456,"0%"
"Utah","Washington",19877,64952,3085,87914,"0%"
"Utah","Wayne",362,1207,27,1596,"5%"
"Utah","Weber",28864,38612,2274,69750,"30%"
"Virginia","Accomack",8145,14792,666,23603,"0%"
"Virginia","Albemarle",42078,20684,1364,64126,"1%"
"Virginia","Alexandria",65201,14251,973,80425,"10%"
"Virginia","Alleghany",2221,5842,89,8152,"0%"
"Virginia","Amelia",2390,5370,77,7837,"0%"
"Virginia","Amherst",5367,10783,248,16398,"1%"
"Virginia","Appomattox",2395,6678,142,9215,"0%"
"Virginia","Arlington",102510,21598,1746,125854,"12%"
"Virginia","Augusta",10748,30556,594,41898,"0%"
"Virginia","Bath",674,1824,15,2513,"0%"
"Virginia","Bedford",11986,35369,686,48041,"0%"
"Virginia","Bland",530,2899,22,3451,"0%"
"Virginia","Botetourt",5637,15033,254,20924,"0%"
"Virginia","Bristol",2287,5325,141,7753,"0%"
"Virginia","Brunswick",4525,3343,38,7906,"17%"
"Virginia","Buchanan",1582,8277,55,9914,"0%"
"Virginia","Buckingham",3456,4537,93,8086,"0%"
"Virginia","Buena Vista",825,1860,127,2812,"0%"
"Virginia","Campbell",7959,21033,483,29475,"0%"
"Virginia","Caroline",8081,7761,255,16097,"0%"
"Virginia","Carroll",2819,12638,116,15573,"0%"
"Virginia","Charles City",2610,1750,54,4414,"11%"
"Virginia","Charlotte",2309,3801,59,6169,"2%"
"Virginia","Charlottesville",20197,3046,305,23548,"11%"
"Virginia","Chesapeake",65007,57411,2008,124426,"6%"
"Virginia","Chesterfield",111094,98541,2941,212576,"0%"
"Virginia","Clarke",3914,5187,177,9278,"0%"
"Virginia","Colonial Heights",2961,6003,134,9098,"0%"
"Virginia","Covington",964,1578,49,2591,"0%"
"Virginia","Craig",584,2522,40,3146,"0%"
"Virginia","Culpeper",10509,15929,477,26915,"0%"
"Virginia","Cumberland",2221,3005,51,5277,"2%"
"Virginia","Danville",11568,7393,193,19154,"20%"
"Virginia","Dickenson",1501,5746,52,7299,"1%"
"Virginia","Dinwiddie",6194,8679,143,15016,"0%"
"Virginia","Emporia",1611,754,13,2378,"25%"
"Virginia","Essex",3029,3070,58,6157,"0%"
"Virginia","Fairfax",404886,162312,11733,578931,"11%"
"Virginia","Fairfax City",9048,3962,199,13209,"0%"
"Virginia","Falls Church",7077,1472,111,8660,"5%"
"Virginia","Fauquier",17362,25133,765,43260,"0%"
"Virginia","Floyd",2970,6189,170,9329,"0%"
"Virginia","Fluvanna",7289,8071,260,15620,"0%"
"Virginia","Franklin",8312,20797,350,29459,"1%"
"Virginia","Franklin City",2505,1482,44,4031,"22%"
"Virginia","Frederick",16021,30126,771,46918,"0%"
"Virginia","Fredericksburg",8454,4016,240,12710,"0%"
"Virginia","Galax",775,1832,18,2625,"0%"
"Virginia","Giles",2151,6869,125,9145,"0%"
"Virginia","Gloucester",6884,14803,379,22066,"0%"
"Virginia","Goochland",6623,9882,240,16745,"0%"
"Virginia","Grayson",1529,6503,56,8088,"0%"
"Virginia","Greene",4089,6819,236,11144,"0%"
"Virginia","Greensville",2618,1911,22,4551,"0%"
"Virginia","Halifax",7638,10396,138,18172,"0%"
"Virginia","Hampton",45481,18191,972,64644,"17%"
"Virginia","Hanover",25003,44121,1084,70208,"1%"
"Virginia","Harrisonburg",10868,5514,352,16734,"18%"
"Virginia","Henrico",110115,61280,2215,173610,"10%"
"Virginia","Henry",8995,16601,221,25817,"0%"
"Virginia","Highland",416,1091,22,1529,"0%"
"Virginia","Hopewell",2962,2372,147,5481,"49%"
"Virginia","Isle of Wight",9346,13661,323,23330,"0%"
"Virginia","James City",25374,23059,881,49314,"0%"
"Virginia","King George",5381,8431,313,14125,"0%"
"Virginia","King William",3089,7230,153,10472,"0%"
"Virginia","King and Queen",1586,2447,63,4096,"0%"
"Virginia","Lancaster",3358,3694,71,7123,"2%"
"Virginia","Lee",1489,8365,78,9932,"3%"
"Virginia","Lexington",1782,901,48,2731,"0%"
"Virginia","Loudoun",135806,81107,4318,221231,"0%"
"Virginia","Louisa",8205,13244,347,21796,"0%"
"Virginia","Lunenburg",2404,3525,39,5968,"3%"
"Virginia","Lynchburg",17447,16697,1722,35866,"6%"
"Virginia","Madison",2684,5294,130,8108,"0%"
"Virginia","Manassas",10100,6182,273,16555,"0%"
"Virginia","Manassas Park",3913,2062,96,6071,"0%"
"Virginia","Martinsville",3741,2164,73,5978,"0%"
"Virginia","Mathews",1822,3895,100,5817,"0%"
"Virginia","Mecklenburg",6751,9234,111,16096,"0%"
"Virginia","Middlesex",2482,4181,76,6739,"0%"
"Virginia","Montgomery",23012,20532,918,44462,"9%"
"Virginia","Nelson",4301,4791,228,9320,"0%"
"Virginia","New Kent",3135,8898,133,12166,"5%"
"Virginia","Newport News",50319,25594,1946,77859,"17%"
"Virginia","Norfolk",52846,19995,1396,74237,"28%"
"Virginia","Northampton",3643,2947,99,6689,"2%"
"Virginia","Northumberland",3239,4471,55,7765,"2%"
"Virginia","Norton",463,1109,21,1593,"0%"
"Virginia","Nottoway",2966,4022,72,7060,"4%"
"Virginia","Orange",7921,12373,264,20558,"0%"
"Virginia","Page",2982,9316,134,12432,"0%"
"Virginia","Patrick",1948,7474,105,9527,"0%"
"Virginia","Petersburg",12293,1573,107,13973,"25%"
"Virginia","Pittsylvania",10027,23677,282,33986,"0%"
"Virginia","Poquoson",2048,5592,159,7799,"4%"
"Virginia","Portsmouth",30447,12634,850,43931,"19%"
"Virginia","Powhatan",5299,14026,354,19679,"0%"
"Virginia","Prince Edward",4937,4428,135,9500,"2%"
"Virginia","Prince George",6870,10106,206,17182,"0%"
"Virginia","Prince William",139502,76432,3141,219075,"6%"
"Virginia","Pulaski",4914,12110,323,17347,"0%"
"Virginia","Radford",3330,2773,143,6246,"9%"
"Virginia","Rappahannock",2075,2795,56,4926,"0%"
"Virginia","Richmond",1513,2547,31,4091,"0%"
"Virginia","Richmond City",86460,15707,1750,103917,"15%"
"Virginia","Roanoke",21218,33758,869,55845,"0%"
"Virginia","Roanoke City",25929,15356,748,42033,"0%"
"Virginia","Rockbridge",4022,8047,299,12368,"0%"
"Virginia","Rockingham",9311,28608,703,38622,"2%"
"Virginia","Russell",2360,10850,114,13324,"0%"
"Virginia","Salem",5143,7676,220,13039,"0%"
"Virginia","Scott",1692,8981,90,10763,"0%"
"Virginia","Shenandoah",6763,16390,343,23496,"0%"
"Virginia","Smyth",2989,10941,127,14057,"0%"
"Virginia","Southampton",3917,5716,86,9719,"0%"
"Virginia","Spotsylvania",34344,39471,1409,75224,"0%"
"Virginia","Stafford",39657,37308,1341,78306,"0%"
"Virginia","Staunton",6886,5642,253,12781,"0%"
"Virginia","Suffolk",28484,20006,723,49213,"4%"
"Virginia","Surry",2394,2023,40,4457,"12%"
"Virginia","Sussex",2822,2217,42,5081,"21%"
"Virginia","Tazewell",3169,16665,155,19989,"0%"
"Virginia","Virginia Beach",134252,115107,4118,253477,"1%"
"Virginia","Warren",6564,14033,362,20959,"0%"
"Virginia","Washington",6583,21615,299,28497,"0%"
"Virginia","Waynesboro",4918,5474,246,10638,"0%"
"Virginia","Westmoreland",4413,5253,91,9757,"0%"
"Virginia","Williamsburg",4754,1953,90,6797,"0%"
"Virginia","Winchester",6451,5156,205,11812,"0%"
"Virginia","Wise",3084,13315,106,16505,"0%"
"Virginia","Wythe",3136,11724,170,15030,"0%"
"Virginia","York",17410,20087,668,38165,"1%"
"Vermont","Addison",14963,6292,773,22028,"NA%"
"Vermont","Bennington",12591,7096,653,20340,"NA%"
"Vermont","Caledonia",9010,6551,625,16186,"NA%"
"Vermont","Chittenden",59573,19614,2475,81662,"NA%"
"Vermont","Essex",1405,1773,110,3288,"NA%"
"Vermont","Franklin",13576,11267,977,25820,"NA%"
"Vermont","Grand Isle",2905,1810,148,4863,"NA%"
"Vermont","Lamoille",10240,4163,548,14951,"NA%"
"Vermont","Orange",10281,6178,642,17101,"NA%"
"Vermont","Orleans",7147,6512,444,14103,"NA%"
"Vermont","Rutland",18205,14652,1089,33946,"NA%"
"Vermont","Washington",25169,8925,1209,35303,"NA%"
"Vermont","Windham",18766,6308,1004,26078,"NA%"
"Vermont","Windsor",23399,9990,1118,34507,"NA%"
"Washington","Adams",1064,2361,53,3478,"37%"
"Washington","Asotin",3442,5825,255,9522,"16%"
"Washington","Benton",37434,59053,3548,100035,"0%"
"Washington","Chelan",15454,16975,692,33121,"14%"
"Washington","Clallam",21964,19387,970,42321,"7%"
"Washington","Clark",125707,103560,4910,234177,"0%"
"Washington","Columbia",644,1699,54,2397,"8%"
"Washington","Cowlitz",22480,31805,1336,55621,"0%"
"Washington","Douglas",6727,11241,296,18264,"1%"
"Washington","Ferry",1415,2669,99,4183,"0%"
"Washington","Franklin",12786,17583,961,31330,"0%"
"Washington","Garfield",362,1062,54,1478,"0%"
"Washington","Grant",8386,16662,527,25575,"22%"
"Washington","Grays Harbor",14043,14174,709,28926,"12%"
"Washington","Island",28374,22182,1505,52061,"0%"
"Washington","Jefferson",15619,5910,424,21953,"6%"
"Washington","King",885638,260210,24589,1170437,"0%"
"Washington","Kitsap",87680,58824,5308,151812,"0%"
"Washington","Kittitas",9470,11106,391,20967,"4%"
"Washington","Klickitat",5216,6203,202,11621,"6%"
"Washington","Lewis",14316,29074,1345,44735,"0%"
"Washington","Lincoln",1694,5095,153,6942,"0%"
"Washington","Mason",16999,18342,1231,36572,"0%"
"Washington","Okanogan",5661,6272,162,12095,"38%"
"Washington","Pacific",6283,6176,249,12708,"0%"
"Washington","Pend Oreille",2578,5655,189,8422,"0%"
"Washington","Pierce",222595,168664,12327,403586,"0%"
"Washington","San Juan",9209,2769,348,12326,"1%"
"Washington","Skagit",23033,15310,650,38993,"39%"
"Washington","Skamania",3016,3694,208,6918,"0%"
"Washington","Snohomish",245708,157772,13545,417025,"0%"
"Washington","Spokane",130820,142122,9754,282696,"0%"
"Washington","Stevens",4783,8652,288,13723,"47%"
"Washington","Thurston",86181,54881,4624,145686,"3%"
"Washington","Wahkiakum",1150,1711,70,2931,"0%"
"Washington","Walla Walla",8289,8246,393,16928,"42%"
"Washington","Whatcom",82463,49809,4129,136401,"0%"
"Washington","Whitman",7865,6394,515,14774,"26%"
"Washington","Yakima",26119,30285,1098,57502,"36%"
"Wisconsin","Adams",4329,7362,117,11808,"0%"
"Wisconsin","Ashland",4794,3845,105,8744,"0%"
"Wisconsin","Barron",9194,15803,348,25345,"0%"
"Wisconsin","Bayfield",6155,4617,113,10885,"0%"
"Wisconsin","Brown",65509,75865,2637,144011,"0%"
"Wisconsin","Buffalo",2859,4834,118,7811,"0%"
"Wisconsin","Burnett",3569,6461,111,10141,"0%"
"Wisconsin","Calumet",12115,18142,601,30858,"0%"
"Wisconsin","Chippewa",14001,21316,628,35945,"0%"
"Wisconsin","Clark",4520,10001,352,14873,"0%"
"Wisconsin","Columbia",16408,16925,584,33917,"0%"
"Wisconsin","Crawford",3953,4620,125,8698,"0%"
"Wisconsin","Dane",260157,78789,5799,344745,"0%"
"Wisconsin","Dodge",16355,31354,788,48497,"0%"
"Wisconsin","Door",10044,9752,321,20117,"0%"
"Wisconsin","Douglas",13214,10919,535,24668,"0%"
"Wisconsin","Dunn",9909,13176,458,23543,"0%"
"Wisconsin","Eau Claire",31617,25339,1279,58235,"0%"
"Wisconsin","Florence",781,2133,25,2939,"0%"
"Wisconsin","Fond du Lac",20588,35754,980,57322,"0%"
"Wisconsin","Forest",1722,3287,43,5052,"0%"
"Wisconsin","Grant",10942,13981,456,25379,"0%"
"Wisconsin","Green",10850,10165,385,21400,"0%"
"Wisconsin","Green Lake",3344,7165,154,10663,"0%"
"Wisconsin","Iowa",7828,5907,249,13984,"0%"
"Wisconsin","Iron",1533,2439,59,4031,"0%"
"Wisconsin","Jackson",4255,5789,143,10187,"0%"
"Wisconsin","Jefferson",19904,27209,854,47967,"0%"
"Wisconsin","Juneau",4747,8749,206,13702,"0%"
"Wisconsin","Kenosha",42191,44972,1528,88691,"0%"
"Wisconsin","Kewaunee",3977,7927,167,12071,"0%"
"Wisconsin","La Crosse",37817,28661,1320,67798,"0%"
"Wisconsin","Lafayette",3647,4820,90,8557,"0%"
"Wisconsin","Langlade",3703,7330,126,11159,"0%"
"Wisconsin","Lincoln",6260,10017,254,16531,"0%"
"Wisconsin","Manitowoc",16815,27217,774,44806,"0%"
"Wisconsin","Marathon",30807,44623,1311,76741,"0%"
"Wisconsin","Marinette",7363,15303,311,22977,"0%"
"Wisconsin","Marquette",3239,5719,102,9060,"0%"
"Wisconsin","Menominee",1303,278,5,1586,"0%"
"Wisconsin","Milwaukee",317251,134355,7329,458935,"0%"
"Wisconsin","Monroe",8432,13775,357,22564,"0%"
"Wisconsin","Oconto",6715,16226,273,23214,"0%"
"Wisconsin","Oneida",10105,13671,383,24159,"0%"
"Wisconsin","Outagamie",47659,58379,2185,108223,"0%"
"Wisconsin","Ozaukee",26515,33912,1026,61453,"0%"
"Wisconsin","Pepin",1489,2584,67,4140,"0%"
"Wisconsin","Pierce",9789,12813,734,23336,"0%"
"Wisconsin","Polk",9361,16590,375,26326,"0%"
"Wisconsin","Portage",20426,19298,877,40601,"0%"
"Wisconsin","Price",3132,5394,119,8645,"0%"
"Wisconsin","Racine",50154,54475,1812,106441,"0%"
"Wisconsin","Richland",3995,4877,144,9016,"0%"
"Wisconsin","Rock",46649,37133,1566,85348,"0%"
"Wisconsin","Rusk",2517,5257,107,7881,"0%"
"Wisconsin","Sauk",18103,17489,657,36249,"0%"
"Wisconsin","Sawyer",4494,5883,102,10479,"0%"
"Wisconsin","Shawano",7131,15447,300,22878,"0%"
"Wisconsin","Sheboygan",27109,37624,1287,66020,"0%"
"Wisconsin","St. Croix",23190,32190,1321,56701,"0%"
"Wisconsin","Taylor",2693,7656,334,10683,"0%"
"Wisconsin","Trempealeau",6283,8828,245,15356,"0%"
"Wisconsin","Vernon",7457,8216,237,15910,"0%"
"Wisconsin","Vilas",5903,9261,174,15338,"0%"
"Wisconsin","Walworth",22783,33844,961,57588,"0%"
"Wisconsin","Washburn",3867,6332,172,10371,"0%"
"Wisconsin","Washington",26647,60235,1372,88254,"0%"
"Wisconsin","Waukesha",103867,159633,4457,267957,"0%"
"Wisconsin","Waupaca",9699,18948,471,29118,"0%"
"Wisconsin","Waushara",4388,9016,160,13564,"0%"
"Wisconsin","Winnebago",44060,47795,2177,94032,"0%"
"Wisconsin","Wood",16360,24306,530,41196,"0%"
"West Virginia","Barbour",1438,5094,102,6634,"0%"
"West Virginia","Berkeley",16075,32062,1009,49146,"0%"
"West Virginia","Boone",2029,6775,179,8983,"0%"
"West Virginia","Braxton",1453,4115,82,5650,"0%"
"West Virginia","Brooke",2936,7516,179,10631,"0%"
"West Virginia","Cabell",14733,21440,622,36795,"0%"
"West Virginia","Calhoun",563,2346,39,2948,"0%"
"West Virginia","Clay",640,2661,45,3346,"0%"
"West Virginia","Doddridge",432,2592,45,3069,"2%"
"West Virginia","Fayette",5031,11514,249,16794,"0%"
"West Virginia","Gilmer",591,1997,51,2639,"6%"
"West Virginia","Grant",605,4861,31,5497,"0%"
"West Virginia","Greenbrier",4641,10898,288,15827,"0%"
"West Virginia","Hampshire",1919,7829,124,9872,"0%"
"West Virginia","Hancock",3670,9653,223,13546,"2%"
"West Virginia","Hardy",1371,4827,89,6287,"0%"
"West Virginia","Harrison",9149,20581,645,30375,"1%"
"West Virginia","Jackson",3197,10025,207,13429,"0%"
"West Virginia","Jefferson",11831,14813,519,27163,"1%"
"West Virginia","Kanawha",34139,46086,1776,82001,"2%"
"West Virginia","Lewis",1531,5759,133,7423,"3%"
"West Virginia","Lincoln",1703,5967,105,7775,"0%"
"West Virginia","Logan",2325,10501,155,12981,"5%"
"West Virginia","Marion",8836,16218,650,25704,"0%"
"West Virginia","Marshall",3348,10137,181,13666,"5%"
"West Virginia","Mason",2511,8422,216,11149,"0%"
"West Virginia","McDowell",1323,5125,46,6494,"5%"
"West Virginia","Mercer",5522,19185,396,25103,"0%"
"West Virginia","Mineral",2579,9904,169,12652,"1%"
"West Virginia","Mingo",1385,8521,81,9987,"5%"
"West Virginia","Monongalia",20064,20656,1153,41873,"0%"
"West Virginia","Monroe",1330,5012,75,6417,"0%"
"West Virginia","Morgan",1945,6157,155,8257,"1%"
"West Virginia","Nicholas",2206,8221,143,10570,"0%"
"West Virginia","Ohio",7139,12226,309,19674,"0%"
"West Virginia","Pendleton",816,2764,66,3646,"0%"
"West Virginia","Pleasants",692,2726,49,3467,"1%"
"West Virginia","Pocahontas",1039,2876,64,3979,"1%"
"West Virginia","Preston",3147,11143,218,14508,"1%"
"West Virginia","Putnam",7824,19921,665,28410,"0%"
"West Virginia","Raleigh",7841,24297,502,32640,"0%"
"West Virginia","Randolph",3353,8655,164,12172,"0%"
"West Virginia","Ritchie",585,3637,47,4269,"5%"
"West Virginia","Roane",1451,4199,95,5745,"0%"
"West Virginia","Summers",1444,4068,71,5583,"0%"
"West Virginia","Taylor",1787,5439,108,7334,"0%"
"West Virginia","Tucker",933,2833,64,3830,"0%"
"West Virginia","Tyler",626,3183,64,3873,"4%"
"West Virginia","Upshur",2247,7721,193,10161,"0%"
"West Virginia","Wayne",3964,12462,309,16735,"0%"
"West Virginia","Webster",608,2737,33,3378,"0%"
"West Virginia","Wetzel",1529,4933,134,6596,"4%"
"West Virginia","Wirt",461,2103,53,2617,"2%"
"West Virginia","Wood",10816,26963,708,38487,"0%"
"West Virginia","Wyoming",1149,7254,82,8485,"1%"
"Wyoming","Albany",9091,8575,946,18612,"0%"
"Wyoming","Big Horn",788,4806,158,5752,"3%"
"Wyoming","Campbell",1935,16973,656,19564,"0%"
"Wyoming","Carbon",1427,5012,223,6662,"8%"
"Wyoming","Converse",861,5916,192,6969,"6%"
"Wyoming","Crook",378,3651,90,4119,"4%"
"Wyoming","Fremont",5519,12007,585,18111,"5%"
"Wyoming","Goshen",1203,4878,160,6241,"4%"
"Wyoming","Hot Springs",482,1999,96,2577,"11%"
"Wyoming","Johnson",897,3881,136,4914,"1%"
"Wyoming","Laramie",15181,27814,1870,44865,"2%"
"Wyoming","Lincoln",1509,8673,316,10498,"1%"
"Wyoming","Natrona",8528,25267,1401,35196,"6%"
"Wyoming","Niobrara",150,943,30,1123,"24%"
"Wyoming","Park",3404,12802,493,16699,"0%"
"Wyoming","Platte",890,3898,135,4923,"3%"
"Wyoming","Sheridan",4043,11843,542,16428,"0%"
"Wyoming","Sublette",882,3957,131,4970,"1%"
"Wyoming","Sweetwater",3822,12197,470,16489,"0%"
"Wyoming","Teton",9848,4341,488,14677,"0%"
"Wyoming","Uinta",1591,7494,315,9400,"1%"
"Wyoming","Washakie",651,3245,116,4012,"8%"
"Wyoming","Weston",360,3107,75,3542,"10%"
