"state","name","dem","rep","other","totalvotes","margin","remainingvote"
"Alaska","ED 1",3363,3387,314,7064,-24,"7%"
"Alaska","ED 10",2531,7375,365,10271,-4844,"1%"
"Alaska","ED 11",2964,6764,369,10097,-3800,"9%"
"Alaska","ED 12",2713,7341,343,10397,-4628,"5%"
"Alaska","ED 13",2372,4138,345,6855,-1766,"9%"
"Alaska","ED 14",3826,5931,374,10131,-2105,"15%"
"Alaska","ED 15",2335,2426,228,4989,-91,"13%"
"Alaska","ED 16",3960,3295,296,7551,665,"12%"
"Alaska","ED 17",3785,2574,253,6612,1211,"15%"
"Alaska","ED 18",4327,2540,247,7114,1787,"16%"
"Alaska","ED 19",2896,1829,190,4915,1067,"11%"
"Alaska","ED 2",2048,3571,349,5968,-1523,"6%"
"Alaska","ED 20",4482,2126,184,6792,2356,"17%"
"Alaska","ED 21",4974,3355,278,8607,1619,"13%"
"Alaska","ED 22",4045,4204,244,8493,-159,"12%"
"Alaska","ED 23",3513,3421,244,7178,92,"10%"
"Alaska","ED 24",4391,4946,274,9611,-555,"10%"
"Alaska","ED 25",4302,4102,279,8683,200,"7%"
"Alaska","ED 26",4152,4784,265,9201,-632,"10%"
"Alaska","ED 27",4476,4072,295,8843,404,"12%"
"Alaska","ED 28",5856,5717,284,11857,139,"10%"
"Alaska","ED 29",2360,6150,234,8744,-3790,"19%"
"Alaska","ED 3",1861,5989,387,8237,-4128,"6%"
"Alaska","ED 30",2543,6866,334,9743,-4323,"5%"
"Alaska","ED 31",4534,6136,331,11001,-1602,"6%"
"Alaska","ED 32",3163,3984,343,7490,-821,"13%"
"Alaska","ED 33",6982,2760,319,10061,4222,"12%"
"Alaska","ED 34",5356,4197,373,9926,1159,"8%"
"Alaska","ED 35",4755,4385,293,9433,370,"9%"
"Alaska","ED 36",1642,3251,224,5117,-1609,"46%"
"Alaska","ED 37",1486,1492,145,3123,-6,"46%"
"Alaska","ED 38",2176,1327,297,3800,849,"35%"
"Alaska","ED 39",2946,1556,320,4822,1390,"26%"
"Alaska","ED 4",5769,4660,464,10893,1109,"1%"
"Alaska","ED 40",1951,1708,264,3923,243,"26%"
"Alaska","ED 5",4104,4011,361,8476,93,"7%"
"Alaska","ED 6",3107,5568,400,9075,-2461,"7%"
"Alaska","ED 7",2070,6667,349,9086,-4597,"5%"
"Alaska","ED 8",1839,7231,306,9376,-5392,"0%"
"Alaska","ED 9",2611,7445,417,10473,-4834,"0%"
"Alabama","Autauga",7450,19764,425,27639,-12314,"0%"
"Alabama","Baldwin",24344,83055,1546,108945,-58711,"0%"
"Alabama","Barbour",4772,5605,80,10457,-833,"0%"
"Alabama","Bibb",1982,7508,83,9573,-5526,"0%"
"Alabama","Blount",2627,24595,237,27459,-21968,"0%"
"Alabama","Bullock",3439,1143,21,4603,2296,"0%"
"Alabama","Butler",3953,5448,65,9466,-1495,"0%"
"Alabama","Calhoun",15118,34964,661,50743,-19846,"0%"
"Alabama","Chambers",6356,8748,165,15269,-2392,"0%"
"Alabama","Cherokee",1619,10562,94,12275,-8943,"0%"
"Alabama","Chilton",3056,16052,152,19260,-12996,"2%"
"Alabama","Choctaw",3126,4294,41,7461,-1168,"0%"
"Alabama","Clarke",5730,7310,62,13102,-1580,"0%"
"Alabama","Clay",1262,5589,62,6913,-4327,"0%"
"Alabama","Cleburne",672,6472,66,7210,-5800,"0%"
"Alabama","Coffee",5050,16832,298,22180,-11782,"0%"
"Alabama","Colbert",7057,17311,300,24668,-10254,"0%"
"Alabama","Conecuh",2951,3435,33,6419,-484,"0%"
"Alabama","Coosa",1794,3626,52,5472,-1832,"0%"
"Alabama","Covington",2717,14579,122,17418,-11862,"0%"
"Alabama","Crenshaw",1700,4864,53,6617,-3164,"0%"
"Alabama","Cullman",4454,36804,493,41751,-32350,"0%"
"Alabama","Dale",5154,14281,264,19699,-9127,"0%"
"Alabama","Dallas",12228,5523,110,17861,6705,"6%"
"Alabama","DeKalb",4271,24744,307,29322,-20473,"0%"
"Alabama","Elmore",10304,30089,498,40891,-19785,"0%"
"Alabama","Escambia",4894,10844,123,15861,-5950,"0%"
"Alabama","Etowah",11487,35343,630,47460,-23856,"0%"
"Alabama","Fayette",1390,7295,71,8756,-5905,"0%"
"Alabama","Franklin",2085,10364,115,12564,-8279,"0%"
"Alabama","Geneva",1592,10844,102,12538,-9252,"0%"
"Alabama","Greene",3880,875,16,4771,3005,"1%"
"Alabama","Hale",4687,3190,45,7922,1497,"0%"
"Alabama","Henry",2589,6593,84,9266,-4004,"0%"
"Alabama","Houston",12738,32384,628,45750,-19646,"0%"
"Alabama","Jackson",3709,19644,249,23602,-15935,"0%"
"Alabama","Jefferson",180936,138443,5296,324675,42493,"0%"
"Alabama","Lamar",978,6168,41,7187,-5190,"0%"
"Alabama","Lauderdale",11872,31578,699,44149,-19706,"0%"
"Alabama","Lawrence",3544,12266,147,15957,-8722,"0%"
"Alabama","Lee",27600,42019,1361,70980,-14419,"0%"
"Alabama","Limestone",13510,34337,907,48754,-20827,"1%"
"Alabama","Lowndes",4968,1835,27,6830,3133,"0%"
"Alabama","Macon",7084,1539,74,8697,5545,"0%"
"Alabama","Madison",86885,102395,4675,193955,-15510,"1%"
"Alabama","Marengo",5476,5337,69,10882,139,"0%"
"Alabama","Marion",1457,12190,139,13786,-10733,"0%"
"Alabama","Marshall",5880,33094,518,39492,-27214,"0%"
"Alabama","Mobile",78754,100605,2424,181783,-21851,"7%"
"Alabama","Monroe",4425,6129,66,10620,-1704,"0%"
"Alabama","Montgomery",64065,33122,1289,98476,30943,"0%"
"Alabama","Morgan",13159,39504,819,53482,-26345,"1%"
"Alabama","Perry",3849,1336,30,5215,2513,"0%"
"Alabama","Pickens",4017,5590,52,9659,-1573,"0%"
"Alabama","Pike",5613,8020,163,13796,-2407,"0%"
"Alabama","Randolph",2203,8548,73,10824,-6345,"0%"
"Alabama","Russell",11078,9796,234,21108,1282,"0%"
"Alabama","Shelby",33036,79428,1975,114439,-46392,"0%"
"Alabama","St. Clair",7698,36119,529,44346,-28421,"0%"
"Alabama","Sumter",4639,1598,45,6282,3041,"0%"
"Alabama","Talladega",13092,22210,289,35591,-9118,"0%"
"Alabama","Tallapoosa",5815,14905,168,20888,-9090,"0%"
"Alabama","Tuscaloosa",37514,50961,1285,89760,-13447,"3%"
"Alabama","Walker",4826,25947,333,31106,-21121,"1%"
"Alabama","Washington",2253,6554,54,8861,-4301,"0%"
"Alabama","Wilcox",4036,1826,22,5884,2210,"1%"
"Alabama","Winston",974,10187,112,11273,-9213,"0%"
"Arkansas","Arkansas",1813,4301,170,6284,-2488,"6%"
"Arkansas","Ashley",2125,5548,253,7926,-3423,"0%"
"Arkansas","Baxter",4625,15810,533,20968,-11185,"5%"
"Arkansas","Benton",41894,73605,3667,119166,-31711,"0%"
"Arkansas","Boone",3061,13644,398,17103,-10583,"0%"
"Arkansas","Bradley",1208,2332,104,3644,-1124,"3%"
"Arkansas","Calhoun",467,1609,67,2143,-1142,"8%"
"Arkansas","Carroll",3941,7352,346,11639,-3411,"0%"
"Arkansas","Chicot",2252,1750,91,4093,502,"16%"
"Arkansas","Clark",3413,4605,340,8358,-1192,"0%"
"Arkansas","Clay",962,4086,135,5183,-3124,"3%"
"Arkansas","Cleburne",1962,10292,363,12617,-8330,"0%"
"Arkansas","Cleveland",651,2867,82,3600,-2216,"0%"
"Arkansas","Columbia",2781,5469,300,8550,-2688,"0%"
"Arkansas","Conway",2593,5672,376,8641,-3079,"0%"
"Arkansas","Craighead",11854,25482,1028,38364,-13628,"0%"
"Arkansas","Crawford",4936,18566,523,24025,-13630,"4%"
"Arkansas","Crittenden",8325,7244,517,16086,1081,"14%"
"Arkansas","Cross",1759,4928,224,6911,-3169,"3%"
"Arkansas","Dallas",963,1573,113,2649,-610,"23%"
"Arkansas","Desha",2016,1921,227,4164,95,"16%"
"Arkansas","Drew",2408,4338,133,6879,-1930,"0%"
"Arkansas","Faulkner",18267,34338,1659,54264,-16071,"0%"
"Arkansas","Franklin",1299,5675,151,7125,-4376,"0%"
"Arkansas","Fulton",1031,3944,123,5098,-2913,"0%"
"Arkansas","Garland",14043,29065,1085,44193,-15022,"3%"
"Arkansas","Grant",1268,6794,138,8200,-5526,"0%"
"Arkansas","Greene",3045,12651,370,16066,-9606,"2%"
"Arkansas","Hempstead",2135,4463,240,6838,-2328,"6%"
"Arkansas","Hot Spring",3053,9178,272,12503,-6125,"7%"
"Arkansas","Howard",1333,3358,127,4818,-2025,"0%"
"Arkansas","Independence",2798,11232,456,14486,-8434,"0%"
"Arkansas","Izard",1019,4615,158,5792,-3596,"0%"
"Arkansas","Jackson",1365,3593,133,5091,-2228,"0%"
"Arkansas","Jefferson",14882,9500,648,25030,5382,"18%"
"Arkansas","Johnson",2262,6867,273,9402,-4605,"0%"
"Arkansas","Lafayette",839,1757,83,2679,-918,"18%"
"Arkansas","Lawrence",1080,4569,208,5857,-3489,"0%"
"Arkansas","Lee",1423,1286,139,2848,137,"26%"
"Arkansas","Lincoln",1031,2725,114,3870,-1694,"0%"
"Arkansas","Little River",1226,3714,238,5178,-2488,"0%"
"Arkansas","Logan",1544,6438,240,8222,-4894,"0%"
"Arkansas","Lonoke",6684,22884,1092,30660,-16200,"0%"
"Arkansas","Madison",1555,5630,130,7315,-4075,"0%"
"Arkansas","Marion",1526,5767,188,7481,-4241,"0%"
"Arkansas","Miller",4235,11907,364,16506,-7672,"8%"
"Arkansas","Mississippi",4542,7262,483,12287,-2720,"11%"
"Arkansas","Monroe",1146,1545,124,2815,-399,"22%"
"Arkansas","Montgomery",722,3021,96,3839,-2299,"0%"
"Arkansas","Nevada",1076,2133,149,3358,-1057,"0%"
"Arkansas","Newton",709,3192,97,3998,-2483,"0%"
"Arkansas","Ouachita",3395,5253,345,8993,-1858,"22%"
"Arkansas","Perry",1005,3466,136,4607,-2461,"0%"
"Arkansas","Phillips",3561,2393,201,6155,1168,"0%"
"Arkansas","Pike",644,3519,83,4246,-2875,"0%"
"Arkansas","Poinsett",1388,5852,178,7418,-4464,"7%"
"Arkansas","Polk",1242,7018,208,8468,-5776,"0%"
"Arkansas","Pope",5747,18041,579,24367,-12294,"4%"
"Arkansas","Prairie",646,2764,55,3465,-2118,"2%"
"Arkansas","Pulaski",98855,62389,4224,165468,36466,"8%"
"Arkansas","Randolph",1203,5327,239,6769,-4124,"0%"
"Arkansas","Saint Francis",3571,3221,262,7054,350,"25%"
"Arkansas","Saline",16042,39519,1342,56903,-23477,"0%"
"Arkansas","Scott",483,2962,106,3551,-2479,"5%"
"Arkansas","Searcy",588,3365,66,4019,-2777,"0%"
"Arkansas","Sebastian",14371,31024,1443,46838,-16653,"6%"
"Arkansas","Sevier",1116,3884,202,5202,-2768,"0%"
"Arkansas","Sharp",1398,5938,230,7566,-4540,"0%"
"Arkansas","Stone",1180,4616,142,5938,-3436,"0%"
"Arkansas","Union",5559,10446,543,16548,-4887,"7%"
"Arkansas","Van Buren",1566,5962,176,7704,-4396,"0%"
"Arkansas","Washington",43327,47229,2911,93467,-3902,"0%"
"Arkansas","White",5909,24057,723,30689,-18148,"2%"
"Arkansas","Woodruff",856,1543,77,2476,-687,"11%"
"Arkansas","Yell",1275,5205,231,6711,-3930,"0%"
"Arizona","Apache",22730,11240,NA,34397,11490,"4%"
"Arizona","Cochise",23370,34309,NA,58794,-10939,"3%"
"Arizona","Coconino",44609,27043,NA,73174,17566,"0%"
"Arizona","Gila",8943,18377,NA,27662,-9434,"0%"
"Arizona","Graham",4034,10747,NA,14993,-6713,"0%"
"Arizona","Greenlee",1182,2433,NA,3685,-1251,"0%"
"Arizona","La Paz",2236,5129,NA,7458,-2893,"0%"
"Arizona","Maricopa",1040553,995480,NA,2067720,45073,"0%"
"Arizona","Mohave",24831,78535,NA,104668,-53704,"0%"
"Arizona","Navajo",23383,27657,NA,51767,-4274,"0%"
"Arizona","Pima",303405,205736,NA,516716,97669,"1%"
"Arizona","Pinal",75106,107077,3342,185525,-31971,"0%"
"Arizona","Santa Cruz",13138,6194,NA,19556,6944,"0%"
"Arizona","Yavapai",49602,91527,NA,143221,-41925,"0%"
"Arizona","Yuma",31562,35766,NA,68427,-4204,"3%"
"California","Alameda",616180,135925,15856,767961,480255,"0%"
"California","Alpine",473,238,25,736,235,"0%"
"California","Amador",8147,13571,NA,22282,-5424,"0%"
"California","Butte",49402,47568,NA,99780,1834,"8%"
"California","Calaveras",9845,16287,NA,26717,-6442,"0%"
"California","Colusa",3114,4399,NA,7672,-1285,"0%"
"California","Contra Costa",407639,148623,NA,567882,259016,"0%"
"California","Del Norte",4656,6434,NA,11403,-1778,"0%"
"California","El Dorado",51157,60967,NA,114766,-9810,"0%"
"California","Fresno",188224,160689,NA,356004,27535,"0%"
"California","Glenn",3815,6854,NA,10890,-3039,"0%"
"California","Humboldt",31010,13756,NA,45961,17254,"32%"
"California","Imperial",28644,16338,NA,45919,12306,"16%"
"California","Inyo",4495,4436,NA,9147,59,"1%"
"California","Kern",114921,139515,NA,260581,-24594,"6%"
"California","Kings",17729,23169,NA,41933,-5440,"0%"
"California","Lake",6874,3955,NA,11038,2919,"60%"
"California","Lassen",2772,8798,NA,11779,-6026,"3%"
"California","Los Angeles",2947568,1107090,NA,4139895,1840478,"0%"
"California","Madera",22438,28458,NA,52029,-6020,"0%"
"California","Marin",125172,23662,NA,151603,101510,"5%"
"California","Mariposa",4088,5950,NA,10280,-1862,"0%"
"California","Mendocino",18303,6312,NA,25171,11991,"41%"
"California","Merced",47861,38568,NA,88533,9293,"0%"
"California","Modoc",1063,2675,NA,3805,-1612,"16%"
"California","Mono",3998,2504,NA,6713,1494,"0%"
"California","Monterey",109145,43439,NA,155994,65706,"0%"
"California","Napa",46962,19388,NA,67847,27574,"3%"
"California","Nevada",30860,22059,NA,54177,8801,"13%"
"California","Orange",808164,670245,NA,1509332,137919,"0%"
"California","Placer",99585,110859,NA,215442,-11274,"0%"
"California","Plumas",4465,6247,238,10950,-1782,"4%"
"California","Riverside",415309,349033,NA,778512,66276,"9%"
"California","Sacramento",338632,186311,NA,536614,152321,"0%"
"California","San Benito",17315,10412,NA,28317,6903,"0%"
"California","San Bernardino",393833,319279,15483,728595,74554,"2%"
"California","San Diego",956778,594619,NA,1587899,362159,"0%"
"California","San Francisco",375630,55988,NA,440418,319642,"5%"
"California","San Joaquin",122193,87313,NA,213654,34880,"16%"
"California","San Luis Obispo",85183,64514,NA,153409,20669,"0%"
"California","San Mateo",279360,72284,NA,358289,207076,"0%"
"California","Santa Barbara",126419,63583,NA,194378,62836,"4%"
"California","Santa Clara",587945,203648,NA,808509,384297,"0%"
"California","Santa Cruz",112056,26251,NA,141811,85805,"3%"
"California","Shasta",29312,58886,NA,90225,-29574,"1%"
"California","Sierra",730,1142,NA,1930,-412,"7%"
"California","Siskiyou",9456,12985,NA,22991,-3529,"2%"
"California","Solano",130292,68382,NA,203451,61910,"0%"
"California","Sonoma",153342,40478,3783,197603,112864,"25%"
"California","Stanislaus",97430,94152,NA,195857,3278,"0%"
"California","Sutter",16961,23864,NA,41694,-6903,"0%"
"California","Tehama",8493,17739,NA,26826,-9246,"2%"
"California","Trinity",2383,2513,199,5095,-130,"21%"
"California","Tulare",64842,76063,NA,143976,-11221,"0%"
"California","Tuolumne",11808,17302,NA,29820,-5494,"0%"
"California","Ventura",249742,160835,NA,419577,88907,"0%"
"California","Yolo",47504,16128,NA,64934,31376,"31%"
"California","Yuba",10343,16210,NA,27329,-5867,"0%"
"Colorado","Adams",132951,94874,NA,234599,38077,"0%"
"Colorado","Alamosa",3624,3676,NA,7519,-52,"8%"
"Colorado","Arapahoe",211498,126124,NA,346740,85374,"3%"
"Colorado","Archuleta",3693,5126,NA,9030,-1433,"0%"
"Colorado","Baca",317,1866,NA,2224,-1549,"0%"
"Colorado","Bent",723,1468,NA,2229,-745,"0%"
"Colorado","Boulder",150247,39289,NA,193656,110958,"13%"
"Colorado","Broomfield",28871,16188,NA,46297,12683,"0%"
"Colorado","Chaffee",7112,6180,NA,13620,932,"0%"
"Colorado","Cheyenne",127,966,NA,1105,-839,"9%"
"Colorado","Clear Creek",3603,2753,NA,6545,850,"4%"
"Colorado","Conejos",1936,2269,NA,4291,-333,"0%"
"Colorado","Costilla",1279,713,NA,2031,566,"7%"
"Colorado","Crowley",427,1262,41,1730,-835,"0%"
"Colorado","Custer",1104,2433,NA,3585,-1329,"1%"
"Colorado","Delta",5862,13013,397,19272,-7151,"3%"
"Colorado","Denver",313090,71543,NA,393529,241547,"0%"
"Colorado","Dolores",332,1080,NA,1431,-748,"0%"
"Colorado","Douglas",104199,120661,NA,230478,-16462,"0%"
"Colorado","Eagle",18095,9685,NA,28427,8410,"0%"
"Colorado","El Paso",160265,200968,NA,375058,-40703,"0%"
"Colorado","Elbert",4395,13722,NA,18554,-9327,"2%"
"Colorado","Fremont",7170,17231,NA,25058,-10061,"3%"
"Colorado","Garfield",15070,14404,NA,30216,666,"3%"
"Colorado","Gilpin",2199,1815,NA,4143,384,"0%"
"Colorado","Grand",4676,4857,NA,9804,-181,"3%"
"Colorado","Gunnison",6976,3599,312,10887,3377,"2%"
"Colorado","Hinsdale",255,353,NA,632,-98,"4%"
"Colorado","Huerfano",2071,2193,125,4389,-122,"0%"
"Colorado","Jackson",173,680,20,873,-507,"0%"
"Colorado","Jefferson",218166,148227,NA,376915,69939,"0%"
"Colorado","Kiowa",98,795,NA,902,-697,"4%"
"Colorado","Kit Carson",644,3084,NA,3792,-2440,"7%"
"Colorado","La Plata",20450,14194,NA,35524,6256,"0%"
"Colorado","Lake",2287,1492,NA,3938,795,"2%"
"Colorado","Larimer",125765,91197,NA,223653,34568,"2%"
"Colorado","Las Animas",3465,4255,NA,7897,-790,"2%"
"Colorado","Lincoln",467,2118,NA,2630,-1651,"2%"
"Colorado","Logan",2201,7987,NA,10411,-5786,"9%"
"Colorado","Mesa",30106,53344,NA,85368,-23238,"7%"
"Colorado","Mineral",317,425,NA,754,-108,"0%"
"Colorado","Moffat",1186,5627,NA,6964,-4441,"3%"
"Colorado","Montezuma",5802,9267,NA,15421,-3465,"0%"
"Colorado","Montrose",7648,16658,NA,24764,-9010,"1%"
"Colorado","Morgan",3741,9407,NA,13415,-5666,"5%"
"Colorado","Otero",3552,5696,NA,9459,-2144,"5%"
"Colorado","Ouray",2341,1547,NA,3960,794,"0%"
"Colorado","Park",4786,6864,NA,12032,-2078,"2%"
"Colorado","Phillips",477,1945,NA,2461,-1468,"4%"
"Colorado","Pitkin",8906,2739,NA,11829,6167,"5%"
"Colorado","Prowers",1438,3977,NA,5507,-2539,"7%"
"Colorado","Pueblo",43070,41502,NA,86760,1568,"7%"
"Colorado","Rio Blanco",557,3047,NA,3672,-2490,"3%"
"Colorado","Rio Grande",2488,3645,147,6280,-1157,"0%"
"Colorado","Routt",10523,5883,361,16767,4640,"0%"
"Colorado","Saguache",1857,1389,NA,3337,468,"0%"
"Colorado","San Juan",342,202,19,563,140,"0%"
"Colorado","San Miguel",3890,1081,86,5057,2809,"1%"
"Colorado","Sedgwick",297,1120,NA,1441,-823,"4%"
"Colorado","Summit",12535,5275,NA,18330,7260,"4%"
"Colorado","Teller",5224,11158,NA,16793,-5934,"1%"
"Colorado","Washington",363,2537,NA,2943,-2174,"2%"
"Colorado","Weld",65169,94965,NA,164791,-29796,"0%"
"Colorado","Yuma",763,4037,NA,4885,-3274,"7%"
"Connecticut","Fairfield",296239,167905,6612,470756,128334,"NA%"
"Connecticut","Hartford",284335,159361,7044,450740,124974,"NA%"
"Connecticut","Litchfield",50164,55609,1784,107557,-5445,"NA%"
"Connecticut","Middlesex",56848,40665,1685,99198,16183,"NA%"
"Connecticut","New Haven",241415,169566,5418,416399,71849,"NA%"
"Connecticut","New London",79459,57110,3035,139604,22349,"NA%"
"Connecticut","Tolland",44006,34819,1721,80546,9187,"NA%"
"Connecticut","Windham",26702,29141,1235,57078,-2439,"NA%"
"District of Columbia","Ward 1",35485,1506,771,37762,33979,"17%"
"District of Columbia","Ward 2",26086,2558,738,29382,23528,"21%"
"District of Columbia","Ward 3",35882,3233,941,40056,32649,"16%"
"District of Columbia","Ward 4",37842,1643,717,40202,36199,"12%"
"District of Columbia","Ward 5",39411,1545,869,41825,37866,"6%"
"District of Columbia","Ward 6",49488,3868,1594,54950,45620,"5%"
"District of Columbia","Ward 7",33182,997,766,34945,32185,"6%"
"District of Columbia","Ward 8",28352,956,760,30068,27396,"8%"
"Delaware","Kent",44552,41009,1464,87025,3543,"0%"
"Delaware","New Castle",195034,88364,4235,287633,106670,"0%"
"Delaware","Sussex",56682,71230,1440,129352,-14548,"0%"
"Florida","Alachua",89527,50891,2366,142784,38636,"0%"
"Florida","Baker",2037,11911,134,14082,-9874,"0%"
"Florida","Bay",25572,66063,1496,93131,-40491,"12%"
"Florida","Bradford",3160,10334,156,13650,-7174,"0%"
"Florida","Brevard",148479,207857,4330,360666,-59378,"0%"
"Florida","Broward",618597,333346,7475,959418,285251,"1%"
"Florida","Calhoun",1209,5274,54,6537,-4065,"0%"
"Florida","Charlotte",42240,73202,1039,116481,-30962,"0%"
"Florida","Citrus",27088,65348,944,93380,-38260,"3%"
"Florida","Clay",38294,84470,1858,124622,-46176,"4%"
"Florida","Collier",77595,128936,NA,207758,-51341,"1%"
"Florida","Columbia",8912,23835,292,33039,-14923,"3%"
"Florida","DeSoto",4259,8313,104,12676,-4054,"0%"
"Florida","Dixie",1364,6758,49,8171,-5394,"0%"
"Florida","Duval",252450,233687,6419,492556,18763,"0%"
"Florida","Escambia",70893,96655,2763,170311,-25762,"8%"
"Florida","Flagler",28148,43039,659,71846,-14891,"0%"
"Florida","Franklin",2118,4675,64,6857,-2557,"0%"
"Florida","Gadsden",16152,7465,183,23800,8687,"0%"
"Florida","Gilchrist",1700,7895,107,9702,-6195,"0%"
"Florida","Glades",1384,3781,36,5201,-2397,"0%"
"Florida","Gulf",1985,6113,74,8172,-4128,"0%"
"Florida","Hamilton",1963,3815,60,5838,-1852,"0%"
"Florida","Hardee",2298,6122,NA,8485,-3824,"0%"
"Florida","Hendry",4929,7904,121,12954,-2975,"0%"
"Florida","Hernando",37446,70321,1409,109176,-32875,"0%"
"Florida","Highlands",16917,34846,NA,52117,-17929,"2%"
"Florida","Hillsborough",376196,327306,NA,711722,48890,"0%"
"Florida","Holmes",924,8079,74,9077,-7155,"0%"
"Florida","Indian River",37843,58870,1024,97737,-21027,"0%"
"Florida","Jackson",6766,15488,165,22419,-8722,"0%"
"Florida","Jefferson",3895,4478,92,8465,-583,"0%"
"Florida","Lafayette",509,3128,24,3661,-2619,"0%"
"Florida","Lake",83491,125853,2358,211702,-42362,"0%"
"Florida","Lee",157672,233242,NA,393854,-75570,"0%"
"Florida","Leon",103492,57446,1957,162895,46046,"13%"
"Florida","Levy",6203,16746,231,23180,-10543,"1%"
"Florida","Liberty",693,2846,23,3562,-2153,"0%"
"Florida","Madison",3747,5576,57,9380,-1829,"0%"
"Florida","Manatee",90127,124966,NA,216879,-34839,"0%"
"Florida","Marion",74848,127825,1948,204621,-52977,"0%"
"Florida","Martin",36878,61152,881,98911,-24274,"0%"
"Florida","Miami-Dade",617647,532734,8219,1158600,84913,"4%"
"Florida","Monroe",21864,25688,560,48112,-3824,"7%"
"Florida","Nassau",15561,42563,785,58909,-27002,"0%"
"Florida","Okaloosa",34227,79771,2679,116677,-45544,"5%"
"Florida","Okeechobee",4389,11470,124,15983,-7081,"0%"
"Florida","Orange",394857,245325,NA,647059,149532,"4%"
"Florida","Osceola",97278,73467,NA,172374,23811,"0%"
"Florida","Palm Beach",433392,334642,NA,772839,98750,"5%"
"Florida","Pasco",118918,179545,3271,301734,-60627,"0%"
"Florida","Pinellas",277397,276191,7537,561125,1206,"7%"
"Florida","Polk",145022,194571,4386,343979,-49549,"0%"
"Florida","Putnam",10524,25514,370,36408,-14990,"0%"
"Florida","Santa Rosa",27582,77349,1926,106857,-49767,"0%"
"Florida","Sarasota",120050,148323,2690,271063,-28273,"4%"
"Florida","Seminole",132486,125217,NA,260699,7269,"6%"
"Florida","St. Johns",63808,110886,2248,176942,-47078,"1%"
"Florida","St. Lucie",84115,86825,NA,172130,-2710,"0%"
"Florida","Sumter",29331,62757,521,92609,-33426,"2%"
"Florida","Suwannee",4485,16410,NA,21057,-11925,"0%"
"Florida","Taylor",2299,7748,NA,10122,-5449,"0%"
"Florida","Union",1053,5133,65,6251,-4080,"0%"
"Florida","Volusia",130451,173797,3643,307891,-43346,"3%"
"Florida","Wakulla",5348,12873,217,18438,-7525,"1%"
"Florida","Walton",10336,32942,508,43786,-22606,"0%"
"Florida","Washington",2347,9876,NA,12327,-7529,"0%"
"Georgia","Appling",1779,6526,NA,8341,-4747,"0%"
"Georgia","Atkinson",825,2300,30,3155,-1475,"0%"
"Georgia","Bacon",625,4018,25,4668,-3393,"0%"
"Georgia","Baker",652,897,NA,1555,-245,"0%"
"Georgia","Baldwin",9140,8903,NA,18251,237,"0%"
"Georgia","Banks",932,7795,NA,8801,-6863,"0%"
"Georgia","Barrow",10453,26804,760,38017,-16351,"0%"
"Georgia","Bartow",12092,37674,NA,50467,-25582,"0%"
"Georgia","Ben Hill",2392,4110,NA,6560,-1718,"0%"
"Georgia","Berrien",1269,6419,NA,7743,-5150,"0%"
"Georgia","Bibb",43468,26585,NA,70802,16883,"0%"
"Georgia","Bleckley",1311,4328,NA,5706,-3017,"0%"
"Georgia","Brantley",699,6991,NA,7746,-6292,"0%"
"Georgia","Brooks",2790,4260,NA,7100,-1470,"0%"
"Georgia","Bryan",6739,14244,NA,21340,-7505,"0%"
"Georgia","Bulloch",11243,18386,NA,30084,-7143,"0%"
"Georgia","Burke",5209,5400,NA,10684,-191,"0%"
"Georgia","Butts",3272,8405,112,11789,-5133,"0%"
"Georgia","Calhoun",1260,923,NA,2194,337,"0%"
"Georgia","Camden",7967,15251,NA,23688,-7284,"0%"
"Georgia","Candler",1269,3134,NA,4432,-1865,"0%"
"Georgia","Carroll",16238,37476,NA,54474,-21238,"0%"
"Georgia","Catoosa",6932,25167,593,32692,-18235,"0%"
"Georgia","Charlton",1103,3419,NA,4566,-2316,"0%"
"Georgia","Chatham",78369,53288,NA,133589,25081,"0%"
"Georgia","Chattahoochee",667,880,43,1590,-213,"0%"
"Georgia","Chattooga",1854,8064,NA,10050,-6210,"0%"
"Georgia","Cherokee",42794,99587,NA,144830,-56793,"0%"
"Georgia","Clarke",36048,14446,NA,51333,21602,"0%"
"Georgia","Clay",790,637,NA,1434,153,"0%"
"Georgia","Clayton",95476,15813,NA,112344,79663,"0%"
"Georgia","Clinch",747,2105,NA,2864,-1358,"0%"
"Georgia","Cobb",221844,165459,NA,393744,56385,"0%"
"Georgia","Coffee",4511,10578,NA,15214,-6067,"0%"
"Georgia","Colquitt",4187,11777,NA,16083,-7590,"0%"
"Georgia","Columbia",29236,50013,NA,80579,-20777,"0%"
"Georgia","Cook",2059,4900,NA,7035,-2841,"0%"
"Georgia","Coweta",24210,51501,NA,76799,-27291,"0%"
"Georgia","Crawford",1615,4428,NA,6102,-2813,"0%"
"Georgia","Crisp",2986,4987,79,8052,-2001,"0%"
"Georgia","Dade",1261,6066,NA,7434,-4805,"0%"
"Georgia","Dawson",2486,13398,NA,16081,-10912,"0%"
"Georgia","DeKalb",308112,58361,NA,370675,249751,"0%"
"Georgia","Decatur",4780,6758,NA,11627,-1978,"0%"
"Georgia","Dodge",2171,5843,NA,8070,-3672,"0%"
"Georgia","Dooly",1911,2159,NA,4105,-248,"0%"
"Georgia","Dougherty",24579,10449,NA,35308,14130,"0%"
"Georgia","Douglas",42653,25323,NA,68806,17330,"0%"
"Georgia","Early",2437,2722,NA,5187,-285,"0%"
"Georgia","Echols",167,1256,NA,1441,-1089,"0%"
"Georgia","Effingham",7720,23357,547,31624,-15637,"0%"
"Georgia","Elbert",2879,6226,NA,9171,-3347,"0%"
"Georgia","Emanuel",2884,6551,66,9501,-3667,"0%"
"Georgia","Evans",1324,2888,NA,4247,-1564,"0%"
"Georgia","Fannin",2571,12169,NA,14850,-9598,"0%"
"Georgia","Fayette",31933,36372,NA,69238,-4439,"0%"
"Georgia","Floyd",10972,27120,NA,38588,-16148,"0%"
"Georgia","Forsyth",42203,85122,NA,129305,-42919,"0%"
"Georgia","Franklin",1593,9069,124,10786,-7476,"0%"
"Georgia","Fulton",381144,137240,NA,524659,243904,"0%"
"Georgia","Gilmer",2932,13429,NA,16525,-10497,"0%"
"Georgia","Glascock",155,1403,NA,1566,-1248,"0%"
"Georgia","Glynn",15879,25616,NA,41984,-9737,"0%"
"Georgia","Gordon",4384,19405,NA,24033,-15021,"0%"
"Georgia","Grady",3619,7034,NA,10707,-3415,"0%"
"Georgia","Greene",4088,7068,NA,11247,-2980,"0%"
"Georgia","Gwinnett",241827,166413,NA,413865,75414,"0%"
"Georgia","Habersham",3563,16637,NA,20432,-13074,"0%"
"Georgia","Hall",25031,64170,NA,90523,-39139,"0%"
"Georgia","Hancock",2985,1159,NA,4165,1826,"0%"
"Georgia","Haralson",1792,12331,149,14272,-10539,"0%"
"Georgia","Harris",5457,14319,NA,19991,-8862,"0%"
"Georgia","Hart",3157,9464,NA,12727,-6307,"0%"
"Georgia","Heard",824,4516,57,5397,-3692,"0%"
"Georgia","Henry",73276,48187,NA,122742,25089,"0%"
"Georgia","Houston",32232,41534,NA,74823,-9302,"0%"
"Georgia","Irwin",1008,3134,NA,4168,-2126,"0%"
"Georgia","Jackson",7642,29497,NA,37670,-21855,"0%"
"Georgia","Jasper",1761,5822,NA,7644,-4061,"0%"
"Georgia","Jeff Davis",1028,4695,NA,5771,-3667,"0%"
"Georgia","Jefferson",4061,3537,NA,7642,524,"0%"
"Georgia","Jenkins",1266,2161,NA,3455,-895,"0%"
"Georgia","Johnson",1222,2850,NA,4100,-1628,"0%"
"Georgia","Jones",4888,9965,NA,14966,-5077,"0%"
"Georgia","Lamar",2615,6330,NA,9039,-3715,"0%"
"Georgia","Lanier",1019,2509,NA,3576,-1490,"0%"
"Georgia","Laurens",8073,14493,NA,22729,-6420,"0%"
"Georgia","Lee",4558,12007,NA,16714,-7449,"0%"
"Georgia","Liberty",13051,7944,NA,21326,5107,"0%"
"Georgia","Lincoln",1435,3179,NA,4650,-1744,"0%"
"Georgia","Long",2033,3528,NA,5656,-1495,"0%"
"Georgia","Lowndes",20117,25691,NA,46355,-5574,"0%"
"Georgia","Lumpkin",3126,12163,NA,15531,-9037,"0%"
"Georgia","Macon",2857,1783,NA,4662,1074,"0%"
"Georgia","Madison",3411,11326,NA,14937,-7915,"0%"
"Georgia","Marion",1311,2275,NA,3624,-964,"0%"
"Georgia","McDuffie",4168,6169,NA,10455,-2001,"0%"
"Georgia","McIntosh",2612,4016,NA,6696,-1404,"0%"
"Georgia","Meriwether",4287,6524,NA,10877,-2237,"0%"
"Georgia","Miller",749,2066,NA,2835,-1317,"0%"
"Georgia","Mitchell",3995,4935,NA,8963,-940,"0%"
"Georgia","Monroe",4384,11060,NA,15592,-6676,"0%"
"Georgia","Montgomery",979,2960,NA,3966,-1981,"0%"
"Georgia","Morgan",3355,8230,NA,11707,-4875,"0%"
"Georgia","Murray",2302,12943,NA,15389,-10641,"0%"
"Georgia","Muscogee",49529,30049,NA,80543,19480,"0%"
"Georgia","Newton",29794,23869,NA,54239,5925,"0%"
"Georgia","Oconee",8162,16595,NA,25168,-8433,"0%"
"Georgia","Oglethorpe",2436,5593,NA,8131,-3157,"0%"
"Georgia","Paulding",29704,54525,NA,85385,-24821,"0%"
"Georgia","Peach",5920,6502,NA,12545,-582,"0%"
"Georgia","Pickens",2808,14075,NA,17116,-11267,"0%"
"Georgia","Pierce",1100,7899,NA,9048,-6799,"0%"
"Georgia","Pike",1505,9127,NA,10720,-7622,"0%"
"Georgia","Polk",3658,13589,NA,17399,-9931,"0%"
"Georgia","Pulaski",1217,2805,NA,4059,-1588,"0%"
"Georgia","Putnam",3448,8291,NA,11855,-4843,"0%"
"Georgia","Quitman",497,604,5,1106,-107,"0%"
"Georgia","Rabun",1984,7474,NA,9568,-5490,"0%"
"Georgia","Randolph",1671,1391,NA,3074,280,"0%"
"Georgia","Richmond",59124,26781,NA,87016,32343,"0%"
"Georgia","Rockdale",31244,13012,NA,44686,18232,"0%"
"Georgia","Schley",462,1800,NA,2275,-1338,"0%"
"Georgia","Screven",2661,3916,NA,6628,-1255,"0%"
"Georgia","Seminole",1254,2611,NA,3884,-1357,"0%"
"Georgia","Spalding",11784,18057,NA,30116,-6273,"0%"
"Georgia","Stephens",2385,9368,NA,11885,-6983,"0%"
"Georgia","Stewart",1182,801,NA,1990,381,"0%"
"Georgia","Sumter",6318,5732,NA,12150,586,"0%"
"Georgia","Talbot",2114,1392,NA,3522,722,"0%"
"Georgia","Taliaferro",561,360,NA,928,201,"0%"
"Georgia","Tattnall",2061,6053,NA,8183,-3992,"0%"
"Georgia","Taylor",1387,2418,NA,3839,-1031,"0%"
"Georgia","Telfair",1487,2825,NA,4333,-1338,"0%"
"Georgia","Terrell",2376,2004,NA,4416,372,"0%"
"Georgia","Thomas",8708,12954,NA,21853,-4246,"0%"
"Georgia","Tift",5322,10784,NA,16283,-5462,"0%"
"Georgia","Toombs",2939,7872,NA,10914,-4933,"0%"
"Georgia","Towns",1550,6384,NA,7979,-4834,"0%"
"Georgia","Treutlen",952,2101,NA,3077,-1149,"0%"
"Georgia","Troup",11585,18146,NA,30059,-6561,"0%"
"Georgia","Turner",1410,2349,NA,3792,-939,"0%"
"Georgia","Twiggs",2044,2370,NA,4444,-326,"0%"
"Georgia","Union",2801,12651,140,15592,-9850,"0%"
"Georgia","Upson",4201,8608,NA,12905,-4407,"0%"
"Georgia","Walker",5769,23174,493,29436,-17405,"0%"
"Georgia","Walton",12634,37617,NA,50812,-24983,"0%"
"Georgia","Ware",4249,9930,NA,14296,-5681,"0%"
"Georgia","Warren",1488,1177,16,2681,311,"0%"
"Georgia","Washington",4730,4663,NA,9459,67,"0%"
"Georgia","Wayne",2687,9987,NA,12778,-7300,"0%"
"Georgia","Webster",639,748,3,1390,-109,"0%"
"Georgia","Wheeler",689,1583,NA,2285,-894,"0%"
"Georgia","White",2411,12222,NA,14816,-9811,"0%"
"Georgia","Whitfield",10670,25636,NA,36746,-14966,"0%"
"Georgia","Wilcox",862,2403,16,3281,-1541,"0%"
"Georgia","Wilkes",2159,2823,NA,5029,-664,"0%"
"Georgia","Wilkinson",2075,2664,31,4770,-589,"0%"
"Georgia","Worth",2395,6831,NA,9286,-4436,"0%"
"Hawaii","Hawaii",58683,26851,2182,87716,31832,"0%"
"Hawaii","Honolulu",238869,136259,6986,382114,102610,"0%"
"Hawaii","Kauai",21217,11579,690,33486,9638,"0%"
"Hawaii","Maui",47301,22111,1613,71025,25190,"0%"
"Iowa","Adair",1197,2917,69,4183,-1720,"0%"
"Iowa","Adams",590,1528,40,2158,-938,"0%"
"Iowa","Allamakee",2575,4733,151,7459,-2158,"0%"
"Iowa","Appanoose",1891,4512,NA,6506,-2621,"0%"
"Iowa","Audubon",1071,2295,NA,3416,-1224,"4%"
"Iowa","Benton",5156,9179,292,14627,-4023,"1%"
"Iowa","Black Hawk",35621,29623,1305,66549,5998,"14%"
"Iowa","Boone",6303,8695,NA,15306,-2392,"0%"
"Iowa","Bremer",5954,8287,293,14534,-2333,"7%"
"Iowa","Buchanan",4169,6420,NA,10764,-2251,"2%"
"Iowa","Buena Vista",2919,5004,149,8072,-2085,"8%"
"Iowa","Butler",2424,5542,NA,8084,-3118,"0%"
"Iowa","Calhoun",1470,3689,NA,5249,-2219,"4%"
"Iowa","Carroll",3454,7737,NA,11306,-4283,"0%"
"Iowa","Cass",2201,4969,NA,7266,-2768,"0%"
"Iowa","Cedar",4337,6161,205,10703,-1824,"0%"
"Iowa","Cerro Gordo",10941,12435,418,23794,-1494,"5%"
"Iowa","Cherokee",1936,4495,NA,6503,-2559,"3%"
"Iowa","Chickasaw",2233,4308,NA,6617,-2075,"0%"
"Iowa","Clarke",1466,3140,60,4666,-1674,"0%"
"Iowa","Clay",2662,6137,NA,8948,-3475,"1%"
"Iowa","Clayton",3340,6106,NA,9581,-2766,"0%"
"Iowa","Clinton",10806,13349,514,24669,-2543,"6%"
"Iowa","Crawford",2220,4854,NA,7146,-2634,"0%"
"Iowa","Dallas",26879,27987,NA,55847,-1108,"0%"
"Iowa","Davis",1013,3032,NA,4099,-2019,"0%"
"Iowa","Decatur",1120,2615,NA,3801,-1495,"0%"
"Iowa","Delaware",3157,6666,NA,9981,-3509,"0%"
"Iowa","Des Moines",8887,10589,471,19947,-1702,"7%"
"Iowa","Dickinson",3661,7438,NA,11230,-3777,"7%"
"Iowa","Dubuque",25655,27214,1055,53924,-1559,"8%"
"Iowa","Emmet",1520,3265,NA,4850,-1745,"3%"
"Iowa","Fayette",3834,6145,205,10184,-2311,"0%"
"Iowa","Floyd",3168,4730,128,8026,-1562,"7%"
"Iowa","Franklin",1626,3422,NA,5119,-1796,"4%"
"Iowa","Fremont",1078,2711,66,3855,-1633,"0%"
"Iowa","Greene",1768,3221,65,5054,-1453,"0%"
"Iowa","Grundy",2206,4929,NA,7260,-2723,"0%"
"Iowa","Guthrie",1985,4272,112,6369,-2287,"0%"
"Iowa","Hamilton",2842,4956,718,8516,-2114,"0%"
"Iowa","Hancock",1683,4390,NA,6161,-2707,"1%"
"Iowa","Hardin",2976,5850,NA,8975,-2874,"4%"
"Iowa","Harrison",2440,5569,NA,8144,-3129,"0%"
"Iowa","Henry",3275,6507,NA,9964,-3232,"2%"
"Iowa","Howard",1772,3127,NA,4952,-1355,"0%"
"Iowa","Humboldt",1442,3819,NA,5321,-2377,"1%"
"Iowa","Ida",917,2876,52,3845,-1959,"0%"
"Iowa","Iowa",3547,6009,NA,9716,-2462,"0%"
"Iowa","Jackson",4029,6940,NA,11118,-2911,"0%"
"Iowa","Jasper",7737,12082,362,20181,-4345,"2%"
"Iowa","Jefferson",4314,4442,196,8952,-128,"9%"
"Iowa","Johnson",59177,22925,NA,83570,36252,"6%"
"Iowa","Jones",4213,6572,NA,10965,-2359,"0%"
"Iowa","Keokuk",1414,3797,NA,5291,-2383,"0%"
"Iowa","Kossuth",2696,6275,NA,9077,-3579,"1%"
"Iowa","Lee",6539,9763,419,16721,-3224,"14%"
"Iowa","Linn",70451,53098,3167,126716,17353,"7%"
"Iowa","Louisa",1726,3500,NA,5326,-1774,"0%"
"Iowa","Lucas",1284,3287,59,4630,-2003,"0%"
"Iowa","Lyon",1067,5707,NA,6852,-4640,"0%"
"Iowa","Madison",3134,6507,NA,9806,-3373,"0%"
"Iowa","Mahaska",2894,8297,NA,11381,-5403,"0%"
"Iowa","Marion",6170,12657,390,19217,-6487,"0%"
"Iowa","Marshall",8171,9564,387,18122,-1393,"9%"
"Iowa","Mills",2500,5572,175,8247,-3072,"0%"
"Iowa","Mitchell",2053,3677,NA,5815,-1624,"0%"
"Iowa","Monona",1407,3248,NA,4714,-1841,"3%"
"Iowa","Monroe",1078,2975,NA,4085,-1897,"0%"
"Iowa","Montgomery",1583,3659,NA,5320,-2076,"0%"
"Iowa","Muscatine",9372,10823,NA,20629,-1451,"1%"
"Iowa","O'Brien",1569,5861,NA,7541,-4292,"3%"
"Iowa","Osceola",600,2688,37,3325,-2088,"0%"
"Iowa","Page",2086,5319,NA,7519,-3233,"0%"
"Iowa","Palo Alto",1519,3370,NA,4950,-1851,"3%"
"Iowa","Plymouth",3494,10492,NA,14165,-6998,"0%"
"Iowa","Pocahontas",932,2825,64,3821,-1893,"8%"
"Iowa","Polk",146250,106800,NA,257991,39450,"4%"
"Iowa","Pottawattamie",18570,26241,922,45733,-7671,"0%"
"Iowa","Poweshiek",4306,5657,NA,10124,-1351,"3%"
"Iowa","Ringgold",708,1964,37,2709,-1256,"5%"
"Iowa","Sac",1389,4061,NA,5527,-2672,"0%"
"Iowa","Scott",46890,43661,2088,92639,3229,"11%"
"Iowa","Shelby",1959,4697,NA,6781,-2738,"0%"
"Iowa","Sioux",3019,15680,NA,18956,-12661,"0%"
"Iowa","Story",29175,20340,NA,50837,8835,"0%"
"Iowa","Tama",3577,5303,NA,9026,-1726,"0%"
"Iowa","Taylor",746,2463,NA,3242,-1717,"0%"
"Iowa","Union",2061,4010,NA,6171,-1949,"0%"
"Iowa","Van Buren",875,2859,54,3788,-1984,"0%"
"Iowa","Wapello",5821,9516,NA,15613,-3695,"4%"
"Iowa","Warren",12537,17738,680,30955,-5201,"2%"
"Iowa","Washington",4558,6966,233,11757,-2408,"0%"
"Iowa","Wayne",727,2338,NA,3103,-1611,"0%"
"Iowa","Webster",6604,10927,271,17802,-4323,"7%"
"Iowa","Winnebago",2135,3707,NA,5951,-1572,"0%"
"Iowa","Winneshiek",5617,6235,NA,12036,-618,"9%"
"Iowa","Woodbury",18704,25736,NA,45172,-7032,"4%"
"Iowa","Worth",1596,2738,NA,4414,-1142,"0%"
"Iowa","Wright",1996,4136,NA,6242,-2140,"3%"
"Idaho","Ada",120539,130699,NA,259389,-10160,"0%"
"Idaho","Adams",591,1941,54,2586,-1350,"2%"
"Idaho","Bannock",14682,23331,NA,39553,-8649,"0%"
"Idaho","Bear Lake",350,2814,NA,3215,-2464,"2%"
"Idaho","Benewah",977,3878,NA,4972,-2901,"2%"
"Idaho","Bingham",4124,15295,675,20094,-11171,"0%"
"Idaho","Blaine",8919,4031,NA,13288,4888,"0%"
"Idaho","Boise",1214,3495,NA,4840,-2281,"0%"
"Idaho","Bonner",8310,18369,673,27352,-10059,"0%"
"Idaho","Bonneville",14254,37805,NA,53995,-23551,"0%"
"Idaho","Boundary",1220,4937,156,6313,-3717,"0%"
"Idaho","Butte",188,1202,NA,1415,-1014,"7%"
"Idaho","Camas",149,507,98,754,-358,"0%"
"Idaho","Canyon",25881,61759,2798,90438,-35878,"0%"
"Idaho","Caribou",431,2906,NA,3416,-2475,"0%"
"Idaho","Cassia",1464,7907,NA,9629,-6443,"5%"
"Idaho","Clark",41,264,6,311,-223,"8%"
"Idaho","Clearwater",877,3453,NA,4419,-2576,"4%"
"Idaho","Custer",603,2089,NA,2737,-1486,"7%"
"Idaho","Elmore",2601,7246,NA,10205,-4645,"3%"
"Idaho","Franklin",657,5845,162,6664,-5188,"0%"
"Idaho","Fremont",998,5548,NA,6719,-4550,"0%"
"Idaho","Gem",1803,7951,NA,9958,-6148,"0%"
"Idaho","Gooding",1256,4659,NA,6050,-3403,"6%"
"Idaho","Idaho County",1561,7826,NA,9602,-6265,"4%"
"Idaho","Jefferson",1658,12099,414,14171,-10441,"0%"
"Idaho","Jerome",1893,5734,NA,7812,-3841,"6%"
"Idaho","Kootenai",24312,62837,2729,89878,-38525,"0%"
"Idaho","Latah",10199,9463,NA,20521,736,"0%"
"Idaho","Lemhi",1032,3592,114,4738,-2560,"5%"
"Idaho","Lewis",349,1489,NA,1870,-1140,"3%"
"Idaho","Lincoln",414,1469,NA,1940,-1055,"10%"
"Idaho","Madison",2666,13559,NA,17112,-10893,"3%"
"Idaho","Minidoka",1550,6265,NA,7993,-4715,"0%"
"Idaho","Nez Perce",6686,13738,NA,20967,-7052,"0%"
"Idaho","Oneida",249,2148,NA,2451,-1899,"0%"
"Idaho","Owyhee",816,3819,NA,4742,-3003,"2%"
"Idaho","Payette",2161,8862,NA,11293,-6701,"0%"
"Idaho","Power",865,2116,105,3086,-1251,"3%"
"Idaho","Shoshone",1693,4216,NA,6049,-2523,"3%"
"Idaho","Teton",3318,2858,NA,6347,460,"0%"
"Idaho","Twin Falls",9391,25897,1392,36680,-16506,"1%"
"Idaho","Valley",2976,3947,NA,7063,-971,"0%"
"Idaho","Washington",1073,4154,117,5344,-3081,"3%"
"Illinois","Adams",8569,24131,734,33434,-15562,"0%"
"Illinois","Alexander",2522,3056,53,5631,-534,"0%"
"Illinois","Bond",2275,5612,222,8109,-3337,"0%"
"Illinois","Boone",10372,13762,538,24672,-3390,"0%"
"Illinois","Brown",485,1930,108,2523,-1445,"3%"
"Illinois","Bureau",6545,10296,341,17182,-3751,"5%"
"Illinois","Calhoun",674,2043,50,2767,-1369,"2%"
"Illinois","Carroll",2737,5098,171,8006,-2361,"0%"
"Illinois","Cass",1615,3624,86,5325,-2009,"5%"
"Illinois","Champaign",55173,34774,3072,93019,20399,"8%"
"Illinois","Christian",4286,11505,303,16094,-7219,"5%"
"Illinois","Clark",1990,6215,135,8340,-4225,"4%"
"Illinois","Clay",1129,5626,141,6896,-4497,"1%"
"Illinois","Clinton",4459,14264,416,19139,-9805,"0%"
"Illinois","Coles",7997,13981,492,22470,-5984,"0%"
"Illinois","Cook",1635044,533039,35014,2203097,1102005,"9%"
"Illinois","Crawford",2198,7025,196,9419,-4827,"2%"
"Illinois","Cumberland",1141,4595,107,5843,-3454,"4%"
"Illinois","DeKalb",24484,21818,1415,47717,2666,"0%"
"Illinois","DeWitt",2171,5623,200,7994,-3452,"0%"
"Illinois","Douglas",2327,6221,198,8746,-3894,"2%"
"Illinois","DuPage",279251,192426,10149,481826,86825,"0%"
"Illinois","Edgar",1869,6169,114,8152,-4300,"6%"
"Illinois","Edwards",488,2833,47,3368,-2345,"8%"
"Illinois","Effingham",3700,14983,358,19041,-11283,"0%"
"Illinois","Fayette",1815,8025,193,10033,-6210,"0%"
"Illinois","Ford",1691,4956,162,6809,-3265,"3%"
"Illinois","Franklin",4690,13514,284,18488,-8824,"10%"
"Illinois","Fulton",6371,9798,348,16517,-3427,"4%"
"Illinois","Gallatin",621,2019,33,2673,-1398,"10%"
"Illinois","Greene",1349,4767,108,6224,-3418,"0%"
"Illinois","Grundy",9445,16372,583,26400,-6927,"0%"
"Illinois","Hamilton",821,3429,66,4316,-2608,"6%"
"Illinois","Hancock",1114,5309,142,6565,-4195,"28%"
"Illinois","Hardin",0,0,0,0,0,"100%"
"Illinois","Henderson",1186,2391,75,3652,-1205,"6%"
"Illinois","Henry",9762,15266,596,25624,-5504,"0%"
"Illinois","Iroquois",2895,10858,258,14011,-7963,"2%"
"Illinois","Jackson",11104,10835,636,22575,269,"17%"
"Illinois","Jasper",1006,4492,84,5582,-3486,"1%"
"Illinois","Jefferson",4597,12461,351,17409,-7864,"7%"
"Illinois","Jersey",2956,8699,287,11942,-5743,"1%"
"Illinois","JoDaviess",5097,7161,219,12477,-2064,"0%"
"Illinois","Johnson",1280,5052,110,6442,-3772,"0%"
"Illinois","Kane",130143,96771,4925,231839,33372,"0%"
"Illinois","Kankakee",20112,28410,1207,49729,-8298,"0%"
"Illinois","Kendall",31394,28515,1418,61327,2879,"0%"
"Illinois","Knox",10421,11818,477,22716,-1397,"10%"
"Illinois","LaSalle",21491,29482,1080,52053,-7991,"4%"
"Illinois","Lake",196479,120938,6289,323706,75541,"3%"
"Illinois","Lawrence",1414,4849,116,6379,-3435,"5%"
"Illinois","Lee",6368,9584,399,16351,-3216,"3%"
"Illinois","Livingston",4568,12134,347,17049,-7566,"0%"
"Illinois","Logan",3769,9042,306,13117,-5273,"0%"
"Illinois","Macon",19633,28373,928,48934,-8740,"0%"
"Illinois","Macoupin",7313,16058,548,23919,-8745,"3%"
"Illinois","Madison",56845,75272,3569,135686,-18427,"0%"
"Illinois","Marion",4396,12540,278,17214,-8144,"8%"
"Illinois","Marshall",2004,4196,143,6343,-2192,"3%"
"Illinois","Mason",1984,4645,127,6756,-2661,"0%"
"Illinois","Massac",1719,4989,95,6803,-3270,"0%"
"Illinois","McDonough",4973,7009,308,12290,-2036,"6%"
"Illinois","McHenry",77208,81479,4079,162766,-4271,"0%"
"Illinois","McLean",43719,40365,2929,87013,3354,"3%"
"Illinois","Menard",2003,4722,164,6889,-2719,"0%"
"Illinois","Mercer",3212,5328,210,8750,-2116,"6%"
"Illinois","Monroe",6489,14046,489,21024,-7557,"0%"
"Illinois","Montgomery",3889,9504,308,13701,-5615,"4%"
"Illinois","Morgan",5020,9903,306,15229,-4883,"6%"
"Illinois","Moultrie",1645,4938,115,6698,-3293,"3%"
"Illinois","Ogle",9300,16092,648,26040,-6792,"1%"
"Illinois","Peoria",42600,37612,2052,82264,4988,"0%"
"Illinois","Perry",2609,7305,146,10060,-4696,"7%"
"Illinois","Piatt",3302,6219,270,9791,-2917,"0%"
"Illinois","Pike",1458,6235,143,7836,-4777,"0%"
"Illinois","Pope",432,1720,20,2172,-1288,"9%"
"Illinois","Pulaski",891,1699,41,2631,-808,"19%"
"Illinois","Putnam",1309,1978,58,3345,-669,"0%"
"Illinois","Randolph",3590,11065,241,14896,-7475,"4%"
"Illinois","Richland",1355,7988,0,9343,-6633,"0%"
"Illinois","Rock Island",36647,28585,1518,66750,8062,"0%"
"Illinois","Saline",2786,8096,197,11079,-5310,"11%"
"Illinois","Sangamon",48756,53303,2336,104395,-4547,"4%"
"Illinois","Schuyler",1064,2767,77,3908,-1703,"0%"
"Illinois","Scott",569,2104,57,2730,-1535,"5%"
"Illinois","Shelby",2488,9396,165,12049,-6908,"0%"
"Illinois","St. Clair",66698,56000,2522,125220,10698,"0%"
"Illinois","Stark",814,2000,67,2881,-1186,"4%"
"Illinois","Stephenson",8756,12253,437,21446,-3497,"0%"
"Illinois","Tazewell",24486,42194,1678,68358,-17708,"0%"
"Illinois","Union",2575,6157,164,8896,-3582,"0%"
"Illinois","Vermilion",10313,20710,594,31617,-10397,"6%"
"Illinois","Wabash",1248,4228,116,5592,-2980,"7%"
"Illinois","Warren",3087,4671,158,7916,-1584,"0%"
"Illinois","Washington",1639,6110,165,7914,-4471,"3%"
"Illinois","Wayne",1185,7172,89,8446,-5987,"7%"
"Illinois","White",1517,5788,123,7428,-4271,"8%"
"Illinois","Whiteside",12195,14472,587,27254,-2277,"2%"
"Illinois","Will",182957,154351,7123,344431,28606,"0%"
"Illinois","Williamson",10107,22681,715,33503,-12574,"0%"
"Illinois","Winnebago",58791,60592,2583,121966,-1801,"0%"
"Illinois","Woodford",5976,14590,513,21079,-8614,"0%"
"Indiana","Adams",3236,10685,317,14238,-7449,"0%"
"Indiana","Allen",72825,91885,4254,168964,-19060,"0%"
"Indiana","Bartholomew",12934,22409,956,36299,-9475,"0%"
"Indiana","Benton",1009,3007,99,4115,-1998,"0%"
"Indiana","Blackford",1376,3838,140,5354,-2462,"0%"
"Indiana","Boone",15244,22351,NA,38500,-7107,"0%"
"Indiana","Brown",2996,5725,165,8886,-2729,"0%"
"Indiana","Carroll",2224,7086,204,9514,-4862,"0%"
"Indiana","Cass",4301,10551,333,15185,-6250,"0%"
"Indiana","Clark",23088,33656,1296,58040,-10568,"0%"
"Indiana","Clay",2549,9498,230,12277,-6949,"0%"
"Indiana","Clinton",3361,9334,266,12961,-5973,"0%"
"Indiana","Crawford",1369,3499,NA,4975,-2130,"0%"
"Indiana","Daviess",2169,9576,226,11971,-7407,"0%"
"Indiana","DeKalb",4966,14237,453,19656,-9271,"0%"
"Indiana","Dearborn",5444,19524,NA,25355,-14080,"4%"
"Indiana","Decatur",2436,9570,290,12296,-7134,"0%"
"Indiana","Delaware",20328,26724,1037,48089,-6396,"3%"
"Indiana","Dubois",6292,15032,481,21805,-8740,"0%"
"Indiana","Elkhart",25413,46311,1501,73225,-20898,"0%"
"Indiana","Fayette",2237,7755,154,10146,-5518,"1%"
"Indiana","Floyd",17507,23385,850,41742,-5878,"0%"
"Indiana","Fountain",1627,6151,NA,7978,-4524,"1%"
"Indiana","Franklin",2137,9691,190,12018,-7554,"0%"
"Indiana","Fulton",2280,6694,NA,9144,-4414,"0%"
"Indiana","Gibson",4027,11817,321,16165,-7790,"0%"
"Indiana","Grant",8015,18543,672,27230,-10528,"0%"
"Indiana","Greene",3389,11103,NA,14782,-7714,"0%"
"Indiana","Hamilton",88367,101563,NA,193823,-13196,"0%"
"Indiana","Hancock",12821,28816,NA,42645,-15995,"0%"
"Indiana","Harrison",5334,14542,NA,20198,-9208,"0%"
"Indiana","Hendricks",32453,53688,2289,88430,-21235,"0%"
"Indiana","Henry",5543,15043,NA,21020,-9500,"0%"
"Indiana","Howard",13270,26400,949,40619,-13130,"0%"
"Indiana","Huntington",4254,13147,NA,17809,-8893,"0%"
"Indiana","Jackson",4302,14555,381,19238,-10253,"0%"
"Indiana","Jasper",3798,11383,314,15495,-7585,"0%"
"Indiana","Jay",1926,6361,179,8466,-4435,"0%"
"Indiana","Jefferson",4731,9659,335,14725,-4928,"0%"
"Indiana","Jennings",2522,9489,NA,12249,-6967,"0%"
"Indiana","Johnson",24729,51209,1846,77784,-26480,"0%"
"Indiana","Knox",4067,11654,306,16027,-7587,"0%"
"Indiana","Kosciusko",8350,26476,1020,35846,-18126,"0%"
"Indiana","LaGrange",2355,8110,NA,10633,-5755,"0%"
"Indiana","LaPorte",22419,25991,1059,49469,-3572,"0%"
"Indiana","Lake",124801,91733,3699,220233,33068,"2%"
"Indiana","Lawrence",4961,15601,509,21071,-10640,"0%"
"Indiana","Madison",19459,31153,NA,51633,-11694,"11%"
"Indiana","Marion",247265,133968,9172,390405,113297,"4%"
"Indiana","Marshall",5712,13841,NA,19915,-8129,"0%"
"Indiana","Martin",1011,4029,115,5155,-3018,"0%"
"Indiana","Miami",3235,10925,333,14493,-7690,"0%"
"Indiana","Monroe",39855,22062,NA,63020,17793,"4%"
"Indiana","Montgomery",4212,12659,NA,17197,-8447,"0%"
"Indiana","Morgan",7777,27510,927,36214,-19733,"0%"
"Indiana","Newton",1509,4942,NA,6591,-3433,"0%"
"Indiana","Noble",4660,14195,362,19217,-9535,"0%"
"Indiana","Ohio",750,2392,22,3164,-1642,"0%"
"Indiana","Orange",2224,6432,NA,8830,-4208,"0%"
"Indiana","Owen",2419,7285,211,9915,-4866,"0%"
"Indiana","Parke",1503,5398,119,7020,-3895,"0%"
"Indiana","Perry",3202,5343,189,8734,-2141,"0%"
"Indiana","Pike",1415,4692,NA,6220,-3277,"3%"
"Indiana","Porter",39537,44899,NA,86089,-5362,"0%"
"Indiana","Posey",3811,9206,247,13264,-5395,"0%"
"Indiana","Pulaski",1463,4246,104,5813,-2783,"0%"
"Indiana","Putnam",3946,12278,NA,16595,-8332,"0%"
"Indiana","Randolph",2512,8312,254,11078,-5800,"1%"
"Indiana","Ripley",2774,11261,NA,14264,-8487,"0%"
"Indiana","Rush",1754,6035,NA,7932,-4281,"0%"
"Indiana","Scott",2698,7328,150,10176,-4630,"0%"
"Indiana","Shelby",5023,14568,426,20017,-9545,"0%"
"Indiana","Spencer",3208,7354,219,10781,-4146,"0%"
"Indiana","St. Joseph",59870,53152,2525,115547,6718,"6%"
"Indiana","Starke",2650,7466,193,10309,-4816,"0%"
"Indiana","Steuben",4509,11322,344,16175,-6813,"0%"
"Indiana","Sullivan",2153,6687,164,9004,-4534,"0%"
"Indiana","Switzerland",964,3133,NA,4152,-2169,"0%"
"Indiana","Tippecanoe",34993,34571,NA,71395,422,"0%"
"Indiana","Tipton",1834,6110,180,8124,-4276,"0%"
"Indiana","Union",736,2687,68,3491,-1951,"1%"
"Indiana","Vanderburgh",34404,41838,NA,77563,-7434,"3%"
"Indiana","Vermillion",2145,5184,NA,7480,-3039,"0%"
"Indiana","Vigo",18080,24512,1001,43593,-6432,"1%"
"Indiana","Wabash",3494,10762,342,14598,-7268,"0%"
"Indiana","Warren",974,3401,98,4473,-2427,"0%"
"Indiana","Warrick",11919,21324,641,33884,-9405,"0%"
"Indiana","Washington",2783,9112,NA,12126,-6329,"1%"
"Indiana","Wayne",9524,17567,NA,27662,-8043,"0%"
"Indiana","Wells",2928,10855,297,14080,-7927,"0%"
"Indiana","White",3030,7956,NA,11156,-4926,"0%"
"Indiana","Whitley",4233,12856,492,17581,-8623,"0%"
"Kansas","Allen",1559,4155,128,5842,-2596,"21%"
"Kansas","Anderson",765,2874,NA,3720,-2109,"0%"
"Kansas","Atchison",2314,4826,NA,7312,-2512,"0%"
"Kansas","Barber",284,1992,NA,2313,-1708,"8%"
"Kansas","Barton",2302,8480,NA,10961,-6178,"0%"
"Kansas","Bourbon",1505,4910,135,6550,-3405,"3%"
"Kansas","Brown",1088,3206,NA,4396,-2118,"0%"
"Kansas","Butler",9003,22250,NA,31946,-13247,"0%"
"Kansas","Chase",341,1114,NA,1478,-773,"0%"
"Kansas","Chautauqua",212,1397,NA,1634,-1185,"8%"
"Kansas","Cherokee",2163,6622,NA,8945,-4459,"0%"
"Kansas","Cheyenne",220,1158,NA,1400,-938,"14%"
"Kansas","Clark",143,885,NA,1048,-742,"9%"
"Kansas","Clay",883,3129,122,4134,-2246,"5%"
"Kansas","Cloud",893,3182,NA,4174,-2289,"9%"
"Kansas","Coffey",928,3407,113,4448,-2479,"0%"
"Kansas","Comanche",126,745,33,904,-619,"10%"
"Kansas","Cowley",4171,9442,NA,13911,-5271,"0%"
"Kansas","Crawford",5971,9752,NA,16125,-3781,"0%"
"Kansas","Decatur",208,1232,NA,1458,-1024,"16%"
"Kansas","Dickinson",2040,7045,NA,9246,-5005,"0%"
"Kansas","Doniphan",678,2949,NA,3674,-2271,"0%"
"Kansas","Douglas",39436,16737,NA,57540,22699,"0%"
"Kansas","Edwards",267,1127,NA,1413,-860,"6%"
"Kansas","Elk",191,1130,NA,1347,-939,"9%"
"Kansas","Ellis",3633,9569,NA,13501,-5936,"0%"
"Kansas","Ellsworth",646,2106,NA,2806,-1460,"5%"
"Kansas","Finney",4155,7079,NA,11466,-2924,"0%"
"Kansas","Ford",2926,5763,161,8850,-2837,"2%"
"Kansas","Franklin",3623,8326,NA,12247,-4703,"0%"
"Kansas","Geary",3825,5193,NA,9311,-1368,"0%"
"Kansas","Gove",163,1256,NA,1433,-1093,"9%"
"Kansas","Graham",222,1052,NA,1302,-830,"15%"
"Kansas","Grant",497,1910,NA,2452,-1413,"5%"
"Kansas","Gray",337,1871,NA,2240,-1534,"0%"
"Kansas","Greeley",77,537,15,629,-460,"17%"
"Kansas","Greenwood",562,2404,NA,3030,-1842,"2%"
"Kansas","Hamilton",134,684,NA,837,-550,"12%"
"Kansas","Harper",453,2128,NA,2626,-1675,"6%"
"Kansas","Harvey",6652,10015,NA,17034,-3363,"0%"
"Kansas","Haskell",261,1103,NA,1383,-842,"9%"
"Kansas","Hodgeman",151,866,NA,1033,-715,"14%"
"Kansas","Jackson",1852,4435,NA,6468,-2583,"0%"
"Kansas","Jefferson",3106,6193,282,9581,-3087,"0%"
"Kansas","Jewell",211,1369,NA,1608,-1158,"1%"
"Kansas","Johnson",177925,151280,NA,336277,26645,"1%"
"Kansas","Kearny",255,1134,NA,1413,-879,"6%"
"Kansas","Kingman",745,3102,82,3929,-2357,"0%"
"Kansas","Kiowa",153,957,NA,1139,-804,"12%"
"Kansas","Labette",2607,5639,NA,8414,-3032,"4%"
"Kansas","Lane",114,757,17,888,-643,"12%"
"Kansas","Leavenworth",13753,21378,NA,36115,-7625,"0%"
"Kansas","Lincoln",266,1273,NA,1570,-1007,"7%"
"Kansas","Linn",863,3940,NA,4903,-3077,"0%"
"Kansas","Logan",185,1231,NA,1437,-1046,"2%"
"Kansas","Lyon",5878,7381,NA,13622,-1503,"2%"
"Kansas","Marion",1463,4377,NA,5969,-2914,"0%"
"Kansas","Marshall",1239,3662,NA,5023,-2423,"0%"
"Kansas","McPherson",3977,9562,NA,13868,-5585,"4%"
"Kansas","Meade",261,1508,NA,1807,-1247,"3%"
"Kansas","Miami",5133,12116,NA,17624,-6983,"0%"
"Kansas","Mitchell",547,2454,NA,3039,-1907,"10%"
"Kansas","Montgomery",3147,9768,NA,13177,-6621,"2%"
"Kansas","Morris",721,2085,NA,2849,-1364,"0%"
"Kansas","Morton",147,1004,NA,1163,-857,"16%"
"Kansas","Nemaha",920,4612,NA,5625,-3692,"0%"
"Kansas","Neosho",1727,4795,NA,6629,-3068,"6%"
"Kansas","Ness",147,1315,NA,1487,-1168,"0%"
"Kansas","Norton",361,1977,52,2390,-1616,"0%"
"Kansas","Osage",2099,5591,203,7893,-3492,"0%"
"Kansas","Osborne",275,1590,NA,1899,-1315,"9%"
"Kansas","Ottawa",504,2581,NA,3159,-2077,"5%"
"Kansas","Pawnee",635,2028,NA,2712,-1393,"6%"
"Kansas","Phillips",373,2855,NA,3278,-2482,"0%"
"Kansas","Pottawatomie",3257,9247,NA,12815,-5990,"31%"
"Kansas","Pratt",924,3087,NA,4107,-2163,"0%"
"Kansas","Rawlins",214,1253,NA,1496,-1039,"11%"
"Kansas","Reno",8602,17948,695,27245,-9346,"0%"
"Kansas","Republic",420,2172,NA,2643,-1752,"13%"
"Kansas","Rice",953,3187,NA,4230,-2234,"0%"
"Kansas","Riley",11940,11174,NA,23855,766,"1%"
"Kansas","Rooks",332,2294,NA,2661,-1962,"13%"
"Kansas","Rush",291,1425,NA,1748,-1134,"2%"
"Kansas","Russell",591,2765,NA,3429,-2174,"0%"
"Kansas","Saline",8022,15313,NA,23911,-7291,"0%"
"Kansas","Scott",290,1991,NA,2322,-1701,"0%"
"Kansas","Sedgwick",90820,117653,NA,213552,-26833,"0%"
"Kansas","Seward",1736,3285,NA,5099,-1549,"9%"
"Kansas","Shawnee",42032,39890,NA,84061,2142,"2%"
"Kansas","Sheridan",144,1237,16,1397,-1093,"6%"
"Kansas","Sherman",386,2222,65,2673,-1836,"6%"
"Kansas","Smith",328,1734,NA,2092,-1406,"6%"
"Kansas","Stafford",355,1631,NA,2017,-1276,"6%"
"Kansas","Stanton",147,607,NA,767,-460,"7%"
"Kansas","Stevens",233,1731,NA,1997,-1498,"9%"
"Kansas","Sumner",2551,7998,NA,10779,-5447,"0%"
"Kansas","Thomas",622,3106,66,3794,-2484,"0%"
"Kansas","Trego",238,1341,NA,1603,-1103,"11%"
"Kansas","Wabaunsee",956,2813,NA,3861,-1857,"0%"
"Kansas","Wallace",44,762,NA,817,-718,"10%"
"Kansas","Washington",467,2332,NA,2843,-1865,"0%"
"Kansas","Wichita",147,803,11,961,-656,"10%"
"Kansas","Wilson",711,3111,NA,3899,-2400,"3%"
"Kansas","Woodson",283,1189,NA,1495,-906,"0%"
"Kansas","Wyandotte",35566,18512,NA,55107,17054,"3%"
"Kentucky","Adair",1391,7275,100,8766,-5884,"2%"
"Kentucky","Allen",1642,7586,135,9363,-5944,"0%"
"Kentucky","Anderson",3339,9651,271,13261,-6312,"0%"
"Kentucky","Ballard",825,3356,NA,4225,-2531,"5%"
"Kentucky","Barren",5115,14646,318,20079,-9531,"0%"
"Kentucky","Bath",1573,3986,68,5627,-2413,"0%"
"Kentucky","Bell",1789,8140,NA,10044,-6351,"0%"
"Kentucky","Boone",20897,44811,NA,66953,-23914,"0%"
"Kentucky","Bourbon",3296,6190,NA,9643,-2894,"0%"
"Kentucky","Boyd",7083,14295,NA,21741,-7212,"2%"
"Kentucky","Boyle",5298,8872,NA,14467,-3574,"0%"
"Kentucky","Bracken",799,3397,48,4244,-2598,"0%"
"Kentucky","Breathitt",1301,4265,101,5667,-2964,"0%"
"Kentucky","Breckinridge",2350,7701,NA,10197,-5351,"0%"
"Kentucky","Bullitt",10551,30708,NA,41964,-20157,"0%"
"Kentucky","Butler",1078,4960,87,6125,-3882,"0%"
"Kentucky","Caldwell",1432,4905,99,6436,-3473,"1%"
"Kentucky","Calloway",5794,11351,NA,17443,-5557,"0%"
"Kentucky","Campbell",19373,28482,NA,48833,-9109,"5%"
"Kentucky","Carlisle",463,2159,NA,2638,-1696,"6%"
"Kentucky","Carroll",1116,2954,65,4135,-1838,"1%"
"Kentucky","Carter",2642,8775,NA,11585,-6133,"0%"
"Kentucky","Casey",918,6179,83,7180,-5261,"2%"
"Kentucky","Christian",8296,15080,NA,23863,-6784,"1%"
"Kentucky","Clark",6004,11811,313,18128,-5807,"0%"
"Kentucky","Clay",831,6677,NA,7590,-5846,"4%"
"Kentucky","Clinton",603,4280,49,4932,-3677,"0%"
"Kentucky","Crittenden",731,3451,NA,4242,-2720,"0%"
"Kentucky","Cumberland",508,2769,NA,3309,-2261,"0%"
"Kentucky","Daviess",17283,31023,NA,49240,-13740,"1%"
"Kentucky","Edmonson",1227,4828,NA,6131,-3601,"0%"
"Kentucky","Elliott",712,2246,NA,2995,-1534,"3%"
"Kentucky","Estill",1355,5100,NA,6538,-3745,"0%"
"Kentucky","Fayette",90566,58845,NA,152664,31721,"7%"
"Kentucky","Fleming",1474,5534,NA,7066,-4060,"0%"
"Kentucky","Floyd",3855,12211,315,16381,-8356,"0%"
"Kentucky","Franklin",12650,12900,NA,26059,-250,"10%"
"Kentucky","Fulton",791,1605,NA,2421,-814,"9%"
"Kentucky","Gallatin",822,2955,NA,3849,-2133,"0%"
"Kentucky","Garrard",1830,6754,NA,8703,-4924,"0%"
"Kentucky","Grant",2205,8725,NA,11106,-6520,"0%"
"Kentucky","Graves",3559,13206,NA,17018,-9647,"0%"
"Kentucky","Grayson",2400,9453,NA,11983,-7053,"0%"
"Kentucky","Green",920,4838,NA,5812,-3918,"0%"
"Kentucky","Greenup",4873,13064,NA,18176,-8191,"0%"
"Kentucky","Hancock",1351,3145,NA,4587,-1794,"1%"
"Kentucky","Hardin",18101,29832,NA,48941,-11731,"2%"
"Kentucky","Harlan",1494,9367,NA,10971,-7873,"6%"
"Kentucky","Harrison",2400,6334,NA,8853,-3934,"0%"
"Kentucky","Hart",1908,6345,NA,8369,-4437,"0%"
"Kentucky","Henderson",7639,12730,NA,20688,-5091,"4%"
"Kentucky","Henry",2142,5843,NA,8107,-3701,"0%"
"Kentucky","Hickman",458,1714,NA,2199,-1256,"6%"
"Kentucky","Hopkins",5439,15757,NA,21509,-10318,"2%"
"Kentucky","Jackson",605,5450,61,6116,-4845,"0%"
"Kentucky","Jefferson",228288,150619,NA,386093,77669,"10%"
"Kentucky","Jessamine",8567,17096,NA,26251,-8529,"7%"
"Kentucky","Johnson",1607,8446,140,10193,-6839,"2%"
"Kentucky","Kenton",32265,48123,1796,82184,-15858,"6%"
"Kentucky","Knott",1412,4779,NA,6251,-3367,"0%"
"Kentucky","Knox",2111,11010,158,13279,-8899,"0%"
"Kentucky","LaRue",1504,5685,NA,7301,-4181,"0%"
"Kentucky","Laurel",4474,23234,NA,28097,-18760,"0%"
"Kentucky","Lawrence",1238,5633,NA,6955,-4395,"0%"
"Kentucky","Lee",459,2159,NA,2659,-1700,"8%"
"Kentucky","Leslie",446,4318,50,4814,-3872,"9%"
"Kentucky","Letcher",1799,7226,NA,9135,-5427,"8%"
"Kentucky","Lewis",823,4986,NA,5883,-4163,"0%"
"Kentucky","Lincoln",2254,8489,NA,10913,-6235,"0%"
"Kentucky","Livingston",939,4010,NA,5003,-3071,"1%"
"Kentucky","Logan",3094,9067,NA,12346,-5973,"0%"
"Kentucky","Lyon",1092,3100,NA,4228,-2008,"2%"
"Kentucky","Madison",15580,27353,NA,43903,-11773,"3%"
"Kentucky","Magoffin",1213,4174,NA,5446,-2961,"2%"
"Kentucky","Marion",2722,6113,NA,8928,-3391,"0%"
"Kentucky","Marshall",4071,13297,NA,17601,-9226,"3%"
"Kentucky","Martin",403,3496,NA,3930,-3093,"8%"
"Kentucky","Mason",2362,5477,119,7958,-3115,"0%"
"Kentucky","McCracken",11190,21820,NA,33521,-10630,"2%"
"Kentucky","McCreary",725,5664,NA,6435,-4939,"0%"
"Kentucky","McLean",1074,3633,NA,4782,-2559,"3%"
"Kentucky","Meade",3632,10184,NA,14110,-6552,"0%"
"Kentucky","Menifee",750,2311,NA,3102,-1561,"0%"
"Kentucky","Mercer",3033,8506,NA,11735,-5473,"0%"
"Kentucky","Metcalfe",973,3957,84,5014,-2984,"0%"
"Kentucky","Monroe",657,4628,NA,5330,-3971,"1%"
"Kentucky","Montgomery",3630,8993,NA,12837,-5363,"0%"
"Kentucky","Morgan",1172,4297,NA,5535,-3125,"0%"
"Kentucky","Muhlenberg",3544,10496,NA,14229,-6952,"0%"
"Kentucky","Nelson",7188,15703,NA,23245,-8515,"0%"
"Kentucky","Nicholas",954,2407,35,3396,-1453,"0%"
"Kentucky","Ohio",2404,8582,NA,11127,-6178,"0%"
"Kentucky","Oldham",14504,22651,NA,37936,-8147,"5%"
"Kentucky","Owen",1098,4292,NA,5456,-3194,"0%"
"Kentucky","Owsley",216,1670,NA,1895,-1454,"1%"
"Kentucky","Pendleton",1322,5515,NA,6925,-4193,"0%"
"Kentucky","Perry",2350,8118,NA,10606,-5768,"7%"
"Kentucky","Pike",4862,20279,NA,25368,-15417,"5%"
"Kentucky","Powell",1367,4041,97,5505,-2674,"0%"
"Kentucky","Pulaski",5664,25441,NA,31537,-19777,"0%"
"Kentucky","Robertson",253,884,NA,1146,-631,"0%"
"Kentucky","Rockcastle",1134,6577,NA,7783,-5443,"0%"
"Kentucky","Rowan",3880,5994,NA,10058,-2114,"0%"
"Kentucky","Russell",1329,7506,NA,8939,-6177,"0%"
"Kentucky","Scott",10564,17764,NA,28950,-7200,"0%"
"Kentucky","Shelby",8076,15054,NA,23542,-6978,"0%"
"Kentucky","Simpson",2681,5888,NA,8732,-3207,"0%"
"Kentucky","Spencer",2530,8737,NA,11429,-6207,"0%"
"Kentucky","Taylor",2961,9376,NA,12510,-6415,"0%"
"Kentucky","Todd",1202,4060,NA,5351,-2858,"0%"
"Kentucky","Trigg",1791,5487,NA,7375,-3696,"0%"
"Kentucky","Trimble",1012,3227,NA,4319,-2215,"0%"
"Kentucky","Union",1529,4965,NA,6576,-3436,"2%"
"Kentucky","Warren",22477,31790,NA,55351,-9313,"0%"
"Kentucky","Washington",1644,4482,NA,6223,-2838,"0%"
"Kentucky","Wayne",1700,7430,NA,9240,-5730,"0%"
"Kentucky","Webster",1412,4506,NA,5991,-3094,"5%"
"Kentucky","Whitley",2552,12567,NA,15347,-10015,"0%"
"Kentucky","Wolfe",837,2097,47,2981,-1260,"0%"
"Kentucky","Woodford",6530,8362,NA,15211,-1832,"0%"
"Louisiana","Acadia",5443,22596,386,28425,-17153,"7%"
"Louisiana","Allen",2108,7574,128,9810,-5466,"6%"
"Louisiana","Ascension",20399,40687,1239,62325,-20288,"0%"
"Louisiana","Assumption",3833,7271,131,11235,-3438,"9%"
"Louisiana","Avoyelles",4979,12028,285,17292,-7049,"9%"
"Louisiana","Beauregard",2542,13575,240,16357,-11033,"3%"
"Louisiana","Bienville",3067,3891,92,7050,-824,"13%"
"Louisiana","Bossier",15662,38074,919,54655,-22412,"2%"
"Louisiana","Caddo",55110,48021,1781,104912,7089,"0%"
"Louisiana","Calcasieu",25982,55066,1615,82663,-29084,"12%"
"Louisiana","Caldwell",745,3976,41,4762,-3231,"10%"
"Louisiana","Cameron",324,3671,44,4039,-3347,"4%"
"Louisiana","Catahoula",1269,3541,48,4858,-2272,"11%"
"Louisiana","Claiborne",2731,3770,79,6580,-1039,"13%"
"Louisiana","Concordia",3177,5550,101,8828,-2373,"16%"
"Louisiana","DeSoto",5457,9112,167,14736,-3655,"3%"
"Louisiana","East Baton Rouge",115577,88420,4185,208182,27157,"0%"
"Louisiana","East Carroll",1900,1080,56,3036,820,"32%"
"Louisiana","East Feliciana",4280,6064,165,10509,-1784,"8%"
"Louisiana","Evangeline",4158,11053,201,15412,-6895,"13%"
"Louisiana","Franklin",2658,6970,92,9720,-4312,"7%"
"Louisiana","Grant",1157,8117,118,9392,-6960,"5%"
"Louisiana","Iberia",11027,21251,435,32713,-10224,"13%"
"Louisiana","Iberville",8514,7893,312,16719,621,"12%"
"Louisiana","Jackson",2143,5394,95,7632,-3251,"9%"
"Louisiana","Jeff Davis",3208,11423,210,14841,-8215,"7%"
"Louisiana","Jefferson",84477,105949,3307,193733,-21472,"5%"
"Louisiana","LaSalle",638,6378,61,7077,-5740,"4%"
"Louisiana","Lafayette",39685,72519,2317,114521,-32834,"3%"
"Louisiana","Lafourche",8672,36024,692,45388,-27352,"3%"
"Louisiana","Lincoln",7559,11311,405,19275,-3752,"9%"
"Louisiana","Livingston",9249,54877,1104,65230,-45628,"0%"
"Louisiana","Madison",2654,1930,86,4670,724,"20%"
"Louisiana","Morehouse",4946,6510,118,11574,-1564,"18%"
"Louisiana","Natchitoches",6896,9358,300,16554,-2462,"14%"
"Louisiana","Orleans",147854,26664,3301,177819,121190,"4%"
"Louisiana","Ouachita",25913,42255,998,69166,-16342,"10%"
"Louisiana","Plaquemines",3414,7412,188,11014,-3998,"7%"
"Louisiana","Pointe Coupee",4683,7503,185,12371,-2820,"9%"
"Louisiana","Rapides",19475,38347,1043,58865,-18872,"9%"
"Louisiana","Red River",1644,2413,75,4132,-769,"23%"
"Louisiana","Richland",3225,6607,108,9940,-3382,"8%"
"Louisiana","Sabine",1731,8776,89,10596,-7045,"6%"
"Louisiana","St. Bernard",6151,11179,320,17650,-5028,"0%"
"Louisiana","St. Charles",9800,18233,484,28517,-8433,"3%"
"Louisiana","St. Helena",3346,2714,98,6158,632,"14%"
"Louisiana","St. James",6510,5954,126,12590,556,"9%"
"Louisiana","St. John the Baptist",13582,7538,312,21432,6044,"9%"
"Louisiana","St. Landry",17372,23171,611,41154,-5799,"12%"
"Louisiana","St. Martin",8439,18203,396,27038,-9764,"6%"
"Louisiana","St. Mary",8055,14811,320,23186,-6756,"12%"
"Louisiana","St. Tammany",37746,99666,2698,140110,-61920,"0%"
"Louisiana","Tangipahoa",18887,37806,968,57661,-18919,"2%"
"Louisiana","Tensas",1329,1197,28,2554,132,"19%"
"Louisiana","Terrebonne",11198,34339,703,46240,-23141,"6%"
"Louisiana","Union",2654,8407,140,11201,-5753,"8%"
"Louisiana","Vermilion",5009,21930,385,27324,-16921,"5%"
"Louisiana","Vernon",2898,14107,263,17268,-11209,"7%"
"Louisiana","Washington",5970,13307,236,19513,-7337,"6%"
"Louisiana","Webster",6172,11830,214,18216,-5658,"12%"
"Louisiana","West Baton Rouge",6200,7684,213,14097,-1484,"1%"
"Louisiana","West Carroll",710,4317,25,5052,-3607,"5%"
"Louisiana","West Feliciana",2298,3863,107,6268,-1565,"3%"
"Louisiana","Winn",1543,4619,63,6225,-3076,"15%"
"Massachusetts","Barnstable",89812,54147,3055,147014,35665,"NA%"
"Massachusetts","Berkshire",47424,16263,1423,65110,31161,"NA%"
"Massachusetts","Bristol",150063,118085,5897,274045,31978,"NA%"
"Massachusetts","Dukes",9763,2588,244,12595,7175,"NA%"
"Massachusetts","Essex",262297,142815,9194,414306,119482,"NA%"
"Massachusetts","Franklin",26894,10126,1106,38126,16768,"NA%"
"Massachusetts","Hampden",122615,84231,4726,211572,38384,"NA%"
"Massachusetts","Hampshire",61555,21807,1942,85304,39748,"NA%"
"Massachusetts","Middlesex",599370,223374,19427,842171,375996,"NA%"
"Massachusetts","Nantucket",5234,1912,151,7297,3322,"NA%"
"Massachusetts","Norfolk",258357,118838,8734,385929,139519,"NA%"
"Massachusetts","Plymouth",141786,111430,6358,259574,30356,"NA%"
"Massachusetts","Suffolk",252661,55699,5750,314110,196962,"NA%"
"Massachusetts","Worcester",243932,169727,11404,425063,74205,"NA%"
"Maryland","Allegany",8971,20658,466,30095,-11687,"12%"
"Maryland","Anne Arundel",171327,127304,6234,304865,44023,"0%"
"Maryland","Baltimore",210155,130085,5795,346035,80070,"21%"
"Maryland","Baltimore City",193130,23872,3294,220296,169258,"21%"
"Maryland","Calvert",22185,24957,881,48023,-2772,"10%"
"Maryland","Caroline",4900,10150,343,15393,-5250,"3%"
"Maryland","Carroll",35472,59282,2665,97419,-23810,"5%"
"Maryland","Cecil",16678,29392,1021,47091,-12714,"7%"
"Maryland","Charles",59754,24986,1270,86010,34768,"2%"
"Maryland","Dorchester",6491,8565,308,15364,-2074,"10%"
"Maryland","Frederick",75094,62221,3095,140410,12873,"0%"
"Maryland","Garrett",3263,11934,296,15493,-8671,"1%"
"Maryland","Harford",59537,78684,2922,141143,-19147,"6%"
"Maryland","Howard",127522,48058,3442,179022,79464,"1%"
"Maryland","Kent",4914,4900,201,10015,14,"11%"
"Maryland","Montgomery",344928,86525,6919,438372,258403,"18%"
"Maryland","Prince George's",357774,35139,6199,399112,322635,"0%"
"Maryland","Queen Anne's",10627,18663,625,29915,-8036,"0%"
"Maryland","Somerset",4041,5603,131,9775,-1562,"15%"
"Maryland","St. Mary's",23056,30777,1373,55206,-7721,"1%"
"Maryland","Talbot",10705,10724,382,21811,-19,"5%"
"Maryland","Washington",24869,39148,1192,65209,-14279,"12%"
"Maryland","Wicomico",20150,21881,916,42947,-1731,"10%"
"Maryland","Worcester",11255,17547,372,29174,-6292,"8%"
"Maine","Androscoggin",27568,29259,1943,58770,-1691,"NA%"
"Maine","Aroostook",13318,19622,746,33686,-6304,"NA%"
"Maine","Cumberland",128563,59491,5891,193945,69072,"NA%"
"Maine","Franklin",7061,7324,586,14971,-263,"NA%"
"Maine","Hancock",18412,13662,961,33035,4750,"NA%"
"Maine","Kennebec",34297,34151,2294,70742,146,"NA%"
"Maine","Knox",14798,9870,635,25303,4928,"NA%"
"Maine","Lincoln",11807,9723,612,22142,2084,"NA%"
"Maine","Oxford",14027,16860,997,31884,-2833,"NA%"
"Maine","Penobscot",35327,40132,2703,78162,-4805,"NA%"
"Maine","Piscataquis",3273,5703,248,9224,-2430,"NA%"
"Maine","Sagadahoc",13531,9755,756,24042,3776,"NA%"
"Maine","Somerset",8971,13915,643,23529,-4944,"NA%"
"Maine","Waldo",12389,11279,830,24498,1110,"NA%"
"Maine","Washington",4652,7104,302,12058,-2452,"NA%"
"Maine","York",72363,54099,3884,130346,18264,"NA%"
"Michigan","Alcona",2142,4848,73,7063,-2706,"0%"
"Michigan","Alger",2053,3014,68,5135,-961,"0%"
"Michigan","Allegan",24447,41381,1354,67182,-16934,"0%"
"Michigan","Alpena",6000,10686,280,16966,-4686,"0%"
"Michigan","Antrim",7289,9783,275,17347,-2494,"0%"
"Michigan","Arenac",2773,5928,129,8830,-3155,"0%"
"Michigan","Baraga",1478,2512,NA,4036,-1034,"0%"
"Michigan","Barry",11804,23473,637,35914,-11669,"0%"
"Michigan","Bay",26653,33347,NA,60985,-6694,"0%"
"Michigan","Benzie",5480,6600,179,12259,-1120,"0%"
"Michigan","Berrien",37438,43518,NA,82378,-6080,"3%"
"Michigan","Branch",6161,14067,NA,20541,-7906,"0%"
"Michigan","Calhoun",28417,35900,1251,65568,-7483,"0%"
"Michigan","Cass",9122,16686,413,26221,-7564,"0%"
"Michigan","Charlevoix",6939,9841,NA,17000,-2902,"0%"
"Michigan","Cheboygan",5435,10171,243,15849,-4736,"0%"
"Michigan","Chippewa",6651,10682,342,17675,-4031,"0%"
"Michigan","Clare",5200,10860,220,16280,-5660,"0%"
"Michigan","Clinton",21963,25095,844,47902,-3132,"0%"
"Michigan","Crawford",2612,4955,98,7665,-2343,"0%"
"Michigan","Delta",7605,13206,343,21154,-5601,"0%"
"Michigan","Dickinson",4569,8469,230,13268,-3900,"0%"
"Michigan","Eaton",31297,31797,1357,64451,-500,"0%"
"Michigan","Emmet",9662,12135,379,22176,-2473,"0%"
"Michigan","Genesee",120082,99199,3688,222969,20883,"3%"
"Michigan","Gladwin",4524,9893,186,14603,-5369,"0%"
"Michigan","Gogebic",3573,4600,106,8279,-1027,"0%"
"Michigan","Grand Traverse",28682,30502,1042,60226,-1820,"0%"
"Michigan","Gratiot",6693,12102,353,19148,-5409,"0%"
"Michigan","Hillsdale",5883,17037,368,23288,-11154,"0%"
"Michigan","Houghton",7755,10380,405,18540,-2625,"0%"
"Michigan","Huron",5349,11949,225,17523,-6600,"1%"
"Michigan","Ingham",94221,47640,2936,144797,46581,"0%"
"Michigan","Ionia",10899,20655,647,32201,-9756,"0%"
"Michigan","Iosco",5371,9760,255,15386,-4389,"0%"
"Michigan","Iron",2493,4216,86,6795,-1723,"0%"
"Michigan","Isabella",14072,14815,522,29409,-743,"0%"
"Michigan","Jackson",32004,47381,1647,81032,-15377,"0%"
"Michigan","Kalamazoo",83674,56823,NA,143363,26851,"2%"
"Michigan","Kalkaska",3003,7436,188,10627,-4433,"0%"
"Michigan","Kent",186753,165318,NA,359223,21435,"0%"
"Michigan","Keweenaw",672,862,23,1557,-190,"0%"
"Michigan","Lake",2288,3946,98,6332,-1658,"0%"
"Michigan","Lapeer",16368,35480,791,52639,-19112,"0%"
"Michigan","Leelanau",8793,7915,222,16930,878,"0%"
"Michigan","Lenawee",20916,31539,993,53448,-10623,"0%"
"Michigan","Livingston",48218,76980,1964,127162,-28762,"0%"
"Michigan","Luce",842,2109,NA,3101,-1267,"0%"
"Michigan","Mackinac",2632,4304,NA,7015,-1672,"0%"
"Michigan","Macomb",225561,264535,NA,496523,-38974,"0%"
"Michigan","Manistee",6107,8321,226,14654,-2214,"0%"
"Michigan","Marquette",20465,16288,NA,37460,4177,"0%"
"Michigan","Mason",6802,10207,240,17249,-3405,"0%"
"Michigan","Mecosta",7373,13265,439,21077,-5892,"0%"
"Michigan","Menominee",4314,8120,188,12622,-3806,"0%"
"Michigan","Midland",20493,27675,1007,49175,-7182,"0%"
"Michigan","Missaukee",1967,6648,140,8755,-4681,"0%"
"Michigan","Monroe",32975,52710,NA,87148,-19735,"0%"
"Michigan","Montcalm",9703,21815,568,32086,-12112,"0%"
"Michigan","Montmorency",1628,4171,64,5863,-2543,"0%"
"Michigan","Muskegon",45508,44544,1649,91701,964,"3%"
"Michigan","Newaygo",7874,18864,426,27164,-10990,"0%"
"Michigan","Oakland",433982,325916,11871,771769,108066,"1%"
"Michigan","Oceana",4944,8892,244,14080,-3948,"0%"
"Michigan","Ogemaw",3475,8253,179,11907,-4778,"0%"
"Michigan","Ontonagon",1391,2358,61,3810,-967,"0%"
"Michigan","Osceola",3214,8928,198,12340,-5714,"0%"
"Michigan","Oscoda",1342,3466,66,4874,-2124,"0%"
"Michigan","Otsego",4743,9779,234,14756,-5036,"0%"
"Michigan","Ottawa",64705,100913,NA,168627,-36208,"0%"
"Michigan","Presque Isle",2912,5343,105,8360,-2431,"0%"
"Michigan","Roscommon",5166,9670,182,15018,-4504,"4%"
"Michigan","Saginaw",51088,50785,NA,103347,303,"0%"
"Michigan","Sanilac",5966,16194,286,22446,-10228,"0%"
"Michigan","Schoolcraft",1589,3090,66,4745,-1501,"0%"
"Michigan","Shiawassee",15371,23154,NA,39250,-7783,"0%"
"Michigan","St. Clair",31363,59186,NA,92064,-27823,"0%"
"Michigan","St. Joseph",9262,18128,592,27982,-8866,"0%"
"Michigan","Tuscola",8713,20310,472,29495,-11597,"0%"
"Michigan","Van Buren",16800,21591,669,39060,-4791,"0%"
"Michigan","Washtenaw",157130,56241,3553,216924,100889,"0%"
"Michigan","Wayne",587074,264149,NA,861821,322925,"0%"
"Michigan","Wexford",5838,12102,352,18292,-6264,"0%"
"Minnesota","Aitkin",3607,6258,NA,10010,-2651,"0%"
"Minnesota","Anoka",100892,104903,NA,210491,-4011,"2%"
"Minnesota","Becker",6592,12452,NA,19418,-5860,"0%"
"Minnesota","Beltrami",11426,12188,NA,24131,-762,"5%"
"Minnesota","Benton",7281,14382,NA,22219,-7101,"0%"
"Minnesota","Big Stone",1052,1862,58,2972,-810,"1%"
"Minnesota","Blue Earth",18330,16731,NA,35969,1599,"9%"
"Minnesota","Brown",4750,9550,330,14630,-4800,"0%"
"Minnesota","Carlton",10094,9787,480,20361,307,"0%"
"Minnesota","Carver",30770,34012,NA,66119,-3242,"0%"
"Minnesota","Cass",6342,11621,NA,18256,-5279,"0%"
"Minnesota","Chippewa",2226,4250,135,6611,-2024,"0%"
"Minnesota","Chisago",11803,21915,NA,34493,-10112,"0%"
"Minnesota","Clay",16345,15031,839,32215,1314,"6%"
"Minnesota","Clearwater",1258,3371,76,4705,-2113,"0%"
"Minnesota","Cook",2496,1203,NA,3785,1293,"0%"
"Minnesota","Cottonwood",1834,4165,NA,6097,-2331,"5%"
"Minnesota","Crow Wing",13726,25676,NA,40073,-11950,"0%"
"Minnesota","Dakota",145510,109183,6414,261107,36327,"3%"
"Minnesota","Dodge",4074,7774,305,12153,-3700,"0%"
"Minnesota","Douglas",7868,15799,NA,24120,-7931,"5%"
"Minnesota","Faribault",2531,5191,NA,7892,-2660,"0%"
"Minnesota","Fillmore",4551,7301,NA,12104,-2750,"1%"
"Minnesota","Freeborn",6889,9578,NA,16791,-2689,"0%"
"Minnesota","Goodhue",11805,16052,NA,28566,-4247,"4%"
"Minnesota","Grant",1300,2269,NA,3650,-969,"2%"
"Minnesota","Hennepin",532608,205966,NA,753159,326642,"5%"
"Minnesota","Houston",4851,6334,253,11438,-1483,"2%"
"Minnesota","Hubbard",4462,8202,NA,12927,-3740,"3%"
"Minnesota","Isanti",7138,16491,NA,24162,-9353,"0%"
"Minnesota","Itasca",10787,15239,NA,26512,-4452,"0%"
"Minnesota","Jackson",1745,3948,NA,5813,-2203,"4%"
"Minnesota","Kanabec",2774,6278,NA,9224,-3504,"0%"
"Minnesota","Kandiyohi",8440,14437,NA,23313,-5997,"3%"
"Minnesota","Kittson",1006,1546,87,2639,-540,"0%"
"Minnesota","Koochiching",2657,4131,132,6920,-1474,"0%"
"Minnesota","Lac Qui Parle",1445,2527,67,4039,-1082,"5%"
"Minnesota","Lake",3646,3392,162,7200,254,"9%"
"Minnesota","Lake of the Woods",671,1704,NA,2405,-1033,"0%"
"Minnesota","Le Sueur",5671,10775,NA,16775,-5104,"0%"
"Minnesota","Lincoln",937,2120,57,3114,-1183,"7%"
"Minnesota","Lyon",4630,7979,280,12889,-3349,"0%"
"Minnesota","Mahnomen",1112,1143,NA,2303,-31,"0%"
"Minnesota","Marshall",1295,3721,NA,5101,-2426,"1%"
"Minnesota","Martin",3304,7476,258,11038,-4172,"0%"
"Minnesota","McLeod",6413,13986,NA,20888,-7573,"0%"
"Minnesota","Meeker",3867,9358,NA,13496,-5491,"0%"
"Minnesota","Mille Lacs",4403,9953,NA,14666,-5550,"0%"
"Minnesota","Morrison",4367,14819,NA,19523,-10452,"0%"
"Minnesota","Mower",8997,10067,NA,19441,-1070,"4%"
"Minnesota","Murray",1449,3363,NA,4883,-1914,"4%"
"Minnesota","Nicollet",9622,9018,484,19124,604,"10%"
"Minnesota","Nobles",2928,5598,182,8708,-2670,"0%"
"Minnesota","Norman",1404,1954,NA,3434,-550,"2%"
"Minnesota","Olmsted",49492,39692,NA,91086,9800,"2%"
"Minnesota","Otter Tail",11940,23794,638,36372,-11854,"4%"
"Minnesota","Pennington",2568,4532,NA,7263,-1964,"0%"
"Minnesota","Pine",5416,10256,326,15998,-4840,"0%"
"Minnesota","Pipestone",1306,3553,NA,4932,-2247,"0%"
"Minnesota","Polk",5435,9857,289,15581,-4422,"4%"
"Minnesota","Pope",2478,4413,128,7019,-1935,"0%"
"Minnesota","Ramsey",211362,77324,NA,294513,134038,"9%"
"Minnesota","Red Lake",689,1450,51,2190,-761,"0%"
"Minnesota","Redwood",2358,5775,157,8290,-3417,"0%"
"Minnesota","Renville",2497,5465,NA,8115,-2968,"0%"
"Minnesota","Rice",17402,17463,NA,35608,-61,"5%"
"Minnesota","Rock",1554,3580,101,5235,-2026,"0%"
"Minnesota","Roseau",2188,6065,NA,8408,-3877,"0%"
"Minnesota","Scott",40037,45871,NA,87729,-5834,"0%"
"Minnesota","Sherburne",18065,36221,NA,55486,-18156,"1%"
"Minnesota","Sibley",2417,5864,170,8451,-3447,"0%"
"Minnesota","St. Louis",67836,49214,2809,119859,18622,"10%"
"Minnesota","Stearns",31883,50960,NA,84647,-19077,"8%"
"Minnesota","Steele",7917,12656,NA,21076,-4739,"5%"
"Minnesota","Stevens",1921,3044,97,5062,-1123,"0%"
"Minnesota","Swift",1784,3316,NA,5185,-1532,"0%"
"Minnesota","Todd",3286,9755,NA,13238,-6469,"0%"
"Minnesota","Traverse",662,1173,NA,1864,-511,"6%"
"Minnesota","Wabasha",4696,8153,NA,13097,-3457,"0%"
"Minnesota","Wadena",2023,5520,NA,7661,-3497,"0%"
"Minnesota","Waseca",3496,6624,269,10389,-3128,"0%"
"Minnesota","Washington",89164,73764,NA,166267,15400,"1%"
"Minnesota","Watonwan",1987,3103,NA,5191,-1116,"0%"
"Minnesota","Wilkin",1027,2333,75,3435,-1306,"3%"
"Minnesota","Winona",13333,13227,NA,27108,106,"14%"
"Minnesota","Wright",30854,53565,2116,86535,-22711,"0%"
"Minnesota","Yellow Medicine",1685,3734,106,5525,-2049,"0%"
"Missouri","Adair",3705,6391,241,10337,-2686,"0%"
"Missouri","Andrew",2351,7256,168,9775,-4905,"0%"
"Missouri","Atchison",564,2199,NA,2814,-1635,"0%"
"Missouri","Audrain",2703,7727,230,10660,-5024,"0%"
"Missouri","Barry",2948,12425,NA,15598,-9477,"0%"
"Missouri","Barton",844,5168,65,6077,-4324,"0%"
"Missouri","Bates",1672,6595,168,8435,-4923,"0%"
"Missouri","Benton",2179,8106,193,10478,-5927,"0%"
"Missouri","Bollinger",749,5162,70,5981,-4413,"0%"
"Missouri","Boone",49999,38596,NA,91004,11403,"1%"
"Missouri","Buchanan",13445,22450,818,36713,-9005,"5%"
"Missouri","Butler",3301,14599,265,18165,-11298,"0%"
"Missouri","Caldwell",897,3725,74,4696,-2828,"0%"
"Missouri","Callaway",5868,14812,498,21178,-8944,"0%"
"Missouri","Camden",5640,18825,309,24774,-13185,"0%"
"Missouri","Cape Girardeau",10738,28873,NA,40252,-18135,"1%"
"Missouri","Carroll",785,3706,NA,4531,-2921,"1%"
"Missouri","Carter",418,2451,37,2906,-2033,"0%"
"Missouri","Cass",19035,37172,1317,57524,-18137,"0%"
"Missouri","Cedar",1143,5786,NA,7039,-4643,"0%"
"Missouri","Chariton",916,3109,49,4074,-2193,"0%"
"Missouri","Christian",11126,34904,874,46904,-23778,"0%"
"Missouri","Clark",678,2672,NA,3394,-1994,"0%"
"Missouri","Clay",59519,64583,2516,126618,-5064,"0%"
"Missouri","Clinton",2894,7789,211,10894,-4895,"0%"
"Missouri","Cole",12687,26066,NA,39486,-13379,"4%"
"Missouri","Cooper",2249,6272,189,8710,-4023,"0%"
"Missouri","Crawford",2113,8725,NA,10973,-6612,"0%"
"Missouri","Dade",656,3414,53,4123,-2758,"0%"
"Missouri","Dallas",1380,6620,122,8122,-5240,"0%"
"Missouri","Daviess",740,3077,67,3884,-2337,"0%"
"Missouri","DeKalb",930,3827,NA,4842,-2897,"0%"
"Missouri","Dent",1056,5987,NA,7142,-4931,"0%"
"Missouri","Douglas",1012,5896,86,6994,-4884,"0%"
"Missouri","Dunklin",2200,8135,NA,10419,-5935,"7%"
"Missouri","Franklin",14561,38034,1155,53750,-23473,"1%"
"Missouri","Gasconade",1601,6222,111,7934,-4621,"0%"
"Missouri","Gentry",613,2580,46,3239,-1967,"0%"
"Missouri","Greene",53307,81312,3455,138074,-28005,"0%"
"Missouri","Grundy",799,3585,NA,4437,-2786,"4%"
"Missouri","Harrison",597,3198,30,3825,-2601,"1%"
"Missouri","Henry",2615,8019,NA,10776,-5404,"0%"
"Missouri","Hickory",1054,3965,61,5080,-2911,"0%"
"Missouri","Holt",338,1976,30,2344,-1638,"5%"
"Missouri","Howard",1412,3552,NA,5089,-2140,"0%"
"Missouri","Howell",3214,15174,NA,18637,-11960,"0%"
"Missouri","Iron",945,3596,NA,4592,-2651,"0%"
"Missouri","Jackson",198031,125897,NA,330425,72134,"4%"
"Missouri","Jasper",13539,37714,1262,52515,-24175,"0%"
"Missouri","Jefferson",37507,77021,2101,116629,-39514,"0%"
"Missouri","Johnson",6961,15468,705,23134,-8507,"0%"
"Missouri","Knox",340,1486,30,1856,-1146,"0%"
"Missouri","LaClede",2779,13755,285,16819,-10976,"0%"
"Missouri","Lafayette",4470,12262,351,17083,-7792,"0%"
"Missouri","Lawrence",3214,14421,295,17930,-11207,"0%"
"Missouri","Lewis",984,3541,82,4607,-2557,"1%"
"Missouri","Lincoln",6553,21702,NA,28814,-15149,"0%"
"Missouri","Linn",1274,4344,NA,5700,-3070,"3%"
"Missouri","Livingston",1409,5266,NA,6755,-3857,"0%"
"Missouri","Macon",1661,6075,NA,7834,-4414,"0%"
"Missouri","Madison",1017,4581,73,5671,-3564,"0%"
"Missouri","Maries",814,3890,70,4774,-3076,"0%"
"Missouri","Marion",3201,9910,259,13370,-6709,"0%"
"Missouri","McDonald",1437,7465,NA,9050,-6028,"0%"
"Missouri","Mercer",222,1541,NA,1779,-1319,"3%"
"Missouri","Miller",2038,10175,NA,12379,-8137,"0%"
"Missouri","Mississippi",1178,3537,41,4756,-2359,"0%"
"Missouri","Moniteau",1307,5738,NA,7150,-4431,"0%"
"Missouri","Monroe",931,3466,NA,4467,-2535,"0%"
"Missouri","Montgomery",1206,4457,107,5770,-3251,"0%"
"Missouri","Morgan",1924,7439,NA,9484,-5515,"0%"
"Missouri","New Madrid",1748,5447,NA,7248,-3699,"6%"
"Missouri","Newton",5793,22090,513,28396,-16297,"0%"
"Missouri","Nodaway",2849,6855,NA,9874,-4006,"3%"
"Missouri","Oregon",823,3847,72,4742,-3024,"3%"
"Missouri","Osage",1031,6341,NA,7449,-5310,"0%"
"Missouri","Ozark",752,4064,54,4870,-3312,"0%"
"Missouri","Pemiscot",1556,4116,NA,5727,-2560,"14%"
"Missouri","Perry",1661,7634,134,9429,-5973,"0%"
"Missouri","Pettis",4776,13835,NA,19069,-9059,"0%"
"Missouri","Phelps",5619,13438,NA,19495,-7819,"3%"
"Missouri","Pike",1717,5856,NA,7686,-4139,"1%"
"Missouri","Platte",28111,29251,1161,58523,-1140,"0%"
"Missouri","Polk",2883,11849,NA,15059,-8966,"0%"
"Missouri","Pulaski",3735,10326,NA,14405,-6591,"2%"
"Missouri","Putnam",361,1984,NA,2361,-1623,"4%"
"Missouri","Ralls",1205,4396,NA,5662,-3191,"0%"
"Missouri","Randolph",2485,8018,NA,10742,-5533,"1%"
"Missouri","Ray",3107,8328,219,11654,-5221,"0%"
"Missouri","Reynolds",529,2733,NA,3298,-2204,"2%"
"Missouri","Ripley",833,4838,72,5743,-4005,"0%"
"Missouri","Saline",2903,6447,178,9528,-3544,"0%"
"Missouri","Schuyler",373,1606,26,2005,-1233,"0%"
"Missouri","Scotland",387,1560,38,1985,-1173,"0%"
"Missouri","Scott",3753,13769,226,17748,-10016,"0%"
"Missouri","Shannon",706,3164,38,3908,-2458,"4%"
"Missouri","Shelby",592,2699,64,3355,-2107,"0%"
"Missouri","St. Charles",89346,128193,4636,222175,-38847,"0%"
"Missouri","St. Clair",988,3930,NA,4972,-2942,"4%"
"Missouri","St. Francois",7044,20506,NA,27996,-13462,"0%"
"Missouri","St. Louis City",108385,21185,NA,131765,87200,"0%"
"Missouri","St. Louis County",322802,196808,NA,528075,125994,"9%"
"Missouri","Ste. Genevieve",2713,6627,155,9495,-3914,"0%"
"Missouri","Stoddard",1814,11460,136,13410,-9646,"4%"
"Missouri","Stone",3486,14716,NA,18378,-11230,"0%"
"Missouri","Sullivan",478,1974,NA,2471,-1496,"9%"
"Missouri","Taney",5325,20426,489,26240,-15101,"0%"
"Missouri","Texas",1716,9478,138,11332,-7762,"1%"
"Missouri","Vernon",1902,7135,NA,9164,-5233,"0%"
"Missouri","Warren",4769,13222,NA,18373,-8453,"0%"
"Missouri","Washington",1804,8046,NA,9971,-6242,"0%"
"Missouri","Wayne",844,4984,NA,5874,-4140,"3%"
"Missouri","Webster",3572,14874,330,18776,-11302,"0%"
"Missouri","Worth",215,877,NA,1107,-662,"0%"
"Missouri","Wright",1167,7452,NA,8737,-6285,"0%"
"Mississippi","Adams",6914,5222,132,12268,1692,"0%"
"Mississippi","Alcorn",2741,12689,209,15639,-9948,"0%"
"Mississippi","Amite",2114,3781,79,5974,-1667,"0%"
"Mississippi","Attala",3542,5178,112,8832,-1636,"0%"
"Mississippi","Benton",1661,2553,43,4257,-892,"0%"
"Mississippi","Bolivar",7203,4260,168,11631,2943,"2%"
"Mississippi","Calhoun",1878,4592,66,6536,-2714,"7%"
"Mississippi","Carroll",1203,3257,49,4509,-2054,"17%"
"Mississippi","Chickasaw",3808,4173,162,8143,-365,"0%"
"Mississippi","Choctaw",1170,2971,34,4175,-1801,"0%"
"Mississippi","Claiborne",2337,479,70,2886,1858,"32%"
"Mississippi","Clarke",2815,5372,90,8277,-2557,"0%"
"Mississippi","Clay",5728,4147,179,10054,1581,"0%"
"Mississippi","Coahoma",5189,1846,101,7136,3343,"12%"
"Mississippi","Copiah",5227,5407,166,10800,-180,"1%"
"Mississippi","Covington",3382,5811,101,9294,-2429,"0%"
"Mississippi","DeSoto",27733,45788,1492,75013,-18055,"0%"
"Mississippi","Forrest",10603,15326,611,26540,-4723,"3%"
"Mississippi","Franklin",1476,2894,61,4431,-1418,"0%"
"Mississippi","George",1208,9602,130,10940,-8394,"0%"
"Mississippi","Greene",952,4740,56,5748,-3788,"2%"
"Mississippi","Grenada",2866,4889,83,7838,-2023,"24%"
"Mississippi","Hancock",3095,13999,309,17403,-10904,"0%"
"Mississippi","Harrison",18499,41281,1161,60941,-22782,"13%"
"Mississippi","Hinds",59192,21242,1377,81811,37950,"30%"
"Mississippi","Holmes",5182,1196,164,6542,3986,"0%"
"Mississippi","Humphreys",2994,1115,55,4164,1879,"0%"
"Mississippi","Issaquena",355,308,13,676,47,"0%"
"Mississippi","Itawamba",1230,9374,139,10743,-8144,"0%"
"Mississippi","Jackson",12061,32563,862,45486,-20502,"0%"
"Mississippi","Jasper",4287,4256,99,8642,31,"0%"
"Mississippi","Jeff Davis",3590,2529,80,6199,1061,"0%"
"Mississippi","Jefferson",3325,529,53,3907,2796,"0%"
"Mississippi","Jones",7017,19130,345,26492,-12113,"11%"
"Mississippi","Kemper",2275,1609,51,3935,666,"0%"
"Mississippi","Lafayette",6904,9878,381,17163,-2974,"12%"
"Mississippi","Lamar",5821,17700,431,23952,-11879,"3%"
"Mississippi","Lauderdale",12668,17812,331,30811,-5144,"0%"
"Mississippi","Lawrence",2240,4254,70,6564,-2014,"0%"
"Mississippi","Leake",3358,4973,76,8407,-1615,"0%"
"Mississippi","Lee",9910,21297,555,31762,-11387,"18%"
"Mississippi","Leflore",5444,2623,111,8178,2821,"0%"
"Mississippi","Lincoln",3978,10107,162,14247,-6129,"12%"
"Mississippi","Lowndes",12913,13699,381,26993,-786,"0%"
"Mississippi","Madison",18931,26188,713,45832,-7257,"0%"
"Mississippi","Marion",3421,7783,134,11338,-4362,"2%"
"Mississippi","Marshall",6283,6591,190,13064,-308,"11%"
"Mississippi","Monroe",4565,9677,219,14461,-5112,"14%"
"Mississippi","Montgomery",2084,2866,22,4972,-782,"1%"
"Mississippi","Neshoba",3247,8311,140,11698,-5064,"0%"
"Mississippi","Newton",2542,6037,99,8678,-3495,"10%"
"Mississippi","Noxubee",2867,1057,57,3981,1810,"0%"
"Mississippi","Oktibbeha",10257,8972,508,19737,1285,"0%"
"Mississippi","Panola",7276,7976,169,15421,-700,"0%"
"Mississippi","Pearl River",4068,19283,305,23656,-15215,"0%"
"Mississippi","Perry",1340,4426,59,5825,-3086,"0%"
"Mississippi","Pike",7328,7106,206,14640,222,"0%"
"Mississippi","Pontotoc",2580,11425,210,14215,-8845,"0%"
"Mississippi","Prentiss",2128,8274,137,10539,-6146,"0%"
"Mississippi","Quitman",2138,1020,53,3211,1118,"0%"
"Mississippi","Rankin",13496,39025,879,53400,-25529,"24%"
"Mississippi","Scott",3575,5688,123,9386,-2113,"7%"
"Mississippi","Sharkey",1440,687,30,2157,753,"0%"
"Mississippi","Simpson",3384,6552,130,10066,-3168,"9%"
"Mississippi","Smith",1518,5697,70,7285,-4179,"0%"
"Mississippi","Stone",1208,5239,99,6546,-4031,"0%"
"Mississippi","Sunflower",6741,2784,103,9628,3957,"0%"
"Mississippi","Tallahatchie",3105,2488,98,5691,617,"3%"
"Mississippi","Tate",4122,8619,182,12923,-4497,"0%"
"Mississippi","Tippah",1906,7987,108,10001,-6081,"0%"
"Mississippi","Tishomingo",1050,7854,153,9057,-6804,"0%"
"Mississippi","Tunica",2525,912,57,3494,1613,"0%"
"Mississippi","Union",1792,9052,145,10989,-7260,"3%"
"Mississippi","Walthall",2236,3426,59,5721,-1190,"16%"
"Mississippi","Warren",10681,10236,245,21162,445,"0%"
"Mississippi","Washington",6218,4114,182,10514,2104,"31%"
"Mississippi","Wayne",3592,6264,132,9988,-2672,"0%"
"Mississippi","Webster",1024,4255,68,5347,-3231,"0%"
"Mississippi","Wilkinson",2730,1311,57,4098,1419,"0%"
"Mississippi","Winston",4009,5084,91,9184,-1075,"0%"
"Mississippi","Yalobusha",2767,3658,81,6506,-891,"0%"
"Mississippi","Yazoo",4533,4370,109,9012,163,"0%"
"Montana","Beaverhead",1608,3923,130,5661,-2315,"0%"
"Montana","Big Horn",2491,2207,86,4784,284,"8%"
"Montana","Blaine",1589,1469,NA,3121,120,"0%"
"Montana","Broadwater",835,3173,89,4097,-2338,"0%"
"Montana","Carbon",2421,4468,212,7101,-2047,"0%"
"Montana","Carter",74,775,15,864,-701,"8%"
"Montana","Cascade",15456,23314,1114,39884,-7858,"0%"
"Montana","Chouteau",988,1888,91,2967,-900,"1%"
"Montana","Custer",1514,4205,164,5883,-2691,"0%"
"Montana","Daniels",195,799,20,1014,-604,"15%"
"Montana","Dawson",962,3758,117,4837,-2796,"0%"
"Montana","Deer Lodge",2562,2186,143,4891,376,"2%"
"Montana","Fallon",172,1375,28,1575,-1203,"10%"
"Montana","Fergus",1496,4869,166,6531,-3373,"7%"
"Montana","Flathead",20274,38321,1663,60258,-18047,"0%"
"Montana","Gallatin",37044,31696,2767,71507,5348,"0%"
"Montana","Garfield",41,764,8,813,-723,"4%"
"Montana","Glacier",3610,1884,145,5639,1726,"1%"
"Montana","Golden Valley",78,414,11,503,-336,"11%"
"Montana","Granite",638,1419,45,2102,-781,"0%"
"Montana","Hill",2981,3957,244,7182,-976,"0%"
"Montana","Jefferson",2625,5345,221,8191,-2720,"0%"
"Montana","Judith Basin",275,1040,29,1344,-765,"6%"
"Montana","Lake",6916,9322,388,16626,-2406,"0%"
"Montana","Lewis and Clark",19743,21409,1333,42485,-1666,"0%"
"Montana","Liberty",249,821,13,1083,-572,"7%"
"Montana","Lincoln",2835,8672,240,11747,-5837,"0%"
"Montana","Madison",1771,4191,151,6113,-2420,"0%"
"Montana","McCone",155,956,NA,1128,-801,"10%"
"Montana","Meagher",258,833,19,1110,-575,"4%"
"Montana","Mineral",686,1828,49,2563,-1142,"0%"
"Montana","Missoula",43357,26347,2282,71986,17010,"0%"
"Montana","Musselshell",413,2423,45,2881,-2010,"0%"
"Montana","Park",5280,6025,313,11618,-745,"0%"
"Montana","Petroleum",39,298,14,351,-259,"0%"
"Montana","Phillips",416,1936,34,2386,-1520,"5%"
"Montana","Pondera",903,2031,61,2995,-1128,"4%"
"Montana","Powder River",154,970,12,1136,-816,"8%"
"Montana","Powell",752,2347,88,3187,-1595,"0%"
"Montana","Prairie",126,603,15,744,-477,"10%"
"Montana","Ravalli",8763,19114,630,28507,-10351,"0%"
"Montana","Richland",875,4800,123,5798,-3925,"0%"
"Montana","Roosevelt",1910,1996,122,4028,-86,"0%"
"Montana","Rosebud",1199,2486,99,3784,-1287,"0%"
"Montana","Sanders",1820,5660,172,7652,-3840,"0%"
"Montana","Sheridan",574,1403,53,2030,-829,"11%"
"Montana","Silver Bow",10392,7745,690,18827,2647,"1%"
"Montana","Stillwater",1156,4462,123,5741,-3306,"0%"
"Montana","Sweet Grass",549,1840,57,2446,-1291,"0%"
"Montana","Teton",1007,2608,80,3695,-1601,"0%"
"Montana","Toole",467,1596,60,2123,-1129,"0%"
"Montana","Treasure",78,373,NA,460,-295,"14%"
"Montana","Valley",1030,3135,107,4272,-2105,"2%"
"Montana","Wheatland",225,823,20,1068,-598,"9%"
"Montana","Wibaux",77,516,5,598,-439,"7%"
"Montana","Yellowstone",30679,50772,2370,83821,-20093,"0%"
"North Carolina","Alamance",38819,46054,1060,85933,-7235,"0%"
"North Carolina","Alexander",4144,15891,201,20236,-11747,"0%"
"North Carolina","Alleghany",1480,4501,59,6040,-3021,"0%"
"North Carolina","Anson",5788,5321,NA,11183,467,"3%"
"North Carolina","Ashe",4164,11451,176,15791,-7287,"0%"
"North Carolina","Avery",2171,7092,NA,9339,-4921,"3%"
"North Carolina","Beaufort",9635,16438,204,26277,-6803,"6%"
"North Carolina","Bertie",5846,3778,NA,9676,2068,"0%"
"North Carolina","Bladen",7328,9677,106,17111,-2349,"1%"
"North Carolina","Brunswick",32984,55373,NA,89183,-22389,"1%"
"North Carolina","Buncombe",96383,62253,NA,160855,34130,"7%"
"North Carolina","Burke",13118,31019,396,44533,-17901,"2%"
"North Carolina","Cabarrus",52149,63220,1828,117197,-11071,"1%"
"North Carolina","Caldwell",10105,31877,456,42438,-21772,"1%"
"North Carolina","Camden",1537,4312,104,5953,-2775,"0%"
"North Carolina","Carteret",12093,30028,574,42695,-17935,"4%"
"North Carolina","Caswell",4831,7040,NA,11962,-2209,"0%"
"North Carolina","Catawba",25420,56203,1128,82751,-30783,"2%"
"North Carolina","Chatham",26642,21055,611,48308,5587,"3%"
"North Carolina","Cherokee",3563,12568,210,16341,-9005,"2%"
"North Carolina","Chowan",3232,4458,64,7754,-1226,"12%"
"North Carolina","Clay",1693,5089,71,6853,-3396,"0%"
"North Carolina","Cleveland",16879,33664,552,51095,-16785,"0%"
"North Carolina","Columbus",9382,16696,165,26243,-7314,"0%"
"North Carolina","Craven",21101,30947,785,52833,-9846,"4%"
"North Carolina","Cumberland",84481,60034,2313,146828,24447,"8%"
"North Carolina","Currituck",4188,11625,295,16108,-7437,"0%"
"North Carolina","Dare",9855,13844,362,24061,-3989,"0%"
"North Carolina","Davidson",21483,62143,1159,84785,-40660,"3%"
"North Carolina","Davie",6653,18115,NA,25059,-11462,"2%"
"North Carolina","Duplin",8676,13703,NA,22510,-5027,"1%"
"North Carolina","Durham",144754,32470,2772,179996,112284,"0%"
"North Carolina","Edgecombe",16090,9206,181,25477,6884,"3%"
"North Carolina","Forsyth",113030,85059,3173,201262,27971,"10%"
"North Carolina","Franklin",15776,20748,555,37079,-4972,"2%"
"North Carolina","Gaston",40959,73033,1506,115498,-32074,"0%"
"North Carolina","Gates",2540,3354,NA,5944,-814,"1%"
"North Carolina","Graham",905,3710,44,4659,-2805,"0%"
"North Carolina","Granville",14564,16646,384,31594,-2082,"1%"
"North Carolina","Greene",3832,4875,47,8754,-1043,"0%"
"North Carolina","Guilford",171538,106384,NA,281201,65154,"0%"
"North Carolina","Halifax",15382,9973,130,25485,5409,"0%"
"North Carolina","Harnett",22093,35177,1023,58293,-13084,"0%"
"North Carolina","Haywood",13135,22761,478,36374,-9626,"2%"
"North Carolina","Henderson",27014,39810,NA,67773,-12796,"1%"
"North Carolina","Hertford",7077,3470,NA,10590,3607,"0%"
"North Carolina","Hoke",12068,9716,360,22144,2352,"0%"
"North Carolina","Hyde",1046,1418,28,2492,-372,"0%"
"North Carolina","Iredell",33426,66439,1411,101276,-33013,"1%"
"North Carolina","Jackson",9522,11263,NA,21191,-1741,"0%"
"North Carolina","Johnston",40861,67901,1484,110246,-27040,"1%"
"North Carolina","Jones",2175,3267,NA,5484,-1092,"3%"
"North Carolina","Lee",12144,16470,396,29010,-4326,"1%"
"North Carolina","Lenoir",13494,14500,NA,28177,-1006,"0%"
"North Carolina","Lincoln",13274,36341,519,50134,-23067,"0%"
"North Carolina","Macon",6213,14152,NA,20589,-7939,"1%"
"North Carolina","Madison",4901,7980,195,13076,-3079,"1%"
"North Carolina","Martin",5910,6529,97,12536,-619,"0%"
"North Carolina","McDowell",5813,16852,NA,22910,-11039,"0%"
"North Carolina","Mecklenburg",377501,178921,9770,566192,198580,"4%"
"North Carolina","Mitchell",1858,7081,70,9009,-5223,"5%"
"North Carolina","Montgomery",4319,8400,111,12830,-4081,"0%"
"North Carolina","Moore",20547,36459,765,57771,-15912,"0%"
"North Carolina","Nash",25831,25794,486,52111,37,"0%"
"North Carolina","New Hanover",66087,63272,2359,131718,2815,"6%"
"North Carolina","Northampton",6048,3977,50,10075,2071,"0%"
"North Carolina","Onslow",23474,45016,NA,70117,-21542,"0%"
"North Carolina","Orange",63590,20175,1229,84994,43415,"17%"
"North Carolina","Pamlico",2699,4815,NA,7572,-2116,"6%"
"North Carolina","Pasquotank",9653,9626,NA,19512,27,"8%"
"North Carolina","Pender",11655,21833,483,33971,-10178,"0%"
"North Carolina","Perquimans",2485,4894,NA,7457,-2409,"5%"
"North Carolina","Person",8466,13187,245,21898,-4721,"0%"
"North Carolina","Pitt",46607,38515,NA,86217,8092,"0%"
"North Carolina","Polk",4492,7663,126,12281,-3171,"4%"
"North Carolina","Randolph",15506,56589,NA,72788,-41083,"4%"
"North Carolina","Richmond",8718,11808,NA,20683,-3090,"0%"
"North Carolina","Robeson",18094,26012,NA,44384,-7918,"5%"
"North Carolina","Rockingham",15811,30997,NA,47241,-15186,"0%"
"North Carolina","Rowan",23114,49297,997,73408,-26183,"3%"
"North Carolina","Rutherford",9049,24631,396,34076,-15582,"4%"
"North Carolina","Sampson",10962,17412,195,28569,-6450,"0%"
"North Carolina","Scotland",7184,7473,99,14756,-289,"0%"
"North Carolina","Stanly",8133,25462,352,33947,-17329,"3%"
"North Carolina","Stokes",5279,20058,273,25610,-14779,"1%"
"North Carolina","Surry",8721,27538,379,36638,-18817,"3%"
"North Carolina","Swain",2765,4152,NA,7026,-1387,"2%"
"North Carolina","Transylvania",8413,11578,NA,20253,-3165,"3%"
"North Carolina","Tyrrell",757,1043,NA,1812,-286,"2%"
"North Carolina","Union",48199,79778,NA,129475,-31579,"0%"
"North Carolina","Vance",12412,8385,NA,20948,4027,"0%"
"North Carolina","Wake",393254,226149,12324,631727,167105,"4%"
"North Carolina","Warren",6344,3739,NA,10207,2605,"0%"
"North Carolina","Washington",3387,2778,NA,6191,609,"2%"
"North Carolina","Watauga",17125,14453,647,32225,2672,"0%"
"North Carolina","Wayne",24216,30708,613,55537,-6492,"7%"
"North Carolina","Wilkes",7510,27593,363,35466,-20083,"0%"
"North Carolina","Wilson",20579,19437,394,40410,1142,"1%"
"North Carolina","Yadkin",3763,15933,192,19888,-12170,"1%"
"North Carolina","Yancey",3688,7516,148,11352,-3828,"0%"
"North Dakota","Adams",258,981,30,1269,-723,"13%"
"North Dakota","Barnes",1820,3568,177,5565,-1748,"11%"
"North Dakota","Benson",822,1094,45,1961,-272,"20%"
"North Dakota","Billings",72,541,22,635,-469,"8%"
"North Dakota","Bottineau",821,2575,75,3471,-1754,"14%"
"North Dakota","Bowman",228,1395,34,1657,-1167,"19%"
"North Dakota","Burke",136,984,24,1144,-848,"18%"
"North Dakota","Burleigh",14348,34744,1661,50753,-20396,"8%"
"North Dakota","Cass",40311,42619,3123,86053,-2308,"7%"
"North Dakota","Cavalier",474,1499,47,2020,-1025,"14%"
"North Dakota","Dickey",608,1742,74,2424,-1134,"16%"
"North Dakota","Divide",265,904,33,1202,-639,"14%"
"North Dakota","Dunn",342,1951,45,2338,-1609,"9%"
"North Dakota","Eddy",383,854,24,1261,-471,"10%"
"North Dakota","Emmons",237,1738,34,2009,-1501,"11%"
"North Dakota","Foster",373,1362,43,1778,-989,"9%"
"North Dakota","Golden Valley",137,871,18,1026,-734,"6%"
"North Dakota","Grand Forks",12880,16987,1103,30970,-4107,"0%"
"North Dakota","Grant",207,1145,29,1381,-938,"13%"
"North Dakota","Griggs",308,907,35,1250,-599,"18%"
"North Dakota","Hettinger",196,1091,25,1312,-895,"15%"
"North Dakota","Kidder",221,1215,24,1460,-994,"7%"
"North Dakota","LaMoure",527,1645,47,2219,-1118,"11%"
"North Dakota","Logan",128,930,18,1076,-802,"12%"
"North Dakota","McHenry",564,2364,75,3003,-1800,"7%"
"North Dakota","McIntosh",261,1153,41,1455,-892,"16%"
"North Dakota","McKenzie",814,4482,123,5419,-3668,"0%"
"North Dakota","McLean",1230,4198,108,5536,-2968,"9%"
"North Dakota","Mercer",704,3856,115,4675,-3152,"12%"
"North Dakota","Morton",3872,12243,504,16619,-8371,"8%"
"North Dakota","Mountrail",1256,2824,85,4165,-1568,"11%"
"North Dakota","Nelson",586,1141,50,1777,-555,"9%"
"North Dakota","Oliver",129,918,19,1066,-789,"8%"
"North Dakota","Pembina",786,2460,85,3331,-1674,"10%"
"North Dakota","Pierce",497,1585,46,2128,-1088,"14%"
"North Dakota","Ramsey",1639,3577,156,5372,-1938,"11%"
"North Dakota","Ransom",945,1418,91,2454,-473,"11%"
"North Dakota","Renville",220,1065,34,1319,-845,"11%"
"North Dakota","Richland",2510,5072,230,7812,-2562,"10%"
"North Dakota","Rolette",2482,1257,65,3804,1225,"26%"
"North Dakota","Sargent",738,1266,66,2070,-528,"9%"
"North Dakota","Sheridan",104,688,20,812,-584,"13%"
"North Dakota","Sioux",804,258,124,1186,546,"16%"
"North Dakota","Slope",44,380,3,427,-336,"14%"
"North Dakota","Stark",2499,12110,441,15050,-9611,"0%"
"North Dakota","Steele",392,652,44,1088,-260,"8%"
"North Dakota","Stutsman",2676,6994,289,9959,-4318,"0%"
"North Dakota","Towner",317,830,27,1174,-513,"12%"
"North Dakota","Traill",1493,2522,121,4136,-1029,"8%"
"North Dakota","Walsh",1333,3324,126,4783,-1991,"12%"
"North Dakota","Ward",7293,19974,979,28246,-12681,"10%"
"North Dakota","Wells",442,1893,39,2374,-1451,"13%"
"North Dakota","Williams",2169,11739,426,14334,-9570,"2%"
"Nebraska","Adams",4213,10085,NA,14602,-5872,"4%"
"Nebraska","Antelope",452,3093,NA,3583,-2641,"3%"
"Nebraska","Arthur",21,260,NA,284,-239,"7%"
"Nebraska","Banner",43,362,NA,410,-319,"10%"
"Nebraska","Blaine",35,280,NA,317,-245,"11%"
"Nebraska","Boone",499,2653,NA,3217,-2154,"1%"
"Nebraska","Box Butte",1051,4002,NA,5181,-2951,"6%"
"Nebraska","Boyd",135,1010,NA,1153,-875,"11%"
"Nebraska","Brown",190,1468,NA,1676,-1278,"6%"
"Nebraska","Buffalo",6350,16640,NA,23589,-10290,"0%"
"Nebraska","Burt",1063,2580,NA,3731,-1517,"6%"
"Nebraska","Butler",869,3526,NA,4478,-2657,"0%"
"Nebraska","Cass",4737,10121,NA,15284,-5384,"0%"
"Nebraska","Cedar",725,4174,NA,4996,-3449,"0%"
"Nebraska","Chase",226,1740,NA,1993,-1514,"6%"
"Nebraska","Cherry",373,2844,NA,3265,-2471,"7%"
"Nebraska","Cheyenne",855,3813,NA,4765,-2958,"10%"
"Nebraska","Clay",632,2848,NA,3558,-2216,"1%"
"Nebraska","Colfax",1025,2636,65,3726,-1611,"0%"
"Nebraska","Cuming",862,3476,NA,4412,-2614,"3%"
"Nebraska","Custer",768,4996,NA,5877,-4228,"7%"
"Nebraska","Dakota",2744,3926,NA,6794,-1182,"3%"
"Nebraska","Dawes",1082,2931,NA,4121,-1849,"1%"
"Nebraska","Dawson",2497,6524,NA,9178,-4027,"5%"
"Nebraska","Deuel",141,871,20,1032,-730,"9%"
"Nebraska","Dixon",651,2335,NA,3083,-1684,"1%"
"Nebraska","Dodge",5526,10963,NA,16835,-5437,"3%"
"Nebraska","Douglas",146433,116696,6831,269960,29737,"0%"
"Nebraska","Dundy",105,883,NA,999,-778,"9%"
"Nebraska","Fillmore",693,2359,NA,3134,-1666,"5%"
"Nebraska","Franklin",276,1434,NA,1721,-1158,"8%"
"Nebraska","Frontier",189,1229,NA,1440,-1040,"3%"
"Nebraska","Furnas",399,2163,NA,2601,-1764,"1%"
"Nebraska","Gage",3385,7445,NA,11068,-4060,"2%"
"Nebraska","Garden",161,1016,NA,1195,-855,"2%"
"Nebraska","Garfield",133,925,NA,1067,-792,"3%"
"Nebraska","Gosper",215,893,NA,1118,-678,"1%"
"Nebraska","Grant",20,375,NA,402,-355,"11%"
"Nebraska","Greeley",229,1016,NA,1258,-787,"5%"
"Nebraska","Hall",7681,16189,NA,24374,-8508,"1%"
"Nebraska","Hamilton",1117,4297,NA,5520,-3180,"1%"
"Nebraska","Harlan",282,1615,NA,1928,-1333,"6%"
"Nebraska","Hayes",34,494,NA,534,-460,"12%"
"Nebraska","Hitchcock",175,1264,NA,1469,-1089,"12%"
"Nebraska","Holt",683,4766,NA,5531,-4083,"4%"
"Nebraska","Hooker",59,376,NA,442,-317,"5%"
"Nebraska","Howard",648,2786,NA,3501,-2138,"0%"
"Nebraska","Jefferson",1016,2616,NA,3716,-1600,"5%"
"Nebraska","Johnson",646,1517,NA,2227,-871,"5%"
"Nebraska","Kearney",701,2822,NA,3604,-2121,"2%"
"Nebraska","Keith",763,3544,NA,4364,-2781,"4%"
"Nebraska","Keya Paha",49,476,NA,529,-427,"9%"
"Nebraska","Kimball",267,1553,NA,1860,-1286,"1%"
"Nebraska","Knox",903,3719,NA,4693,-2816,"0%"
"Nebraska","Lancaster",81131,68952,NA,153687,12179,"0%"
"Nebraska","Lincoln",3692,13071,NA,17107,-9379,"5%"
"Nebraska","Logan",38,407,NA,450,-369,"11%"
"Nebraska","Loup",75,370,NA,454,-295,"0%"
"Nebraska","Madison",3393,11678,NA,15407,-8285,"3%"
"Nebraska","McPherson",17,275,NA,302,-258,"0%"
"Nebraska","Merrick",740,3407,120,4267,-2667,"0%"
"Nebraska","Morrill",386,2113,59,2558,-1727,"0%"
"Nebraska","Nance",359,1437,NA,1828,-1078,"0%"
"Nebraska","Nemaha",921,2428,NA,3423,-1507,"5%"
"Nebraska","Nuckolls",409,1850,NA,2296,-1441,"7%"
"Nebraska","Otoe",2481,5609,216,8306,-3128,"0%"
"Nebraska","Pawnee",322,1071,NA,1429,-749,"5%"
"Nebraska","Perkins",199,1321,NA,1544,-1122,"5%"
"Nebraska","Phelps",752,4157,NA,5009,-3405,"5%"
"Nebraska","Pierce",480,3462,NA,4006,-2982,"1%"
"Nebraska","Platte",3208,11827,NA,15256,-8619,"6%"
"Nebraska","Polk",527,2286,NA,2870,-1759,"1%"
"Nebraska","Red Willow",811,4525,NA,5452,-3714,"6%"
"Nebraska","Richardson",981,2981,NA,4018,-2000,"6%"
"Nebraska","Rock",84,744,NA,841,-660,"6%"
"Nebraska","Saline",1986,3631,NA,5770,-1645,"0%"
"Nebraska","Sarpy",41029,51518,2862,95409,-10489,"0%"
"Nebraska","Saunders",3318,9036,NA,12646,-5718,"0%"
"Nebraska","Scotts Bluff",4133,10810,NA,15259,-6677,"5%"
"Nebraska","Seward",2438,6490,NA,9142,-4052,"0%"
"Nebraska","Sheridan",340,2292,NA,2672,-1952,"9%"
"Nebraska","Sherman",343,1322,NA,1698,-979,"4%"
"Nebraska","Sioux",72,642,NA,729,-570,"12%"
"Nebraska","Stanton",532,2561,72,3165,-2029,"0%"
"Nebraska","Thayer",619,2285,NA,2951,-1666,"2%"
"Nebraska","Thomas",45,377,NA,427,-332,"7%"
"Nebraska","Thurston",1107,1164,NA,2294,-57,"7%"
"Nebraska","Valley",410,1892,31,2333,-1482,"6%"
"Nebraska","Washington",3554,8583,NA,12413,-5029,"0%"
"Nebraska","Wayne",1022,3055,NA,4200,-2033,"1%"
"Nebraska","Webster",335,1511,NA,1876,-1176,"4%"
"Nebraska","Wheeler",59,438,NA,502,-379,"4%"
"Nebraska","York",1619,5296,NA,7089,-3677,"1%"
"New Hampshire","Belknap",16894,20899,660,38453,-4005,"NA%"
"New Hampshire","Carroll",16649,16150,473,33272,499,"NA%"
"New Hampshire","Cheshire",25522,17898,809,44229,7624,"NA%"
"New Hampshire","Coos",7640,8617,271,16528,-977,"NA%"
"New Hampshire","Grafton",33180,19905,904,53989,13275,"NA%"
"New Hampshire","Hillsborough",122344,104625,4071,231040,17719,"NA%"
"New Hampshire","Merrimack",48533,39711,1643,89887,8822,"NA%"
"New Hampshire","Rockingham",100064,95858,3021,198943,4206,"NA%"
"New Hampshire","Strafford",41721,30489,1519,73729,11232,"NA%"
"New Hampshire","Sullivan",12390,11508,485,24383,882,"NA%"
"New Jersey","Atlantic",68978,60957,2045,131980,8021,"2%"
"New Jersey","Bergen",259358,182831,6458,448647,76527,"7%"
"New Jersey","Burlington",145987,96583,3857,246427,49404,"2%"
"New Jersey","Camden",160606,78600,3945,243151,82006,"7%"
"New Jersey","Cape May",23583,32770,NA,56954,-9187,"0%"
"New Jersey","Cumberland",30148,27294,806,58248,2854,"8%"
"New Jersey","Essex",237981,68038,NA,308715,169943,"14%"
"New Jersey","Gloucester",86588,83312,3408,173308,3276,"0%"
"New Jersey","Hudson",157349,53435,2822,213606,103914,"15%"
"New Jersey","Hunterdon",38658,42203,2004,82865,-3545,"0%"
"New Jersey","Mercer",109514,45926,2812,158252,63588,"12%"
"New Jersey","Middlesex",184898,109625,3708,298231,75273,"20%"
"New Jersey","Monmouth",174315,184761,5039,364115,-10446,"0%"
"New Jersey","Morris",137028,122615,4970,264613,14413,"8%"
"New Jersey","Ocean",113359,203613,5064,322036,-90254,"0%"
"New Jersey","Passaic",118112,84873,2992,205977,33239,"8%"
"New Jersey","Salem",13486,17768,669,31923,-4282,"6%"
"New Jersey","Somerset",101220,65234,2618,169072,35986,"6%"
"New Jersey","Sussex",33142,49609,2055,84806,-16467,"1%"
"New Jersey","Union",143940,67436,3142,214518,76504,"0%"
"New Jersey","Warren",23073,31533,1244,55850,-8460,"1%"
"New Mexico","Bernalillo",192042,115674,7616,315332,76368,"0%"
"New Mexico","Catron",594,1698,33,2325,-1104,"0%"
"New Mexico","Chaves",6381,15656,406,22443,-9275,"0%"
"New Mexico","Cibola",4745,3975,183,8903,770,"0%"
"New Mexico","Colfax",2611,3271,134,6016,-660,"9%"
"New Mexico","Curry",4307,10444,350,15101,-6137,"0%"
"New Mexico","DeBaca",231,656,14,901,-425,"0%"
"New Mexico","Dona Ana",47958,32800,1882,82640,15158,"0%"
"New Mexico","Eddy",5424,17454,344,23222,-12030,"0%"
"New Mexico","Grant",7590,6553,292,14435,1037,"2%"
"New Mexico","Guadalupe",1234,916,38,2188,318,"0%"
"New Mexico","Harding",179,319,7,505,-140,"22%"
"New Mexico","Hidalgo",821,1117,31,1969,-296,"5%"
"New Mexico","Lea",4061,16531,326,20918,-12470,"0%"
"New Mexico","Lincoln",3194,6942,170,10306,-3748,"0%"
"New Mexico","Los Alamos",7554,4278,461,12293,3276,"2%"
"New Mexico","Luna",3565,4407,132,8104,-842,"0%"
"New Mexico","McKinley",17969,7782,655,26406,10187,"0%"
"New Mexico","Mora",1744,902,37,2683,842,"11%"
"New Mexico","Otero",8483,14521,565,23569,-6038,"0%"
"New Mexico","Quay",1170,2634,69,3873,-1464,"3%"
"New Mexico","Rio Arriba",10896,5390,225,16511,5506,"22%"
"New Mexico","Roosevelt",1802,4634,172,6608,-2832,"0%"
"New Mexico","San Juan",18081,32874,1338,52293,-14793,"1%"
"New Mexico","San Miguel",7888,3421,222,11531,4467,"13%"
"New Mexico","Sandoval",40588,34174,1800,76562,6414,"0%"
"New Mexico","Santa Fe",62530,18329,1368,82227,44201,"0%"
"New Mexico","Sierra",2265,3542,138,5945,-1277,"0%"
"New Mexico","Socorro",3722,3255,183,7160,467,"0%"
"New Mexico","Taos",13030,3663,342,17035,9367,"3%"
"New Mexico","Torrance",2344,4772,165,7281,-2428,"0%"
"New Mexico","Union",383,1388,18,1789,-1005,"6%"
"New Mexico","Valencia",14263,17362,650,32275,-3099,"0%"
"Nevada","Carson City",12485,15771,870,29126,-3286,"6%"
"Nevada","Churchill",2966,9088,449,12503,-6122,"8%"
"Nevada","Clark",493799,402329,18366,914494,91470,"5%"
"Nevada","Douglas",11390,21237,910,33537,-9847,"3%"
"Nevada","Elko",4381,16057,643,21081,-11676,"8%"
"Nevada","Esmeralda",72,389,13,474,-317,"10%"
"Nevada","Eureka",92,833,17,942,-741,"0%"
"Nevada","Humboldt",1638,5671,198,7507,-4033,"6%"
"Nevada","Lander",481,2118,65,2664,-1637,"11%"
"Nevada","Lincoln",318,1949,45,2312,-1631,"13%"
"Nevada","Lyon",8264,20302,826,29392,-12038,"0%"
"Nevada","Mineral",759,1343,77,2179,-584,"12%"
"Nevada","Nye",6950,16575,496,24021,-9625,"1%"
"Nevada","Pershing",525,1668,39,2232,-1143,"9%"
"Nevada","Storey",901,1907,66,2874,-1006,"9%"
"Nevada","Washoe",126098,114614,7135,247847,11484,"2%"
"Nevada","White Pine",836,3238,103,4177,-2402,"11%"
"New York","Albany",73189,45570,2770,121529,27619,"22%"
"New York","Allegany",4188,12670,NA,17271,-8482,"18%"
"New York","Bronx",271835,55849,NA,329638,215986,"26%"
"New York","Brooklyn",514133,174731,NA,693937,339402,"23%"
"New York","Broome",32275,38351,1750,72376,-6076,"25%"
"New York","Cattaraugus",9142,20295,NA,30051,-11153,"14%"
"New York","Cayuga",13367,18208,699,32274,-4841,"13%"
"New York","Chautauqua",23075,34846,1362,59283,-11771,"2%"
"New York","Chemung",11573,19388,NA,31646,-7815,"22%"
"New York","Chenango",5126,11736,NA,17241,-6610,"24%"
"New York","Clinton",12690,14354,NA,27471,-1664,"24%"
"New York","Columbia",14148,12883,NA,27537,1265,"20%"
"New York","Cortland",6829,9484,NA,16700,-2655,"26%"
"New York","Delaware",6420,11952,391,18763,-5532,"15%"
"New York","Dutchess",57720,59661,2158,119539,-1941,"15%"
"New York","Erie",198808,178349,NA,383952,20459,"19%"
"New York","Essex",6970,7953,NA,15185,-983,"21%"
"New York","Franklin",6586,8530,NA,15397,-1944,"19%"
"New York","Fulton",5804,13989,387,20180,-8185,"15%"
"New York","Genesee",7048,17340,NA,25004,-10292,"16%"
"New York","Greene",7675,12722,485,20882,-5047,"15%"
"New York","Hamilton",863,1917,NA,2825,-1054,"22%"
"New York","Herkimer",7282,17038,446,24766,-9756,"16%"
"New York","Jefferson",12053,22779,NA,35530,-10726,"17%"
"New York","Lewis",2768,7931,NA,10878,-5163,"14%"
"New York","Livingston",9150,16575,NA,26333,-7425,"22%"
"New York","Madison",10417,16553,728,27698,-6136,"18%"
"New York","Manhattan",377605,65001,4255,446861,312604,"40%"
"New York","Monroe",146403,122995,6843,276241,23408,"29%"
"New York","Montgomery",5746,11500,369,17615,-5754,"12%"
"New York","Nassau",280288,286661,NA,572706,-6373,"12%"
"New York","Niagara",34809,51355,NA,87821,-16546,"15%"
"New York","Oneida",30542,51950,NA,84099,-21408,"17%"
"New York","Onondaga",113970,84117,5267,203354,29853,"13%"
"New York","Ontario",20779,25757,NA,47830,-4978,"18%"
"New York","Orange",61868,76218,NA,139956,-14350,"18%"
"New York","Orleans",4082,11173,NA,15625,-7091,"15%"
"New York","Oswego",14677,28914,NA,44546,-14237,"17%"
"New York","Otsego",10906,13503,657,25066,-2597,"13%"
"New York","Putnam",17106,25899,656,43661,-8793,"20%"
"New York","Queens",412393,181225,4310,597928,231168,"37%"
"New York","Rensselaer",30450,33371,NA,65285,-2921,"19%"
"New York","Rockland",50926,63830,1268,116024,-12904,"23%"
"New York","Saint Lawrence",13036,21862,NA,35519,-8826,"18%"
"New York","Saratoga",49697,55248,2638,107583,-5551,"16%"
"New York","Schenectady",31685,27544,NA,60591,4141,"20%"
"New York","Schoharie",4006,9010,NA,13374,-5004,"15%"
"New York","Schuyler",2858,5181,207,8246,-2323,"16%"
"New York","Seneca",5076,7582,NA,12954,-2506,"17%"
"New York","Staten Island",67223,110094,NA,178751,-42871,"12%"
"New York","Steuben",11299,26781,NA,38797,-15482,"18%"
"New York","Suffolk",259463,333617,8181,601261,-74154,"21%"
"New York","Sullivan",10995,15555,NA,26931,-4560,"20%"
"New York","Tioga",6724,13292,539,20555,-6568,"18%"
"New York","Tompkins",22624,9640,NA,33015,12984,"31%"
"New York","Ulster",42606,33580,NA,77667,9026,"19%"
"New York","Warren",11811,15200,NA,27625,-3389,"21%"
"New York","Washington",8537,14577,NA,23607,-6040,"14%"
"New York","Wayne",12799,23734,NA,37425,-10935,"16%"
"New York","Westchester",220963,126013,3773,350749,94950,"44%"
"New York","Wyoming",3840,12969,NA,17162,-9129,"11%"
"New York","Yates",3046,5552,NA,8817,-2506,"22%"
"Ohio","Adams",2130,9660,NA,11905,-7530,"4%"
"Ohio","Allen",13611,32052,NA,46362,-18441,"5%"
"Ohio","Ashland",6448,19002,433,25883,-12554,"0%"
"Ohio","Ashtabula",16207,26225,821,43253,-10018,"0%"
"Ohio","Athens",14047,10386,443,24876,3661,"0%"
"Ohio","Auglaize",4583,20451,362,25396,-15868,"0%"
"Ohio","Belmont",9007,23092,435,32534,-14085,"2%"
"Ohio","Brown",4326,16032,NA,20586,-11706,"0%"
"Ohio","Butler",67729,111722,NA,182034,-43993,"8%"
"Ohio","Carroll",3206,10525,226,13957,-7319,"0%"
"Ohio","Champaign",4946,14086,337,19369,-9140,"0%"
"Ohio","Clark",23625,38217,NA,62870,-14592,"8%"
"Ohio","Clermont",33505,73077,NA,108315,-39572,"4%"
"Ohio","Clinton",4556,15061,NA,19940,-10505,"0%"
"Ohio","Columbiana",13183,35124,862,49169,-21941,"0%"
"Ohio","Coshocton",4057,11982,309,16348,-7925,"0%"
"Ohio","Crawford",4831,15043,348,20222,-10212,"0%"
"Ohio","Cuyahoga",402315,195089,NA,603721,207226,"18%"
"Ohio","Darke",4668,21569,NA,26621,-16901,"0%"
"Ohio","Defiance",5870,12778,384,19032,-6908,"1%"
"Ohio","Delaware",56961,65163,NA,124004,-8202,"0%"
"Ohio","Erie",17142,21724,NA,39523,-4582,"12%"
"Ohio","Fairfield",30634,49714,NA,81564,-19080,"2%"
"Ohio","Fayette",2911,9220,174,12305,-6309,"0%"
"Ohio","Franklin",391584,203154,NA,604058,188430,"9%"
"Ohio","Fulton",6545,15396,NA,22299,-8851,"0%"
"Ohio","Gallia",2911,10289,NA,13358,-7378,"2%"
"Ohio","Geauga",20980,33581,820,55381,-12601,"0%"
"Ohio","Greene",34023,50937,NA,86616,-16914,"1%"
"Ohio","Guernsey",4498,13077,NA,17806,-8579,"0%"
"Ohio","Hamilton",238101,173015,NA,417408,65086,"13%"
"Ohio","Hancock",11535,25796,NA,37999,-14261,"7%"
"Ohio","Hardin",3025,9698,NA,12954,-6673,"1%"
"Ohio","Harrison",1742,5668,NA,7500,-3926,"0%"
"Ohio","Henry",3995,10273,NA,14482,-6278,"4%"
"Ohio","Highland",3741,15369,193,19303,-11628,"0%"
"Ohio","Hocking",3836,9554,396,13786,-5718,"0%"
"Ohio","Holmes",1981,10645,183,12809,-8664,"0%"
"Ohio","Huron",7643,18537,448,26628,-10894,"0%"
"Ohio","Jackson",3193,10804,163,14160,-7611,"0%"
"Ohio","Jefferson",9823,22309,NA,32572,-12486,"6%"
"Ohio","Knox",8433,21825,NA,30703,-13392,"0%"
"Ohio","Lake",54337,71615,1915,127867,-17278,"5%"
"Ohio","Lawrence",7353,19759,NA,27427,-12406,"1%"
"Ohio","Licking",32324,57965,NA,91830,-25641,"3%"
"Ohio","Logan",4990,17625,370,22985,-12635,"0%"
"Ohio","Lorain",72792,76719,2477,151988,-3927,"7%"
"Ohio","Lucas",111989,79628,NA,194882,32361,"19%"
"Ohio","Madison",5558,13445,NA,19309,-7887,"0%"
"Ohio","Mahoning",56346,58601,1618,116565,-2255,"0%"
"Ohio","Marion",8089,18526,NA,27126,-10437,"0%"
"Ohio","Medina",39326,63451,1601,104378,-24125,"0%"
"Ohio","Meigs",2452,8163,149,10764,-5711,"0%"
"Ohio","Mercer",3981,19145,300,23426,-15164,"0%"
"Ohio","Miami",15420,40531,1017,56968,-25111,"0%"
"Ohio","Monroe",1597,5392,NA,7066,-3795,"0%"
"Ohio","Montgomery",131592,126085,NA,261849,5507,"14%"
"Ohio","Morgan",1703,4932,86,6721,-3229,"0%"
"Ohio","Morrow",3988,13784,NA,18088,-9796,"0%"
"Ohio","Muskingum",11755,27334,NA,39693,-15579,"0%"
"Ohio","Noble",1156,5024,41,6221,-3868,"0%"
"Ohio","Ottawa",8847,14285,393,23525,-5438,"1%"
"Ohio","Paulding",2172,6927,181,9280,-4755,"0%"
"Ohio","Perry",4006,11959,214,16179,-7953,"0%"
"Ohio","Pickaway",7167,20059,404,27630,-12892,"0%"
"Ohio","Pike",3051,8872,NA,12063,-5821,"2%"
"Ohio","Portage",34935,45034,1311,81280,-10099,"0%"
"Ohio","Preble",4435,16697,305,21437,-12262,"0%"
"Ohio","Putnam",3152,16218,NA,19671,-13066,"1%"
"Ohio","Richland",17231,40534,836,58601,-23303,"4%"
"Ohio","Ross",10345,21687,499,32531,-11342,"0%"
"Ohio","Sandusky",10391,18487,612,29490,-8096,"3%"
"Ohio","Scioto",8876,21926,NA,31146,-13050,"5%"
"Ohio","Seneca",8147,16739,NA,25322,-8592,"5%"
"Ohio","Shelby",4399,19988,398,24785,-15589,"0%"
"Ohio","Stark",74336,108610,NA,185714,-34274,"10%"
"Ohio","Summit",148151,122023,NA,273915,26128,"10%"
"Ohio","Trumbull",43534,53756,1387,98677,-10222,"0%"
"Ohio","Tuscarawas",12643,29519,NA,42785,-16876,"2%"
"Ohio","Union",10985,21233,NA,32838,-10248,"3%"
"Ohio","Van Wert",3026,11470,271,14767,-8444,"0%"
"Ohio","Vinton",1306,4525,71,5902,-3219,"0%"
"Ohio","Warren",45040,85069,2282,132391,-40029,"0%"
"Ohio","Washington",9114,21798,NA,31382,-12684,"1%"
"Ohio","Wayne",16340,36059,841,53240,-19719,"9%"
"Ohio","Williams",4726,13218,NA,18290,-8492,"0%"
"Ohio","Wood",29797,34815,1248,65860,-5018,"3%"
"Ohio","Wyandot",2690,8248,NA,11122,-5558,"0%"
"Oklahoma","Adair",1387,5585,136,7108,-4198,"0%"
"Oklahoma","Alfalfa",232,1978,52,2262,-1746,"0%"
"Oklahoma","Atoka",765,4557,67,5389,-3792,"0%"
"Oklahoma","Beaver",190,1968,20,2178,-1778,"0%"
"Oklahoma","Beckham",1048,6767,133,7948,-5719,"0%"
"Oklahoma","Blaine",688,3136,77,3901,-2448,"0%"
"Oklahoma","Bryan",3323,12344,309,15976,-9021,"0%"
"Oklahoma","Caddo",2670,7013,176,9859,-4343,"0%"
"Oklahoma","Canadian",16742,43550,1648,61940,-26808,"0%"
"Oklahoma","Carter",4470,14699,310,19479,-10229,"0%"
"Oklahoma","Cherokee",6027,11223,464,17714,-5196,"0%"
"Oklahoma","Choctaw",1082,4698,52,5832,-3616,"0%"
"Oklahoma","Cimarron",70,970,14,1054,-900,"0%"
"Oklahoma","Cleveland",49827,66677,3274,119778,-16850,"0%"
"Oklahoma","Coal",374,2091,59,2524,-1717,"0%"
"Oklahoma","Comanche",13747,20905,979,35631,-7158,"0%"
"Oklahoma","Cotton",393,2117,62,2572,-1724,"0%"
"Oklahoma","Craig",1217,4686,129,6032,-3469,"0%"
"Oklahoma","Creek",6577,23294,634,30505,-16717,"0%"
"Oklahoma","Custer",2369,8060,262,10691,-5691,"0%"
"Oklahoma","Delaware",3472,13557,216,17245,-10085,"0%"
"Oklahoma","Dewey",214,2124,21,2359,-1910,"0%"
"Oklahoma","Ellis",162,1688,23,1873,-1526,"0%"
"Oklahoma","Garfield",4919,16970,541,22430,-12051,"0%"
"Oklahoma","Garvin",1865,8878,179,10922,-7013,"0%"
"Oklahoma","Grady",4144,18538,419,23101,-14394,"0%"
"Oklahoma","Grant",280,1916,30,2226,-1636,"0%"
"Oklahoma","Greer",328,1605,40,1973,-1277,"0%"
"Oklahoma","Harmon",177,747,9,933,-570,"0%"
"Oklahoma","Harper",136,1327,24,1487,-1191,"0%"
"Oklahoma","Haskell",783,4165,66,5014,-3382,"0%"
"Oklahoma","Hughes",919,3875,63,4857,-2956,"0%"
"Oklahoma","Jackson",1646,6392,183,8221,-4746,"0%"
"Oklahoma","Jefferson",319,2026,40,2385,-1707,"0%"
"Oklahoma","Johnston",738,3441,72,4251,-2703,"0%"
"Oklahoma","Kay",4040,12834,375,17249,-8794,"0%"
"Oklahoma","Kingfisher",854,5521,90,6465,-4667,"0%"
"Oklahoma","Kiowa",699,2673,55,3427,-1974,"0%"
"Oklahoma","Latimer",762,3437,50,4249,-2675,"0%"
"Oklahoma","LeFlore",3299,15213,293,18805,-11914,"0%"
"Oklahoma","Lincoln",2609,12013,266,14888,-9404,"0%"
"Oklahoma","Logan",5455,15608,511,21574,-10153,"0%"
"Oklahoma","Love",711,3305,60,4076,-2594,"0%"
"Oklahoma","Major",320,3084,63,3467,-2764,"0%"
"Oklahoma","Marshall",1100,4891,73,6064,-3791,"0%"
"Oklahoma","Mayes",3581,12749,296,16626,-9168,"0%"
"Oklahoma","McClain",3582,15295,359,19236,-11713,"0%"
"Oklahoma","McCurtain",1858,9485,124,11467,-7627,"0%"
"Oklahoma","McIntosh",2031,6172,132,8335,-4141,"0%"
"Oklahoma","Murray",1156,4612,126,5894,-3456,"0%"
"Oklahoma","Muskogee",8027,16526,528,25081,-8499,"0%"
"Oklahoma","Noble",1003,3821,114,4938,-2818,"0%"
"Oklahoma","Nowata",712,3610,69,4391,-2898,"0%"
"Oklahoma","Okfuskee",896,3058,84,4038,-2162,"0%"
"Oklahoma","Oklahoma",141724,145050,7966,294740,-3326,"0%"
"Oklahoma","Okmulgee",4357,9668,288,14313,-5311,"0%"
"Oklahoma","Osage",6002,14121,415,20538,-8119,"0%"
"Oklahoma","Ottawa",2686,8545,207,11438,-5859,"0%"
"Oklahoma","Pawnee",1363,5267,156,6786,-3904,"0%"
"Oklahoma","Payne",10904,17813,926,29643,-6909,"0%"
"Oklahoma","Pittsburg",3768,13851,305,17924,-10083,"0%"
"Oklahoma","Pontotoc",4117,10805,398,15320,-6688,"0%"
"Oklahoma","Pottawatomie",7275,20240,670,28185,-12965,"0%"
"Oklahoma","Pushmataha",668,4016,55,4739,-3348,"0%"
"Oklahoma","Roger Mills",168,1629,37,1834,-1461,"0%"
"Oklahoma","Rogers",9589,34031,933,44553,-24442,"0%"
"Oklahoma","Seminole",2150,6011,176,8337,-3861,"0%"
"Oklahoma","Sequoyah",3035,12113,238,15386,-9078,"0%"
"Oklahoma","Stephens",3154,15560,343,19057,-12406,"0%"
"Oklahoma","Texas",894,4505,122,5521,-3611,"0%"
"Oklahoma","Tillman",597,2076,35,2708,-1479,"0%"
"Oklahoma","Tulsa",108996,150574,7108,266678,-41578,"0%"
"Oklahoma","Wagoner",8464,26165,709,35338,-17701,"0%"
"Oklahoma","Washington",5790,17076,635,23501,-11286,"0%"
"Oklahoma","Washita",598,4086,93,4777,-3488,"0%"
"Oklahoma","Woods",591,2993,94,3678,-2402,"0%"
"Oklahoma","Woodward",1005,6611,169,7785,-5606,"0%"
"Oregon","Baker",2332,7316,230,9878,-4984,"1%"
"Oregon","Benton",35780,14853,2086,52719,20927,"5%"
"Oregon","Clackamas",138036,109647,NA,253804,28389,"0%"
"Oregon","Clatsop",12740,10001,778,23519,2739,"0%"
"Oregon","Columbia",13535,16779,1204,31518,-3244,"0%"
"Oregon","Coos",14024,21488,972,36484,-7464,"0%"
"Oregon","Crook",3715,11103,347,15165,-7388,"2%"
"Oregon","Curry",6023,8441,379,14843,-2418,"0%"
"Oregon","Deschutes",64102,54183,3447,121732,9919,"0%"
"Oregon","Douglas",18780,42513,1814,63107,-23733,"0%"
"Oregon","Gilliam",324,834,20,1178,-510,"1%"
"Oregon","Grant",928,3544,121,4593,-2616,"0%"
"Oregon","Harney",894,3475,112,4481,-2581,"1%"
"Oregon","Hood River",8671,3911,365,12947,4760,"0%"
"Oregon","Jackson",58386,63012,3786,125184,-4626,"0%"
"Oregon","Jefferson",4306,7044,316,11666,-2738,"0%"
"Oregon","Josephine",18311,31640,1407,51358,-13329,"0%"
"Oregon","Klamath",10260,25048,1023,36331,-14788,"0%"
"Oregon","Lake",788,3449,99,4336,-2661,"3%"
"Oregon","Lane",133924,80144,7517,221585,53780,"0%"
"Oregon","Lincoln",17248,12336,857,30441,4912,"0%"
"Oregon","Linn",26448,43422,2632,72502,-16974,"0%"
"Oregon","Malheur",3202,8101,350,11653,-4899,"2%"
"Oregon","Marion",80138,78424,5594,164156,1714,"0%"
"Oregon","Morrow",1345,3557,158,5060,-2212,"0%"
"Oregon","Multnomah",366129,82583,13356,462068,283546,"0%"
"Oregon","Polk",22842,23670,1636,48148,-828,"0%"
"Oregon","Sherman",257,914,26,1197,-657,"0%"
"Oregon","Tillamook",7956,8306,463,16725,-350,"0%"
"Oregon","Umatilla",10499,21002,1038,32539,-10503,"0%"
"Oregon","Union",4227,10247,388,14862,-6020,"0%"
"Oregon","Wallowa",1619,3390,119,5128,-1771,"0%"
"Oregon","Wasco",6467,6965,472,13904,-498,"0%"
"Oregon","Washington",208447,98661,11245,318353,109786,"0%"
"Oregon","Wheeler",216,710,37,963,-494,"0%"
"Oregon","Yamhill",26668,28933,2122,57723,-2265,"0%"
"Pennsylvania","Adams",18254,37567,NA,56635,-19313,"0%"
"Pennsylvania","Allegheny",428876,282170,11099,722145,146706,"0%"
"Pennsylvania","Armstrong",8417,27340,NA,36178,-18923,"0%"
"Pennsylvania","Beaver",37747,54108,NA,93083,-16361,"0%"
"Pennsylvania","Bedford",4367,23025,NA,27574,-18658,"0%"
"Pennsylvania","Berks",89530,105941,NA,198260,-16411,"1%"
"Pennsylvania","Blair",17425,44714,NA,62784,-27289,"1%"
"Pennsylvania","Bradford",8044,21586,NA,30143,-13542,"0%"
"Pennsylvania","Bucks",201768,184440,NA,390316,17328,"0%"
"Pennsylvania","Butler",36534,73023,NA,110960,-36489,"1%"
"Pennsylvania","Cambria",21752,48094,NA,70605,-26342,"0%"
"Pennsylvania","Cameron",634,1771,NA,2434,-1137,"0%"
"Pennsylvania","Carbon",11083,21773,NA,33285,-10690,"0%"
"Pennsylvania","Centre",40054,36371,NA,77490,3683,"0%"
"Pennsylvania","Chester",179065,126844,4741,310650,52221,"0%"
"Pennsylvania","Clarion",4671,14550,NA,19458,-9879,"0%"
"Pennsylvania","Clearfield",9598,28984,NA,39124,-19386,"0%"
"Pennsylvania","Clinton",5501,11897,NA,17619,-6396,"0%"
"Pennsylvania","Columbia",10289,19752,NA,30569,-9463,"1%"
"Pennsylvania","Crawford",12610,28002,NA,41125,-15392,"3%"
"Pennsylvania","Cumberland",62237,77212,NA,141587,-14975,"0%"
"Pennsylvania","Dauphin",77397,65154,NA,144482,12243,"0%"
"Pennsylvania","Delaware",203601,117843,4020,325464,85758,"0%"
"Pennsylvania","Elk",4517,12134,NA,16895,-7617,"0%"
"Pennsylvania","Erie",68336,66912,NA,137184,1424,"0%"
"Pennsylvania","Fayette",19518,39978,NA,59941,-20460,"2%"
"Pennsylvania","Forest",715,1864,42,2621,-1149,"0%"
"Pennsylvania","Franklin",22468,57308,NA,80896,-34840,"0%"
"Pennsylvania","Fulton",1085,6824,NA,7978,-5739,"0%"
"Pennsylvania","Greene",4900,12556,NA,17635,-7656,"0%"
"Pennsylvania","Huntingdon",5448,17059,NA,22793,-11611,"0%"
"Pennsylvania","Indiana",12634,28087,NA,41196,-15453,"0%"
"Pennsylvania","Jefferson",4498,17928,NA,22761,-13430,"1%"
"Pennsylvania","Juniata",2253,9648,NA,12042,-7395,"0%"
"Pennsylvania","Lackawanna",61124,51501,1350,113975,9623,"1%"
"Pennsylvania","Lancaster",115294,159902,5289,280485,-44608,"0%"
"Pennsylvania","Lawrence",15772,29290,NA,45558,-13518,"1%"
"Pennsylvania","Lebanon",23646,46267,NA,70890,-22621,"0%"
"Pennsylvania","Lehigh",95889,82287,NA,180284,13602,"0%"
"Pennsylvania","Luzerne",64507,86701,NA,152719,-22194,"0%"
"Pennsylvania","Lycoming",16961,41439,NA,59221,-24478,"0%"
"Pennsylvania","McKean",5076,14067,NA,19427,-8991,"0%"
"Pennsylvania","Mercer",20426,35282,NA,56420,-14856,"1%"
"Pennsylvania","Mifflin",4599,16663,NA,21491,-12064,"0%"
"Pennsylvania","Monroe",43844,38640,1015,83499,5204,"0%"
"Pennsylvania","Montgomery",313543,182907,5111,501561,130636,"1%"
"Pennsylvania","Montour",3768,5842,202,9812,-2074,"1%"
"Pennsylvania","Northampton",84145,82830,2428,169403,1315,"0%"
"Pennsylvania","Northumberland",12703,28975,NA,42335,-16272,"0%"
"Pennsylvania","Perry",5950,18293,NA,24652,-12343,"0%"
"Pennsylvania","Philadelphia",580331,128667,NA,713680,451664,"0%"
"Pennsylvania","Pike",13052,19241,NA,32616,-6189,"0%"
"Pennsylvania","Potter",1686,7117,NA,8901,-5431,"0%"
"Pennsylvania","Schuylkill",20425,48100,NA,69522,-27675,"2%"
"Pennsylvania","Snyder",4910,13983,NA,19140,-9073,"0%"
"Pennsylvania","Somerset",8543,31105,NA,40062,-22562,"1%"
"Pennsylvania","Sullivan",921,2622,NA,3599,-1701,"0%"
"Pennsylvania","Susquehanna",6084,14879,362,21325,-8795,"0%"
"Pennsylvania","Tioga",4959,15753,NA,21091,-10794,"0%"
"Pennsylvania","Union",7377,12342,359,20078,-4965,"1%"
"Pennsylvania","Venango",7585,18569,NA,26528,-10984,"0%"
"Pennsylvania","Warren",5987,14020,394,20401,-8033,"2%"
"Pennsylvania","Washington",44746,71397,NA,117443,-26651,"3%"
"Pennsylvania","Wayne",9191,18637,NA,28089,-9446,"0%"
"Pennsylvania","Westmoreland",71099,128596,2797,202492,-57497,"0%"
"Pennsylvania","Wyoming",4704,9936,NA,14858,-5232,"0%"
"Pennsylvania","York",85491,143415,4154,233060,-57924,"2%"
"Rhode Island","Bristol",18014,9739,444,28197,8275,"NA%"
"Rhode Island","Kent",49108,41996,1460,92564,7112,"NA%"
"Rhode Island","Newport",29480,15720,693,45893,13760,"NA%"
"Rhode Island","Providence",164968,102537,3763,271268,62431,"NA%"
"Rhode Island","Washington",44543,29818,1220,75581,14725,"NA%"
"South Carolina","Abbeville",4101,8215,117,12433,-4114,"0%"
"South Carolina","Aiken",32275,51589,1321,85185,-19314,"0%"
"South Carolina","Allendale",2718,835,40,3593,1883,"1%"
"South Carolina","Anderson",27169,67565,1359,96093,-40396,"0%"
"South Carolina","Bamberg",4010,2417,55,6482,1593,"0%"
"South Carolina","Barnwell",4720,5492,109,10321,-772,"0%"
"South Carolina","Beaufort",43419,53194,1222,97835,-9775,"0%"
"South Carolina","Berkeley",45223,57397,1838,104458,-12174,"0%"
"South Carolina","Calhoun",3905,4305,81,8291,-400,"0%"
"South Carolina","Charleston",121485,93297,4075,218857,28188,"0%"
"South Carolina","Cherokee",6983,18043,244,25270,-11060,"0%"
"South Carolina","Chester",6941,8660,156,15757,-1719,"0%"
"South Carolina","Chesterfield",7431,11297,148,18876,-3866,"0%"
"South Carolina","Clarendon",8250,8361,122,16733,-111,"0%"
"South Carolina","Colleton",8602,10440,241,19283,-1838,"0%"
"South Carolina","Darlington",15220,16832,365,32417,-1612,"0%"
"South Carolina","Dillon",6436,6582,83,13101,-146,"0%"
"South Carolina","Dorchester",33824,41913,1541,77278,-8089,"0%"
"South Carolina","Edgefield",4953,8184,167,13304,-3231,"0%"
"South Carolina","Fairfield",7382,4625,129,12136,2757,"0%"
"South Carolina","Florence",31153,32615,742,64510,-1462,"0%"
"South Carolina","Georgetown",15822,20487,359,36668,-4665,"0%"
"South Carolina","Greenville",103030,150021,5104,258155,-46991,"0%"
"South Carolina","Greenwood",12145,19431,430,32006,-7286,"0%"
"South Carolina","Hampton",5323,3906,76,9305,1417,"0%"
"South Carolina","Horry",59180,118821,1743,179744,-59641,"0%"
"South Carolina","Jasper",7185,7078,131,14394,107,"0%"
"South Carolina","Kershaw",12699,20471,459,33629,-7772,"0%"
"South Carolina","Lancaster",18937,30312,619,49868,-11375,"0%"
"South Carolina","Laurens",10159,20004,325,30488,-9845,"0%"
"South Carolina","Lee",5329,3008,94,8431,2321,"0%"
"South Carolina","Lexington",49301,92817,2450,144568,-43516,"0%"
"South Carolina","Marion",8872,5711,121,14704,3161,"0%"
"South Carolina","Marlboro",6290,5044,112,11446,1246,"0%"
"South Carolina","McCormick",2687,2958,52,5697,-271,"0%"
"South Carolina","Newberry",6958,11443,230,18631,-4485,"0%"
"South Carolina","Oconee",10414,29698,556,40668,-19284,"0%"
"South Carolina","Orangeburg",27295,13603,307,41205,13692,"0%"
"South Carolina","Pickens",13645,42907,994,57546,-29262,"0%"
"South Carolina","Richland",132570,58313,2939,193822,74257,"0%"
"South Carolina","Saluda",2963,6210,101,9274,-3247,"0%"
"South Carolina","Spartanburg",52926,93560,2169,148655,-40634,"0%"
"South Carolina","Sumter",27379,21000,541,48920,6379,"0%"
"South Carolina","Union",4935,8183,139,13257,-3248,"0%"
"South Carolina","Williamsburg",10289,5532,164,15985,4757,"0%"
"South Carolina","York",59008,82727,2315,144050,-23719,"0%"
"South Dakota","Aurora",317,1052,36,1405,-735,"0%"
"South Dakota","Beadle",2107,4808,166,7081,-2701,"0%"
"South Dakota","Bennett",466,694,23,1183,-228,"0%"
"South Dakota","Bon Homme",721,2235,45,3001,-1514,"0%"
"South Dakota","Brookings",6110,8000,457,14567,-1890,"0%"
"South Dakota","Brown",6538,10580,429,17547,-4042,"0%"
"South Dakota","Brule",673,1750,67,2490,-1077,"0%"
"South Dakota","Buffalo",352,183,14,549,169,"0%"
"South Dakota","Butte",939,3731,132,4802,-2792,"0%"
"South Dakota","Campbell",117,747,9,873,-630,"0%"
"South Dakota","Charles Mix",1177,2552,54,3783,-1375,"0%"
"South Dakota","Clark",437,1373,40,1850,-936,"0%"
"South Dakota","Clay",3083,2456,159,5698,627,"0%"
"South Dakota","Codington",3837,8958,366,13161,-5121,"0%"
"South Dakota","Corson",622,647,14,1283,-25,"0%"
"South Dakota","Custer",1522,3852,120,5494,-2330,"0%"
"South Dakota","Davison",2648,5613,193,8454,-2965,"0%"
"South Dakota","Day",1052,1869,43,2964,-817,"0%"
"South Dakota","Deuel",609,1699,42,2350,-1090,"0%"
"South Dakota","Dewey",1131,790,45,1966,341,"0%"
"South Dakota","Douglas",216,1468,23,1707,-1252,"0%"
"South Dakota","Edmunds",417,1538,30,1985,-1121,"0%"
"South Dakota","Fall River",1053,2878,111,4042,-1825,"0%"
"South Dakota","Faulk",198,964,20,1182,-766,"1%"
"South Dakota","Grant",1056,2618,71,3745,-1562,"0%"
"South Dakota","Gregory",455,1771,32,2258,-1316,"0%"
"South Dakota","Haakon",105,1026,6,1137,-921,"0%"
"South Dakota","Hamlin",647,2372,64,3083,-1725,"0%"
"South Dakota","Hand",373,1433,30,1836,-1060,"1%"
"South Dakota","Hanson",557,1793,38,2388,-1236,"0%"
"South Dakota","Harding",49,748,16,813,-699,"0%"
"South Dakota","Hughes",2953,5522,248,8723,-2569,"0%"
"South Dakota","Hutchinson",762,2944,61,3767,-2182,"0%"
"South Dakota","Hyde",136,564,10,710,-428,"0%"
"South Dakota","Jackson",359,738,18,1115,-379,"0%"
"South Dakota","Jerauld",270,721,15,1006,-451,"0%"
"South Dakota","Jones",90,498,11,599,-408,"0%"
"South Dakota","Kingsbury",819,1904,56,2779,-1085,"0%"
"South Dakota","Lake",2068,3681,124,5873,-1613,"0%"
"South Dakota","Lawrence",4537,8753,538,13828,-4216,"0%"
"South Dakota","Lincoln",11981,19617,798,32396,-7636,"0%"
"South Dakota","Lyman",525,1042,30,1597,-517,"0%"
"South Dakota","Marshall",858,1287,33,2178,-429,"0%"
"South Dakota","McCook",769,2068,63,2900,-1299,"0%"
"South Dakota","McPherson",222,1075,27,1324,-853,"0%"
"South Dakota","Meade",3285,9875,510,13670,-6590,"0%"
"South Dakota","Mellette",298,449,22,769,-151,"0%"
"South Dakota","Miner",320,787,31,1138,-467,"1%"
"South Dakota","Minnehaha",40482,49249,2595,92326,-8767,"0%"
"South Dakota","Moody",1179,1951,76,3206,-772,"0%"
"South Dakota","Oglala Lakota",2829,297,74,3200,2532,"0%"
"South Dakota","Pennington",20606,35063,1849,57518,-14457,"0%"
"South Dakota","Perkins",239,1401,29,1669,-1162,"0%"
"South Dakota","Potter",227,1139,14,1380,-912,"0%"
"South Dakota","Roberts",1828,2404,75,4307,-576,"0%"
"South Dakota","Sanborn",257,905,23,1185,-648,"0%"
"South Dakota","Spink",998,2104,61,3163,-1106,"0%"
"South Dakota","Stanley",421,1203,28,1652,-782,"0%"
"South Dakota","Sully",185,726,19,930,-541,"0%"
"South Dakota","Todd",1963,532,44,2539,1431,"0%"
"South Dakota","Tripp",495,2161,40,2696,-1666,"0%"
"South Dakota","Turner",1139,3290,119,4548,-2151,"0%"
"South Dakota","Union",2725,5944,186,8855,-3219,"0%"
"South Dakota","Walworth",565,1966,49,2580,-1401,"0%"
"South Dakota","Yankton",4016,6581,303,10900,-2565,"0%"
"South Dakota","Ziebach",481,404,21,906,77,"0%"
"Tennessee","Anderson",11733,23163,NA,35527,-11430,"4%"
"Tennessee","Bedford",4443,14317,NA,19039,-9874,"0%"
"Tennessee","Benton",1526,5661,NA,7250,-4135,"1%"
"Tennessee","Bledsoe",971,4725,NA,5758,-3754,"0%"
"Tennessee","Blount",17834,47195,NA,66306,-29361,"0%"
"Tennessee","Bradley",9849,35194,925,45968,-25345,"0%"
"Tennessee","Campbell",2438,12330,NA,14929,-9892,"0%"
"Tennessee","Cannon",1261,5190,111,6562,-3929,"1%"
"Tennessee","Carroll",2558,9194,NA,11893,-6636,"9%"
"Tennessee","Carter",4613,19873,382,24868,-15260,"0%"
"Tennessee","Cheatham",5457,14328,NA,20091,-8871,"0%"
"Tennessee","Chester",1411,5951,NA,7578,-4540,"3%"
"Tennessee","Claiborne",2201,10598,NA,12935,-8397,"0%"
"Tennessee","Clay",735,2733,NA,3506,-1998,"0%"
"Tennessee","Cocke",2524,12182,NA,14870,-9658,"1%"
"Tennessee","Coffee",5704,17863,746,24313,-12159,"0%"
"Tennessee","Crockett",1382,4673,NA,6114,-3291,"4%"
"Tennessee","Cumberland",6728,25167,412,32307,-18439,"0%"
"Tennessee","Davidson",197846,99415,11064,308325,98431,"0%"
"Tennessee","DeKalb",1747,6663,NA,8501,-4916,"0%"
"Tennessee","Decatur",904,4229,117,5250,-3325,"1%"
"Tennessee","Dickson",6098,17619,625,24342,-11521,"0%"
"Tennessee","Dyer",3157,11766,NA,15074,-8609,"9%"
"Tennessee","Fayette",7000,15661,NA,22928,-8661,"6%"
"Tennessee","Fentress",1210,7403,NA,8687,-6193,"0%"
"Tennessee","Franklin",4863,13977,306,19146,-9114,"0%"
"Tennessee","Gibson",5764,16245,327,22336,-10481,"0%"
"Tennessee","Giles",3298,9783,NA,13202,-6485,"1%"
"Tennessee","Grainger",1463,8559,NA,10123,-7096,"1%"
"Tennessee","Greene",5183,22185,689,28057,-17002,"0%"
"Tennessee","Grundy",985,4795,NA,5844,-3810,"1%"
"Tennessee","Hamblen",5497,18789,NA,24606,-13292,"1%"
"Tennessee","Hamilton",75360,91991,NA,170735,-16631,"0%"
"Tennessee","Hancock",362,2372,NA,2744,-2010,"1%"
"Tennessee","Hardeman",4180,5760,NA,10058,-1580,"17%"
"Tennessee","Hardin",1774,9556,NA,11534,-7782,"5%"
"Tennessee","Hawkins",4069,20372,NA,24776,-16303,"0%"
"Tennessee","Haywood",4000,3338,NA,7420,662,"15%"
"Tennessee","Henderson",2092,9797,NA,12020,-7705,"0%"
"Tennessee","Henry",3547,11230,NA,15034,-7683,"3%"
"Tennessee","Hickman",2130,7577,NA,9832,-5447,"1%"
"Tennessee","Houston",869,2715,NA,3681,-1846,"0%"
"Tennessee","Humphreys",2017,6116,NA,8232,-4099,"1%"
"Tennessee","Jackson",1133,4106,NA,5308,-2973,"0%"
"Tennessee","Jefferson",4645,18609,NA,23562,-13964,"0%"
"Tennessee","Johnson",1242,6466,NA,7793,-5224,"0%"
"Tennessee","Knox",91097,124339,4433,219869,-33242,"0%"
"Tennessee","Lake",526,1492,NA,2034,-966,"16%"
"Tennessee","Lauderdale",3193,5672,NA,8963,-2479,"11%"
"Tennessee","Lawrence",3195,15334,NA,18718,-12139,"1%"
"Tennessee","Lewis",1068,4473,NA,5604,-3405,"0%"
"Tennessee","Lincoln",2909,12258,NA,15575,-9349,"3%"
"Tennessee","Loudon",6933,21684,758,29375,-14751,"0%"
"Tennessee","Macon",1307,8095,NA,9486,-6788,"0%"
"Tennessee","Madison",18309,23922,616,42847,-5613,"9%"
"Tennessee","Marion",3165,9873,NA,13204,-6708,"0%"
"Tennessee","Marshall",3603,11029,NA,14862,-7426,"0%"
"Tennessee","Maury",14386,31408,NA,46561,-17022,"0%"
"Tennessee","McMinn",4357,18175,NA,22815,-13818,"0%"
"Tennessee","McNairy",1943,9085,NA,11267,-7142,"3%"
"Tennessee","Meigs",1008,4464,NA,5529,-3456,"0%"
"Tennessee","Monroe",3760,16742,NA,20749,-12982,"0%"
"Tennessee","Montgomery",32426,42156,NA,76678,-9730,"0%"
"Tennessee","Moore",573,2888,NA,3539,-2315,"3%"
"Tennessee","Morgan",1161,6926,NA,8218,-5765,"0%"
"Tennessee","Obion",2589,10790,NA,13521,-8201,"9%"
"Tennessee","Overton",2028,7911,NA,10025,-5883,"0%"
"Tennessee","Perry",615,2775,NA,3428,-2160,"0%"
"Tennessee","Pickett",524,2373,NA,2922,-1849,"4%"
"Tennessee","Polk",1492,6792,NA,8360,-5300,"0%"
"Tennessee","Putnam",9154,23694,NA,33481,-14540,"1%"
"Tennessee","Rhea",2363,11031,NA,13608,-8668,"0%"
"Tennessee","Roane",6034,19195,685,25914,-13161,"0%"
"Tennessee","Robertson",8690,24535,NA,33712,-15845,"0%"
"Tennessee","Rutherford",59189,81373,3369,143931,-22184,"0%"
"Tennessee","Scott",986,8004,NA,9052,-7018,"1%"
"Tennessee","Sequatchie",1295,5846,NA,7239,-4551,"0%"
"Tennessee","Sevier",8695,33742,1137,43574,-25047,"0%"
"Tennessee","Shelby",245208,129543,7107,381858,115665,"0%"
"Tennessee","Smith",1798,7124,NA,9035,-5326,"0%"
"Tennessee","Stewart",1230,4942,NA,6283,-3712,"1%"
"Tennessee","Sullivan",17226,55774,NA,74206,-38548,"4%"
"Tennessee","Sumner",27630,63404,NA,92529,-35774,"0%"
"Tennessee","Tipton",6832,20063,NA,27291,-13231,"6%"
"Tennessee","Trousdale",1011,2930,NA,3991,-1919,"0%"
"Tennessee","Unicoi",1610,6593,NA,8294,-4983,"4%"
"Tennessee","Union",1248,6777,NA,8096,-5529,"0%"
"Tennessee","Van Buren",544,2338,NA,2917,-1794,"0%"
"Tennessee","Warren",4126,12323,NA,16692,-8197,"0%"
"Tennessee","Washington",18214,40120,NA,59430,-21906,"0%"
"Tennessee","Wayne",820,5795,NA,6667,-4975,"2%"
"Tennessee","Weakley",3011,10382,NA,13710,-7371,"10%"
"Tennessee","White",2134,9587,NA,11867,-7453,"0%"
"Tennessee","Williamson",50161,86469,NA,138932,-36308,"0%"
"Tennessee","Wilson",22197,50149,NA,74092,-27952,"0%"
"Texas","Anderson",3934,15062,159,19155,-11128,"4%"
"Texas","Andrews",849,4937,70,5856,-4088,"0%"
"Texas","Angelina",9136,25070,422,34628,-15934,"2%"
"Texas","Aransas",2896,9210,135,12241,-6314,"1%"
"Texas","Archer",446,4300,50,4796,-3854,"9%"
"Texas","Armstrong",75,1035,NA,1112,-960,"12%"
"Texas","Atascosa",5865,12020,NA,18085,-6155,"0%"
"Texas","Austin",2931,11282,NA,14368,-8351,"5%"
"Texas","Bailey",407,1430,17,1854,-1023,"21%"
"Texas","Bandera",2503,10050,NA,12703,-7547,"0%"
"Texas","Bastrop",15452,20486,771,36709,-5034,"0%"
"Texas","Baylor",179,1478,NA,1680,-1299,"11%"
"Texas","Bee",3280,5999,126,9405,-2719,"6%"
"Texas","Bell",56032,67113,2722,125867,-11081,"0%"
"Texas","Bexar",440823,303871,NA,756021,136952,"1%"
"Texas","Blanco",1905,5429,NA,7419,-3524,"0%"
"Texas","Borden",16,395,1,412,-379,"13%"
"Texas","Bosque",1552,7446,NA,9094,-5894,"2%"
"Texas","Bowie",10692,27053,449,38194,-16361,"9%"
"Texas","Brazoria",61780,89939,2318,154037,-28159,"0%"
"Texas","Brazos",35242,47456,2055,84753,-12214,"0%"
"Texas","Brewster",2251,2451,103,4805,-200,"0%"
"Texas","Briscoe",77,639,NA,724,-562,"24%"
"Texas","Brooks",1470,998,NA,2484,472,"26%"
"Texas","Brown",2103,13681,NA,15940,-11578,"4%"
"Texas","Burleson",1786,6740,NA,8604,-4954,"0%"
"Texas","Burnet",5615,18721,310,24646,-13106,"0%"
"Texas","Caldwell",6536,7975,264,14775,-1439,"0%"
"Texas","Calhoun",2146,5640,NA,7853,-3494,"5%"
"Texas","Callahan",734,6006,NA,6826,-5272,"0%"
"Texas","Cameron",63732,48834,1223,113789,14898,"5%"
"Texas","Camp",1392,3626,39,5057,-2234,"6%"
"Texas","Carson",289,2747,45,3081,-2458,"16%"
"Texas","Cass",2777,10979,100,13856,-8202,"5%"
"Texas","Castro",466,1601,NA,2082,-1135,"24%"
"Texas","Chambers",3997,17343,301,21641,-13346,"0%"
"Texas","Cherokee",4196,15065,NA,19457,-10869,"2%"
"Texas","Childress",305,1928,26,2259,-1623,"8%"
"Texas","Clay",614,5064,NA,5736,-4450,"4%"
"Texas","Cochran",176,806,14,996,-630,"16%"
"Texas","Coke",215,1565,NA,1794,-1350,"0%"
"Texas","Coleman",451,3640,37,4128,-3189,"4%"
"Texas","Collin",227868,250194,8855,486917,-22326,"0%"
"Texas","Collingsworth",155,1048,15,1218,-893,"11%"
"Texas","Colorado",2403,7440,69,9912,-5037,"1%"
"Texas","Comal",24369,62260,1313,87942,-37891,"0%"
"Texas","Comanche",852,5177,55,6084,-4325,"2%"
"Texas","Concho",197,1058,NA,1268,-861,"0%"
"Texas","Cooke",3205,15579,NA,18966,-12374,"0%"
"Texas","Coryell",7542,15397,486,23425,-7855,"0%"
"Texas","Cottle",113,543,NA,665,-430,"31%"
"Texas","Crane",241,1247,15,1503,-1006,"16%"
"Texas","Crockett",344,1219,NA,1573,-875,"17%"
"Texas","Crosby",527,1396,NA,1953,-869,"7%"
"Texas","Culberson",438,415,NA,864,23,"24%"
"Texas","Dallam",196,1386,NA,1605,-1190,"12%"
"Texas","Dallas",598576,307076,15986,921638,291500,"7%"
"Texas","Dawson",808,2951,NA,3789,-2143,"12%"
"Texas","De Witt",1494,6567,57,8118,-5073,"0%"
"Texas","Deaf Smith",1263,3293,NA,4608,-2030,"18%"
"Texas","Delta",403,2157,NA,2587,-1754,"4%"
"Texas","Denton",188023,221829,6758,416610,-33806,"0%"
"Texas","Dickens",130,850,5,985,-720,"26%"
"Texas","Dimmit",2264,1384,NA,3666,880,"13%"
"Texas","Donley",198,1438,NA,1648,-1240,"9%"
"Texas","Duval",2573,2442,35,5050,131,"11%"
"Texas","Eastland",982,7216,73,8271,-6234,"0%"
"Texas","Ector",11310,32586,521,44417,-21276,"0%"
"Texas","Edwards",166,893,NA,1064,-727,"16%"
"Texas","El Paso",168801,81235,4540,254576,87566,"8%"
"Texas","Ellis",27513,56651,1402,85566,-29138,"0%"
"Texas","Erath",2914,13669,254,16837,-10755,"2%"
"Texas","Falls",1899,4177,NA,6133,-2278,"4%"
"Texas","Fannin",2638,12150,181,14969,-9512,"0%"
"Texas","Fayette",2650,10163,111,12924,-7513,"2%"
"Texas","Fisher",352,1448,NA,1826,-1096,"11%"
"Texas","Floyd",437,1581,NA,2035,-1144,"17%"
"Texas","Foard",99,445,NA,551,-346,"17%"
"Texas","Fort Bend",195191,157595,5047,357833,37596,"0%"
"Texas","Franklin",803,4153,NA,5000,-3350,"8%"
"Texas","Freestone",1629,6966,NA,8678,-5337,"4%"
"Texas","Frio",2421,2812,31,5264,-391,"8%"
"Texas","Gaines",572,5323,65,5960,-4751,"0%"
"Texas","Galveston",58247,93306,NA,153843,-35059,"0%"
"Texas","Garza",231,1411,NA,1651,-1180,"10%"
"Texas","Gillespie",3163,12495,159,15817,-9332,"6%"
"Texas","Glasscock",39,611,NA,653,-572,"17%"
"Texas","Goliad",872,3081,NA,3978,-2209,"9%"
"Texas","Gonzales",1894,5568,72,7534,-3674,"0%"
"Texas","Gray",820,6812,NA,7745,-5992,"11%"
"Texas","Grayson",14223,43776,NA,58760,-29553,"0%"
"Texas","Gregg",14657,32352,691,47700,-17695,"3%"
"Texas","Grimes",2831,9419,148,12398,-6588,"0%"
"Texas","Guadalupe",28706,47423,1253,77382,-18717,"0%"
"Texas","Hale",2271,7162,NA,9560,-4891,"9%"
"Texas","Hall",167,992,6,1165,-825,"11%"
"Texas","Hamilton",641,3613,93,4347,-2972,"0%"
"Texas","Hansford",166,1848,32,2046,-1682,"12%"
"Texas","Hardeman",241,1330,NA,1580,-1089,"12%"
"Texas","Hardin",3449,23806,NA,27555,-20357,"0%"
"Texas","Harris",911974,699822,21875,1633671,212152,"4%"
"Texas","Harrison",7812,21318,NA,29462,-13506,"6%"
"Texas","Hartley",195,1866,NA,2076,-1671,"10%"
"Texas","Haskell",353,1837,NA,2211,-1484,"7%"
"Texas","Hays",59213,47427,2182,108822,11786,"0%"
"Texas","Hemphill",206,1486,28,1720,-1280,"14%"
"Texas","Henderson",7048,28816,333,36197,-21768,"0%"
"Texas","Hidalgo",127507,89991,2441,219939,37516,"2%"
"Texas","Hill",2829,11869,NA,14843,-9040,"0%"
"Texas","Hockley",1481,6534,NA,8091,-5053,"6%"
"Texas","Hood",5641,26487,452,32580,-20846,"0%"
"Texas","Hopkins",3043,12713,176,15932,-9670,"0%"
"Texas","Houston",2312,7050,NA,9425,-4738,"4%"
"Texas","Howard",2017,7899,127,10043,-5882,"3%"
"Texas","Hudspeth",371,771,NA,1157,-400,"0%"
"Texas","Hunt",8879,29135,NA,38517,-20256,"0%"
"Texas","Hutchinson",957,7659,125,8741,-6702,"9%"
"Texas","Irion",120,759,NA,889,-639,"13%"
"Texas","Jack",331,3415,NA,3779,-3084,"4%"
"Texas","Jackson",1018,5116,76,6210,-4098,"1%"
"Texas","Jasper",2906,12453,110,15469,-9547,"3%"
"Texas","Jeff Davis",501,783,NA,1304,-282,"14%"
"Texas","Jefferson",46022,47535,1108,94665,-1513,"10%"
"Texas","Jim Hogg",1197,831,NA,2034,366,"26%"
"Texas","Jim Wells",6025,7389,NA,13507,-1364,"16%"
"Texas","Johnson",16418,54523,987,71928,-38105,"0%"
"Texas","Jones",989,5621,NA,6691,-4632,"5%"
"Texas","Karnes",1220,3959,50,5229,-2739,"0%"
"Texas","Kaufman",18290,37474,671,56435,-19184,"0%"
"Texas","Kendall",6008,20064,347,26419,-14056,"0%"
"Texas","Kenedy",65,127,NA,194,-62,"20%"
"Texas","Kent",47,411,NA,462,-364,"18%"
"Texas","Kerr",6510,20858,370,27738,-14348,"4%"
"Texas","Kimble",284,1987,NA,2292,-1703,"1%"
"Texas","King",8,151,0,159,-143,"23%"
"Texas","Kinney",446,1144,NA,1603,-698,"14%"
"Texas","Kleberg",5359,5557,NA,11041,-198,"11%"
"Texas","Knox",265,1180,NA,1456,-915,"18%"
"Texas","La Salle",1052,1335,NA,2406,-283,"10%"
"Texas","La Vaca",1333,8802,60,10195,-7469,"0%"
"Texas","Lamar",4420,16698,220,21338,-12278,"0%"
"Texas","Lamb",835,3513,46,4394,-2678,"9%"
"Texas","Lampasas",2134,8070,169,10373,-5936,"0%"
"Texas","Lee",1745,6248,82,8075,-4503,"0%"
"Texas","Leon",1072,7522,78,8672,-6450,"1%"
"Texas","Liberty",5779,23288,247,29314,-17509,"0%"
"Texas","Limestone",2213,6786,NA,9092,-4573,"1%"
"Texas","Lipscomb",131,1203,NA,1351,-1072,"14%"
"Texas","Live Oak",819,4198,NA,5053,-3379,"1%"
"Texas","Llano",3167,9996,NA,13278,-6829,"0%"
"Texas","Loving",4,60,NA,66,-56,"22%"
"Texas","Lubbock",39757,78560,1887,120204,-38803,"0%"
"Texas","Lynn",428,1853,12,2293,-1425,"3%"
"Texas","Madison",1084,4165,NA,5289,-3081,"0%"
"Texas","Marion",1331,3459,NA,4844,-2128,"4%"
"Texas","Martin",288,1857,NA,2160,-1569,"0%"
"Texas","Mason",566,2108,26,2700,-1542,"0%"
"Texas","Matagorda",3726,9836,NA,13710,-6110,"5%"
"Texas","Maverick",8324,6881,133,15338,1443,"13%"
"Texas","McCulloch",490,2898,NA,3430,-2408,"6%"
"Texas","McLennan",36550,59432,1635,97617,-22882,"0%"
"Texas","McMullen",53,460,NA,516,-407,"21%"
"Texas","Medina",6731,15599,238,22568,-8868,"0%"
"Texas","Menard",196,819,NA,1023,-623,"9%"
"Texas","Midland",12258,45463,1031,58752,-33205,"3%"
"Texas","Milam",2475,7950,98,10523,-5475,"0%"
"Texas","Mills",271,2214,NA,2502,-1943,"6%"
"Texas","Mitchell",397,2169,NA,2578,-1772,"6%"
"Texas","Montague",1097,8613,NA,9812,-7516,"3%"
"Texas","Montgomery",74255,193224,3696,271175,-118969,"0%"
"Texas","Moore",1059,4356,NA,5502,-3297,"12%"
"Texas","Morris",1664,3841,NA,5548,-2177,"9%"
"Texas","Motley",46,604,NA,652,-558,"18%"
"Texas","Nacogdoches",8989,17359,407,26755,-8370,"4%"
"Texas","Navarro",5097,13787,221,19105,-8690,"2%"
"Texas","Newton",1175,4882,NA,6096,-3707,"12%"
"Texas","Nolan",1161,4127,64,5352,-2966,"7%"
"Texas","Nueces",60749,64467,1768,126984,-3718,"6%"
"Texas","Ochiltree",302,2811,42,3155,-2509,"11%"
"Texas","Oldham",81,917,NA,1009,-836,"18%"
"Texas","Orange",6354,29170,450,35974,-22816,"5%"
"Texas","Palo Pinto",2177,10170,131,12478,-7993,"0%"
"Texas","Panola",2057,9322,73,11452,-7265,"7%"
"Texas","Parker",12789,61584,1061,75434,-48795,"3%"
"Texas","Parmer",488,2133,NA,2648,-1645,"20%"
"Texas","Pecos",1378,3213,NA,4662,-1835,"14%"
"Texas","Polk",5353,18496,223,24072,-13143,"0%"
"Texas","Potter",9867,22732,NA,33177,-12865,"0%"
"Texas","Presidio",1463,721,33,2217,742,"23%"
"Texas","Rains",841,5147,NA,6044,-4306,"0%"
"Texas","Randall",12750,50597,1065,64412,-37847,"6%"
"Texas","Reagan",172,942,NA,1124,-770,"4%"
"Texas","Real",320,1643,NA,1982,-1323,"0%"
"Texas","Red River",1244,4513,43,5800,-3269,"5%"
"Texas","Reeves",1394,2249,40,3683,-855,"11%"
"Texas","Refugio",1108,2210,48,3366,-1102,"3%"
"Texas","Roberts",17,529,NA,550,-512,"24%"
"Texas","Robertson",2359,5631,90,8080,-3272,"6%"
"Texas","Rockwall",18149,38842,801,57792,-20693,"0%"
"Texas","Runnels",531,3682,49,4262,-3151,"5%"
"Texas","Rusk",4624,16511,232,21367,-11887,"5%"
"Texas","Sabine",662,4767,NA,5461,-4105,"1%"
"Texas","San Augustine",979,3005,NA,3998,-2026,"8%"
"Texas","San Jacinto",2332,10154,142,12628,-7822,"0%"
"Texas","San Patricio",8971,16495,384,25850,-7524,"0%"
"Texas","San Saba",287,2308,NA,2602,-2021,"7%"
"Texas","Schleicher",211,939,NA,1158,-728,"7%"
"Texas","Scurry",818,4978,69,5865,-4160,"6%"
"Texas","Shackelford",130,1484,14,1628,-1354,"12%"
"Texas","Shelby",2058,7962,43,10063,-5904,"8%"
"Texas","Sherman",91,885,NA,990,-794,"27%"
"Texas","Smith",29343,68546,1632,99521,-39203,"0%"
"Texas","Somervell",768,4099,73,4940,-3331,"0%"
"Texas","Starr",9099,8224,155,17478,875,"1%"
"Texas","Stephens",396,3385,NA,3799,-2989,"7%"
"Texas","Sterling",51,584,NA,639,-533,"22%"
"Texas","Stonewall",116,615,NA,736,-499,"19%"
"Texas","Sutton",322,1222,NA,1557,-900,"20%"
"Texas","Swisher",478,1842,33,2353,-1364,"12%"
"Texas","Tarrant",409752,408224,13346,831322,1528,"4%"
"Texas","Taylor",14489,39439,996,54924,-24950,"0%"
"Texas","Terrell",119,334,NA,458,-215,"36%"
"Texas","Terry",757,2809,NA,3608,-2052,"18%"
"Texas","Throckmorton",82,806,11,899,-724,"15%"
"Texas","Titus",2852,7563,115,10530,-4711,"5%"
"Texas","Tom Green",12106,32129,656,44891,-20023,"6%"
"Texas","Travis",432062,159907,13065,605034,272155,"1%"
"Texas","Trinity",1323,5579,NA,6938,-4256,"6%"
"Texas","Tyler",1390,8095,62,9547,-6705,"0%"
"Texas","Upshur",2869,15775,206,18850,-12906,"0%"
"Texas","Upton",169,1176,20,1365,-1007,"14%"
"Texas","Uvalde",4066,6160,97,10323,-2094,"11%"
"Texas","Val Verde",6401,7839,NA,14417,-1438,"19%"
"Texas","Van Zandt",3419,22126,NA,25753,-18707,"0%"
"Texas","Victoria",10371,23347,487,34205,-12976,"7%"
"Texas","Walker",7875,15368,398,23641,-7493,"0%"
"Texas","Waller",8130,14206,NA,22617,-6076,"0%"
"Texas","Ward",761,3238,35,4034,-2477,"1%"
"Texas","Washington",4254,12949,207,17410,-8695,"5%"
"Texas","Webb",41820,25898,NA,68397,15922,"8%"
"Texas","Wharton",4671,11892,146,16709,-7221,"4%"
"Texas","Wheeler",168,2158,NA,2336,-1990,"14%"
"Texas","Wichita",13024,31930,799,45753,-18906,"10%"
"Texas","Wilbarger",954,3520,NA,4518,-2566,"7%"
"Texas","Willacy",3097,2437,NA,5575,660,"16%"
"Texas","Williamson",142457,138649,6590,287696,3808,"0%"
"Texas","Wilson",6350,18457,199,25006,-12107,"0%"
"Texas","Winkler",358,1753,NA,2126,-1395,"13%"
"Texas","Wise",4953,26986,358,32297,-22033,"0%"
"Texas","Wood",3487,18962,216,22665,-15475,"0%"
"Texas","Yoakum",419,2172,42,2633,-1753,"12%"
"Texas","Young",1036,7112,NA,8242,-6076,"9%"
"Texas","Zapata",1820,2032,NA,3867,-212,"16%"
"Texas","Zavala",2864,1490,NA,4379,1374,"8%"
"Utah","Beaver",356,2673,47,3076,-2317,"0%"
"Utah","Box Elder",4362,20984,NA,26312,-16622,"0%"
"Utah","Cache",16069,36802,NA,55630,-20733,"0%"
"Utah","Carbon",2306,6255,NA,8822,-3949,"6%"
"Utah","Daggett",105,473,NA,590,-368,"4%"
"Utah","Davis",57029,103255,NA,168500,-46226,"0%"
"Utah","Duchesne",830,7445,NA,8442,-6615,"0%"
"Utah","Emery",566,4166,NA,4816,-3600,"8%"
"Utah","Garfield",513,2149,NA,2722,-1636,"2%"
"Utah","Grand",2733,2168,NA,5027,565,"6%"
"Utah","Iron",4685,18143,NA,23775,-13458,"0%"
"Utah","Juab",645,5087,152,5884,-4442,"0%"
"Utah","Kane",1005,2777,NA,3869,-1772,"6%"
"Utah","Millard",603,5145,NA,5872,-4542,"5%"
"Utah","Morgan",1060,4957,NA,6254,-3897,"0%"
"Utah","Piute",86,773,NA,871,-687,"6%"
"Utah","Rich",180,1157,NA,1363,-977,"0%"
"Utah","Salt Lake",284796,224576,NA,529740,60220,"0%"
"Utah","San Juan",3004,3454,NA,6677,-450,"0%"
"Utah","Sanpete",1746,10173,NA,12280,-8427,"0%"
"Utah","Sevier",1032,8427,272,9731,-7395,"5%"
"Utah","Summit",14947,9928,NA,25439,5019,"0%"
"Utah","Tooele",8943,21011,NA,31503,-12068,"0%"
"Utah","Uintah",1601,12777,NA,14736,-11176,"2%"
"Utah","Utah",72324,183008,NA,269877,-110684,"0%"
"Utah","Wasatch",6090,10542,NA,17218,-4452,"0%"
"Utah","Washington",20346,66585,NA,89536,-46239,"0%"
"Utah","Wayne",362,1207,NA,1596,-845,"5%"
"Utah","Weber",39652,64066,NA,108335,-24414,"0%"
"Virginia","Accomack",7578,9172,NA,16938,-1594,"1%"
"Virginia","Albemarle",42466,20804,NA,64284,21662,"0%"
"Virginia","Alexandria",66240,14544,NA,81806,51696,"9%"
"Virginia","Alleghany",2243,5859,NA,8191,-3616,"0%"
"Virginia","Amelia",2411,5390,NA,7881,-2979,"0%"
"Virginia","Amherst",5672,11041,NA,16964,-5369,"0%"
"Virginia","Appomattox",2418,6702,NA,9239,-4284,"0%"
"Virginia","Arlington",105344,22318,NA,129498,83026,"10%"
"Virginia","Augusta",10840,30714,NA,42162,-19874,"0%"
"Virginia","Bath",674,1824,NA,2513,-1150,"0%"
"Virginia","Bedford",12176,35600,NA,48484,-23424,"0%"
"Virginia","Bland",532,2903,NA,3475,-2371,"0%"
"Virginia","Botetourt",5705,15102,NA,21071,-9397,"0%"
"Virginia","Bristol",2313,5347,NA,7785,-3034,"0%"
"Virginia","Brunswick",4552,3357,39,7948,1195,"16%"
"Virginia","Buchanan",1587,8311,NA,9942,-6724,"0%"
"Virginia","Buckingham",3471,4544,NA,8108,-1073,"0%"
"Virginia","Buena Vista",825,1863,NA,2815,-1038,"0%"
"Virginia","Campbell",8073,21250,NA,29813,-13177,"0%"
"Virginia","Caroline",7657,8336,295,16288,-679,"0%"
"Virginia","Carroll",2842,12659,NA,15619,-9817,"0%"
"Virginia","Charles City",2624,1761,NA,4439,863,"11%"
"Virginia","Charlotte",2317,3815,NA,6180,-1498,"2%"
"Virginia","Charlottesville",20696,3094,NA,24101,17602,"9%"
"Virginia","Chesapeake",66377,58180,NA,126655,8197,"5%"
"Virginia","Chesterfield",106935,93326,2927,203188,13609,"2%"
"Virginia","Clarke",3920,5192,NA,9290,-1272,"0%"
"Virginia","Colonial Heights",2972,6007,NA,9114,-3035,"0%"
"Virginia","Covington",964,1580,NA,2594,-616,"0%"
"Virginia","Craig",587,2536,NA,3163,-1949,"0%"
"Virginia","Culpeper",10617,16012,487,27116,-5395,"0%"
"Virginia","Cumberland",2230,3019,NA,5302,-789,"2%"
"Virginia","Danville",11710,7428,NA,19333,4282,"19%"
"Virginia","Dickenson",1503,5748,52,7303,-4245,"1%"
"Virginia","Dinwiddie",6224,8695,NA,15063,-2471,"0%"
"Virginia","Emporia",1612,754,NA,2379,858,"25%"
"Virginia","Essex",3038,3075,NA,6171,-37,"0%"
"Virginia","Fairfax",419943,168401,NA,596358,251542,"8%"
"Virginia","Fairfax City",9192,4002,NA,13397,5190,"0%"
"Virginia","Falls Church",7146,1490,NA,8750,5656,"4%"
"Virginia","Fauquier",17565,25106,777,43448,-7541,"0%"
"Virginia","Floyd",3004,6225,NA,9376,-3221,"0%"
"Virginia","Fluvanna",7414,8155,NA,15795,-741,"0%"
"Virginia","Franklin",8381,20895,NA,29630,-12514,"0%"
"Virginia","Franklin City",2525,1487,NA,4047,1038,"21%"
"Virginia","Frederick",17200,30755,NA,48736,-13555,"0%"
"Virginia","Fredericksburg",8517,4037,NA,12794,4480,"0%"
"Virginia","Galax",777,1838,NA,2633,-1061,"0%"
"Virginia","Giles",2156,6876,NA,9157,-4720,"0%"
"Virginia","Gloucester",6964,14875,NA,22228,-7911,"0%"
"Virginia","Goochland",6685,9966,NA,16893,-3281,"0%"
"Virginia","Grayson",1535,6529,NA,8120,-4994,"0%"
"Virginia","Greene",4163,6866,NA,11270,-2703,"0%"
"Virginia","Greensville",2627,1914,NA,4565,713,"0%"
"Virginia","Halifax",7666,10418,NA,18224,-2752,"0%"
"Virginia","Hampton",46220,18430,NA,65656,27790,"16%"
"Virginia","Hanover",25307,44318,NA,70728,-19011,"0%"
"Virginia","Harrisonburg",11022,5591,NA,16977,5431,"17%"
"Virginia","Henrico",116572,63440,NA,182426,53132,"6%"
"Virginia","Henry",9127,16725,NA,26075,-7598,"0%"
"Virginia","Highland",417,1092,NA,1531,-675,"0%"
"Virginia","Hopewell",5427,4018,NA,9606,1409,"10%"
"Virginia","Isle of Wight",9399,13707,NA,23434,-4308,"0%"
"Virginia","James City",25553,23153,NA,49416,2400,"0%"
"Virginia","King George",5404,8446,NA,14164,-3042,"0%"
"Virginia","King William",3260,7320,NA,10722,-4060,"0%"
"Virginia","King and Queen",1590,2450,NA,4104,-860,"0%"
"Virginia","Lancaster",3368,3697,NA,7136,-329,"2%"
"Virginia","Lee",1489,8365,NA,9932,-6876,"3%"
"Virginia","Lexington",1797,908,NA,2753,889,"0%"
"Virginia","Loudoun",138372,82088,NA,223599,56284,"0%"
"Virginia","Louisa",8269,13294,NA,21858,-5025,"0%"
"Virginia","Lunenburg",2418,3591,NA,6049,-1173,"1%"
"Virginia","Lynchburg",18048,17097,NA,36002,951,"6%"
"Virginia","Madison",2698,5300,131,8129,-2602,"0%"
"Virginia","Manassas",10356,6256,NA,16892,4100,"0%"
"Virginia","Manassas Park",3913,2062,NA,6071,1851,"0%"
"Virginia","Martinsville",3766,2165,NA,6004,1601,"0%"
"Virginia","Mathews",1824,3900,100,5824,-2076,"0%"
"Virginia","Mecklenburg",6803,9266,135,16204,-2463,"0%"
"Virginia","Middlesex",2491,4196,NA,6764,-1705,"0%"
"Virginia","Montgomery",23218,20629,NA,44789,2589,"8%"
"Virginia","Nelson",4307,4799,NA,9335,-492,"0%"
"Virginia","New Kent",4610,9636,NA,14418,-5026,"0%"
"Virginia","Newport News",53099,26377,1727,81203,26722,"13%"
"Virginia","Norfolk",64440,23443,NA,89491,40997,"13%"
"Virginia","Northampton",3667,2955,NA,6722,712,"1%"
"Virginia","Northumberland",3252,4485,NA,7793,-1233,"2%"
"Virginia","Norton",464,1112,NA,1597,-648,"0%"
"Virginia","Nottoway",2976,4032,NA,7080,-1056,"4%"
"Virginia","Orange",7995,12426,NA,20688,-4431,"0%"
"Virginia","Page",3007,9345,NA,12486,-6338,"0%"
"Virginia","Patrick",1954,7485,95,9534,-5531,"0%"
"Virginia","Petersburg",12389,1584,NA,14081,10805,"25%"
"Virginia","Pittsylvania",10115,23751,NA,34151,-13636,"0%"
"Virginia","Poquoson",2054,5605,NA,7819,-3551,"4%"
"Virginia","Portsmouth",30948,12755,NA,44426,18193,"18%"
"Virginia","Powhatan",5320,14055,NA,19696,-8735,"0%"
"Virginia","Prince Edward",4973,4434,NA,9543,539,"1%"
"Virginia","Prince George",7103,10103,NA,17401,-3000,"0%"
"Virginia","Prince William",142863,81222,NA,227327,61641,"2%"
"Virginia","Pulaski",4925,12127,NA,17327,-7202,"0%"
"Virginia","Radford",3358,2786,NA,6289,572,"9%"
"Virginia","Rappahannock",2096,2812,56,4964,-716,"0%"
"Virginia","Richmond",1513,2547,NA,4091,-1034,"0%"
"Virginia","Richmond City",91503,16500,NA,109674,75003,"10%"
"Virginia","Roanoke",22261,34268,NA,57439,-12007,"0%"
"Virginia","Roanoke City",26773,15607,NA,43157,11166,"0%"
"Virginia","Rockbridge",4022,8047,299,12368,-4025,"0%"
"Virginia","Rockingham",12644,30349,NA,43646,-17705,"0%"
"Virginia","Russell",2373,10879,NA,13368,-8506,"0%"
"Virginia","Salem",5148,7685,NA,13053,-2537,"0%"
"Virginia","Scott",1692,9063,NA,10845,-7371,"0%"
"Virginia","Shenandoah",6836,16463,NA,23645,-9627,"0%"
"Virginia","Smyth",3008,10963,NA,14104,-7955,"0%"
"Virginia","Southampton",3969,5730,NA,9786,-1761,"0%"
"Virginia","Spotsylvania",34385,39506,NA,75212,-5121,"0%"
"Virginia","Stafford",40245,37636,NA,79257,2609,"0%"
"Virginia","Staunton",6981,5695,314,12990,1286,"0%"
"Virginia","Suffolk",28676,20082,NA,49482,8594,"3%"
"Virginia","Surry",2397,2025,NA,4462,372,"12%"
"Virginia","Sussex",2827,2219,NA,5081,608,"21%"
"Virginia","Tazewell",3205,16731,NA,20095,-13526,"0%"
"Virginia","Virginia Beach",117393,105087,5081,227561,12306,"11%"
"Virginia","Warren",6603,14069,NA,21037,-7466,"0%"
"Virginia","Washington",6617,21678,389,28684,-15061,"0%"
"Virginia","Waynesboro",4961,5507,NA,10677,-546,"0%"
"Virginia","Westmoreland",4501,5318,NA,9909,-817,"0%"
"Virginia","Williamsburg",4790,1963,NA,6845,2827,"0%"
"Virginia","Winchester",6610,5221,NA,12044,1389,"0%"
"Virginia","Wise",3110,13366,NA,16584,-10256,"0%"
"Virginia","Wythe",3143,11733,NA,15046,-8590,"0%"
"Virginia","York",17683,20241,NA,38604,-2558,"0%"
"Vermont","Addison",14964,6292,777,22033,8672,"NA%"
"Vermont","Bennington",12705,7114,654,20473,5591,"NA%"
"Vermont","Caledonia",9010,6551,625,16186,2459,"NA%"
"Vermont","Chittenden",74962,21016,3031,99009,53946,"NA%"
"Vermont","Essex",1405,1773,110,3288,-368,"NA%"
"Vermont","Franklin",13611,11275,972,25858,2336,"NA%"
"Vermont","Grand Isle",2905,1810,148,4863,1095,"NA%"
"Vermont","Lamoille",10240,4163,538,14941,6077,"NA%"
"Vermont","Orange",10304,6187,632,17123,4117,"NA%"
"Vermont","Orleans",7147,6512,444,14103,635,"NA%"
"Vermont","Rutland",18230,14672,1082,33984,3558,"NA%"
"Vermont","Washington",25191,8928,1209,35328,16263,"NA%"
"Vermont","Windham",18766,6308,998,26072,12458,"NA%"
"Vermont","Windsor",23401,9990,1109,34500,13411,"NA%"
"Washington","Adams",1562,3449,NA,5109,-1887,"7%"
"Washington","Asotin",4233,7259,NA,11795,-3026,"0%"
"Washington","Benton",38293,60045,NA,101529,-21752,"0%"
"Washington","Chelan",19005,22476,NA,42387,-3471,"0%"
"Washington","Clallam",24532,22912,NA,48658,1620,"0%"
"Washington","Clark",140070,126047,NA,272916,14023,"0%"
"Washington","Columbia",644,1699,NA,2397,-1055,"8%"
"Washington","Cowlitz",23830,34235,NA,59658,-10405,"0%"
"Washington","Douglas",7787,12908,NA,21110,-5121,"0%"
"Washington","Ferry",1465,2735,NA,4292,-1270,"0%"
"Washington","Franklin",13148,17849,NA,31833,-4701,"0%"
"Washington","Garfield",362,1062,NA,1470,-700,"0%"
"Washington","Grant",11674,24594,NA,37145,-12920,"0%"
"Washington","Grays Harbor",17172,19590,NA,37763,-2418,"0%"
"Washington","Island",29003,22535,NA,53089,6468,"0%"
"Washington","Jefferson",17067,6786,NA,24352,10281,"0%"
"Washington","King",904132,267523,NA,1197363,636609,"0%"
"Washington","Kitsap",89928,61326,NA,156994,28602,"0%"
"Washington","Kittitas",11004,13778,797,25579,-2774,"0%"
"Washington","Klickitat",5752,7009,NA,13029,-1257,"0%"
"Washington","Lewis",14462,29318,NA,44935,-14856,"0%"
"Washington","Lincoln",1694,5095,NA,6916,-3401,"0%"
"Washington","Mason",16999,18342,NA,36432,-1343,"0%"
"Washington","Okanogan",8621,11544,NA,20561,-2923,"0%"
"Washington","Pacific",6776,6930,NA,13973,-154,"0%"
"Washington","Pend Oreille",2578,5655,NA,8422,-3077,"0%"
"Washington","Pierce",248888,197160,NA,459457,51728,"0%"
"Washington","San Juan",9606,2994,NA,12896,6612,"0%"
"Washington","Skagit",35741,30389,NA,67856,5352,"0%"
"Washington","Skamania",3100,3783,NA,7066,-683,"0%"
"Washington","Snohomish",255340,165404,NA,433042,89936,"0%"
"Washington","Spokane",134884,147635,NA,291366,-12751,"0%"
"Washington","Stevens",7451,18576,NA,26589,-11125,"0%"
"Washington","Thurston",95079,64059,NA,164061,31020,"0%"
"Washington","Wahkiakum",1150,1711,NA,2924,-561,"0%"
"Washington","Walla Walla",12606,14688,NA,28108,-2082,"4%"
"Washington","Whatcom",83342,50311,NA,137129,33031,"0%"
"Washington","Whitman",10106,8273,NA,19001,1833,"5%"
"Washington","Yakima",42830,50203,NA,94993,-7373,"0%"
"Wisconsin","Adams",4329,7362,127,11818,-3033,"0%"
"Wisconsin","Ashland",4801,3841,115,8757,960,"0%"
"Wisconsin","Barron",9194,15803,349,25346,-6609,"0%"
"Wisconsin","Bayfield",6147,4617,116,10880,1530,"0%"
"Wisconsin","Brown",65509,75865,2637,144011,-10356,"0%"
"Wisconsin","Buffalo",2860,4834,122,7816,-1974,"0%"
"Wisconsin","Burnett",3569,6462,110,10141,-2893,"0%"
"Wisconsin","Calumet",12116,18156,502,30774,-6040,"0%"
"Wisconsin","Chippewa",14001,21316,628,35945,-7315,"0%"
"Wisconsin","Clark",4524,10002,372,14898,-5478,"0%"
"Wisconsin","Columbia",16410,16927,532,33869,-517,"0%"
"Wisconsin","Crawford",3953,4620,122,8695,-667,"0%"
"Wisconsin","Dane",260157,78789,5799,344745,181368,"0%"
"Wisconsin","Dodge",16356,31355,725,48436,-14999,"0%"
"Wisconsin","Door",10044,9752,321,20117,292,"0%"
"Wisconsin","Douglas",13218,10923,536,24677,2295,"0%"
"Wisconsin","Dunn",9897,13173,454,23524,-3276,"0%"
"Wisconsin","Eau Claire",31620,25341,1314,58275,6279,"0%"
"Wisconsin","Florence",781,2133,26,2940,-1352,"0%"
"Wisconsin","Fond du Lac",20588,35754,909,57251,-15166,"0%"
"Wisconsin","Forest",1722,3287,43,5052,-1565,"0%"
"Wisconsin","Grant",10998,14142,468,25608,-3144,"0%"
"Wisconsin","Green",10851,10169,386,21406,682,"0%"
"Wisconsin","Green Lake",3344,7168,159,10671,-3824,"0%"
"Wisconsin","Iowa",7828,5909,255,13992,1919,"0%"
"Wisconsin","Iron",1533,2438,39,4010,-905,"0%"
"Wisconsin","Jackson",4256,5791,137,10184,-1535,"0%"
"Wisconsin","Jefferson",19904,27209,854,47967,-7305,"0%"
"Wisconsin","Juneau",4747,8749,206,13702,-4002,"0%"
"Wisconsin","Kenosha",42191,44972,1528,88691,-2781,"0%"
"Wisconsin","Kewaunee",3976,7927,192,12095,-3951,"0%"
"Wisconsin","La Crosse",37846,28684,1354,67884,9162,"0%"
"Wisconsin","Lafayette",3647,4821,87,8555,-1174,"0%"
"Wisconsin","Langlade",3704,7330,131,11165,-3626,"0%"
"Wisconsin","Lincoln",6261,10017,219,16497,-3756,"0%"
"Wisconsin","Manitowoc",16818,27218,793,44829,-10400,"0%"
"Wisconsin","Marathon",30808,44624,1319,76751,-13816,"0%"
"Wisconsin","Marinette",7366,15304,309,22979,-7938,"0%"
"Wisconsin","Marquette",3239,5719,107,9065,-2480,"0%"
"Wisconsin","Menominee",1303,278,9,1590,1025,"0%"
"Wisconsin","Milwaukee",317251,134355,7329,458935,182896,"0%"
"Wisconsin","Monroe",8432,13775,357,22564,-5343,"0%"
"Wisconsin","Oconto",6715,16226,274,23215,-9511,"0%"
"Wisconsin","Oneida",10105,13671,383,24159,-3566,"0%"
"Wisconsin","Outagamie",47667,58385,1970,108022,-10718,"0%"
"Wisconsin","Ozaukee",26517,33912,1057,61486,-7395,"0%"
"Wisconsin","Pepin",1489,2584,71,4144,-1095,"0%"
"Wisconsin","Pierce",9839,12903,716,23458,-3064,"0%"
"Wisconsin","Polk",9370,16611,390,26371,-7241,"0%"
"Wisconsin","Portage",20428,19299,876,40603,1129,"0%"
"Wisconsin","Price",3032,5394,120,8546,-2362,"0%"
"Wisconsin","Racine",50159,54479,1813,106451,-4320,"0%"
"Wisconsin","Richland",3995,4871,148,9014,-876,"0%"
"Wisconsin","Rock",46649,37133,1566,85348,9516,"0%"
"Wisconsin","Rusk",2517,5257,112,7886,-2740,"0%"
"Wisconsin","Sauk",18108,17493,602,36203,615,"0%"
"Wisconsin","Sawyer",4494,5883,102,10479,-1389,"0%"
"Wisconsin","Shawano",7131,15173,303,22607,-8042,"0%"
"Wisconsin","Sheboygan",27101,37609,1293,66003,-10508,"0%"
"Wisconsin","St. Croix",23190,32199,1318,56707,-9009,"0%"
"Wisconsin","Taylor",2693,7656,336,10685,-4963,"0%"
"Wisconsin","Trempealeau",6283,8828,245,15356,-2545,"0%"
"Wisconsin","Vernon",7457,8218,239,15914,-761,"0%"
"Wisconsin","Vilas",5903,9261,205,15369,-3358,"0%"
"Wisconsin","Walworth",22783,33844,961,57588,-11061,"0%"
"Wisconsin","Washburn",3867,6332,172,10371,-2465,"0%"
"Wisconsin","Washington",26650,60237,1183,88070,-33587,"0%"
"Wisconsin","Waukesha",103867,159633,4457,267957,-55766,"0%"
"Wisconsin","Waupaca",9703,18952,475,29130,-9249,"0%"
"Wisconsin","Waushara",4388,9016,164,13568,-4628,"0%"
"Wisconsin","Winnebago",44060,47796,2304,94160,-3736,"0%"
"Wisconsin","Wood",16360,24307,530,41197,-7947,"0%"
"West Virginia","Barbour",1457,5116,NA,6677,-3659,"0%"
"West Virginia","Berkeley",17186,33279,NA,51535,-16093,"0%"
"West Virginia","Boone",2041,6816,NA,9012,-4775,"0%"
"West Virginia","Braxton",1457,4120,NA,5664,-2663,"0%"
"West Virginia","Brooke",2947,7545,NA,10656,-4598,"0%"
"West Virginia","Cabell",14994,21721,NA,37360,-6727,"0%"
"West Virginia","Calhoun",568,2364,NA,2971,-1796,"0%"
"West Virginia","Clay",641,2679,NA,3365,-2038,"0%"
"West Virginia","Doddridge",435,2619,NA,3101,-2184,"1%"
"West Virginia","Fayette",5063,11580,NA,16862,-6517,"0%"
"West Virginia","Gilmer",599,2012,NA,2662,-1413,"5%"
"West Virginia","Grant",607,4871,NA,5509,-4264,"0%"
"West Virginia","Greenbrier",4655,10925,NA,15850,-6270,"0%"
"West Virginia","Hampshire",1939,8033,NA,10086,-6094,"0%"
"West Virginia","Hancock",3790,9806,NA,13800,-6016,"1%"
"West Virginia","Hardy",1381,4859,NA,6331,-3478,"0%"
"West Virginia","Harrison",9149,20581,645,30375,-11432,"1%"
"West Virginia","Jackson",3207,10093,NA,13508,-6886,"0%"
"West Virginia","Jefferson",12127,15033,NA,27703,-2906,"0%"
"West Virginia","Kanawha",34344,46398,NA,82244,-12054,"1%"
"West Virginia","Lewis",1538,5782,NA,7457,-4244,"2%"
"West Virginia","Lincoln",1711,6012,NA,7830,-4301,"0%"
"West Virginia","Logan",2333,10534,NA,13026,-8201,"4%"
"West Virginia","Marion",8901,16300,NA,25794,-7399,"0%"
"West Virginia","Marshall",3348,10137,NA,13666,-6789,"5%"
"West Virginia","Mason",2511,8422,216,11149,-5911,"0%"
"West Virginia","McDowell",1333,5148,NA,6527,-3815,"4%"
"West Virginia","Mercer",5556,19237,NA,25134,-13681,"0%"
"West Virginia","Mineral",2660,10040,NA,12872,-7380,"0%"
"West Virginia","Mingo",1385,8521,NA,9987,-7136,"5%"
"West Virginia","Monongalia",20282,20803,NA,42072,-521,"0%"
"West Virginia","Monroe",1345,5068,NA,6490,-3723,"0%"
"West Virginia","Morgan",1998,6537,NA,8695,-4539,"0%"
"West Virginia","Nicholas",2226,8279,NA,10630,-6053,"0%"
"West Virginia","Ohio",7223,12354,NA,19898,-5131,"0%"
"West Virginia","Pendleton",820,2782,NA,3659,-1962,"0%"
"West Virginia","Pleasants",699,2742,NA,3491,-2043,"0%"
"West Virginia","Pocahontas",1047,2895,NA,4008,-1848,"0%"
"West Virginia","Preston",3163,11190,NA,14572,-8027,"1%"
"West Virginia","Putnam",7878,20034,NA,28501,-12156,"0%"
"West Virginia","Raleigh",7841,24297,502,32640,-16456,"0%"
"West Virginia","Randolph",3362,8673,NA,12200,-5311,"0%"
"West Virginia","Ritchie",586,3649,NA,4283,-3063,"4%"
"West Virginia","Roane",1455,4213,NA,5763,-2758,"0%"
"West Virginia","Summers",1448,4074,NA,5585,-2626,"0%"
"West Virginia","Taylor",1787,5439,NA,7334,-3652,"0%"
"West Virginia","Tucker",938,2841,NA,3844,-1903,"0%"
"West Virginia","Tyler",631,3226,NA,3922,-2595,"2%"
"West Virginia","Upshur",2256,7771,NA,10221,-5515,"0%"
"West Virginia","Wayne",3964,12462,309,16735,-8498,"0%"
"West Virginia","Webster",610,2759,NA,3402,-2149,"0%"
"West Virginia","Wetzel",1539,4993,NA,6667,-3454,"3%"
"West Virginia","Wirt",466,2134,NA,2653,-1668,"0%"
"West Virginia","Wood",10816,26963,624,38403,-16147,"0%"
"West Virginia","Wyoming",1157,7353,NA,8592,-6196,"0%"
"Wyoming","Albany",9092,8579,946,18617,513,"0%"
"Wyoming","Big Horn",788,4806,158,5752,-4018,"0%"
"Wyoming","Campbell",1935,16975,656,19566,-15040,"0%"
"Wyoming","Carbon",1427,5014,223,6664,-3587,"0%"
"Wyoming","Converse",861,5917,192,6970,-5056,"0%"
"Wyoming","Crook",378,3651,90,4119,-3273,"0%"
"Wyoming","Fremont",5519,12007,585,18111,-6488,"0%"
"Wyoming","Goshen",1203,4878,160,6241,-3675,"0%"
"Wyoming","Hot Springs",482,1999,96,2577,-1517,"0%"
"Wyoming","Johnson",897,3881,136,4914,-2984,"0%"
"Wyoming","Laramie",15217,27891,1874,44982,-12674,"0%"
"Wyoming","Lincoln",1509,8643,316,10468,-7134,"0%"
"Wyoming","Natrona",8530,25271,1401,35202,-16741,"0%"
"Wyoming","Niobrara",155,1118,35,1308,-963,"0%"
"Wyoming","Park",3410,12813,494,16717,-9403,"0%"
"Wyoming","Platte",890,3898,135,4923,-3008,"0%"
"Wyoming","Sheridan",4043,11843,542,16428,-7800,"0%"
"Wyoming","Sublette",882,3957,131,4970,-3075,"0%"
"Wyoming","Sweetwater",3823,12229,551,16603,-8406,"0%"
"Wyoming","Teton",9848,4341,488,14677,5507,"0%"
"Wyoming","Uinta",1591,7496,315,9402,-5905,"0%"
"Wyoming","Washakie",651,3245,116,4012,-2594,"0%"
"Wyoming","Weston",360,3107,75,3542,-2747,"0%"
